3.9651,0.1723,1.7775,3.9761,0.058519,1.7836,4.0912,0.11786,1.5924,3.8305,0.08213,1.6174,3.8843,0.099183,1.7479,4.1524,0.019176,1.4715,3.7733,0.03107,1.5175,3.8472,0.14189,0.072213,3.916,-0.12716,0.068733,4.151,0.16967,0.071543,4.0629,-0.11771,0.049038
3.965,0.17245,1.7774,3.9761,0.05854,1.784,4.091,0.11792,1.5924,3.8303,0.082216,1.6174,3.8842,0.099272,1.7479,4.1522,0.019221,1.4715,3.7731,0.031115,1.5175,3.8472,0.14188,0.072193,3.916,-0.12716,0.068735,4.151,0.16969,0.071534,4.0629,-0.11771,0.049046
3.9648,0.17256,1.7775,3.9759,0.058629,1.784,4.0908,0.11804,1.5923,3.8302,0.082445,1.6173,3.884,0.099367,1.748,4.152,0.01926,1.4715,3.7729,0.031163,1.5175,3.8472,0.14189,0.072219,3.916,-0.12716,0.068741,4.151,0.16969,0.071553,4.0629,-0.1177,0.049062
3.9645,0.17268,1.7774,3.9757,0.058724,1.784,4.0906,0.11811,1.5923,3.83,0.082551,1.6172,3.8837,0.099427,1.7479,4.1518,0.019288,1.4715,3.7727,0.031209,1.5175,3.8472,0.14191,0.072194,3.916,-0.12715,0.068742,4.151,0.16969,0.071554,4.0629,-0.1177,0.049061
3.9643,0.17282,1.7774,3.9755,0.05882,1.784,4.0903,0.11816,1.5923,3.8298,0.08269,1.6172,3.8835,0.099474,1.7479,4.1516,0.019314,1.4715,3.7723,0.031064,1.5177,3.8473,0.1418,0.072162,3.916,-0.12716,0.068746,4.151,0.16971,0.071559,4.0629,-0.11771,0.049056
3.9641,0.1729,1.7773,3.9753,0.058925,1.784,4.0901,0.11822,1.5923,3.8296,0.082777,1.6172,3.8833,0.099565,1.7479,4.1514,0.019342,1.4714,3.7721,0.031062,1.5177,3.8473,0.1419,0.072184,3.916,-0.12716,0.068737,4.151,0.16969,0.071561,4.0629,-0.1177,0.049073
3.9639,0.17301,1.7773,3.9751,0.059018,1.7839,4.0901,0.11749,1.5927,3.8294,0.082926,1.6172,3.8831,0.099638,1.7478,4.1512,0.019348,1.4714,3.7719,0.031159,1.5177,3.8472,0.14191,0.072188,3.916,-0.12717,0.068738,4.151,0.16969,0.071579,4.0629,-0.11769,0.049073
3.9638,0.17311,1.7773,3.9749,0.05914,1.7839,4.0897,0.11839,1.5922,3.8292,0.082953,1.6171,3.8829,0.099722,1.7478,4.151,0.01935,1.4714,3.7717,0.031185,1.5178,3.8473,0.14179,0.072156,3.916,-0.12716,0.068743,4.151,0.16968,0.071586,4.0629,-0.11769,0.049089
3.9636,0.17323,1.7772,3.9748,0.059233,1.7839,4.0895,0.11847,1.5921,3.829,0.083036,1.6171,3.8827,0.0998,1.7478,4.1508,0.01933,1.4714,3.7715,0.031221,1.5178,3.8472,0.14189,0.072208,3.916,-0.12716,0.068741,4.151,0.16971,0.071584,4.0629,-0.11769,0.049081
3.9635,0.17338,1.7771,3.9746,0.059327,1.7839,4.0893,0.11861,1.592,3.8289,0.083054,1.6171,3.8821,0.099721,1.748,4.1505,0.019322,1.4713,3.7713,0.031258,1.5178,3.8472,0.14191,0.072188,3.916,-0.12716,0.068737,4.151,0.1697,0.071591,4.0628,-0.11769,0.049081
3.9633,0.17344,1.7771,3.9744,0.059416,1.7839,4.0891,0.11865,1.5919,3.8286,0.083036,1.6172,3.8821,0.099848,1.748,4.1503,0.019347,1.4714,3.7711,0.031298,1.5178,3.8472,0.1419,0.072167,3.916,-0.12717,0.068737,4.1509,0.16972,0.071574,4.0628,-0.11769,0.049076
3.9631,0.17353,1.7771,3.9742,0.059496,1.7839,4.0889,0.11866,1.5919,3.8284,0.083028,1.6172,3.8817,0.099904,1.7481,4.1501,0.019307,1.4714,3.7708,0.031316,1.5178,3.8472,0.14188,0.072219,3.916,-0.12717,0.068719,4.1509,0.16972,0.071594,4.0628,-0.11769,0.049091
3.9629,0.17357,1.777,3.9741,0.059587,1.7839,4.0887,0.1187,1.5919,3.8282,0.083047,1.6172,3.8817,0.099996,1.748,4.1499,0.019314,1.4714,3.7706,0.031345,1.5178,3.8472,0.14187,0.072224,3.916,-0.12717,0.068723,4.1509,0.16972,0.07159,4.0628,-0.11768,0.049099
3.9627,0.17362,1.777,3.9738,0.05966,1.7839,4.0885,0.11868,1.5919,3.828,0.083034,1.6173,3.8815,0.10009,1.748,4.1497,0.01933,1.4715,3.7705,0.031349,1.5178,3.8473,0.1419,0.072173,3.916,-0.12717,0.068718,4.1509,0.16973,0.07161,4.0628,-0.11769,0.049091
3.9625,0.1737,1.777,3.9736,0.059725,1.7839,4.0884,0.11857,1.5919,3.8278,0.083044,1.6173,3.8813,0.10018,1.748,4.1495,0.019309,1.4715,3.7703,0.031414,1.5177,3.8472,0.14189,0.072177,3.916,-0.12718,0.068717,4.1509,0.16972,0.071596,4.0628,-0.11767,0.049093
3.9627,0.17387,1.7768,3.9733,0.059786,1.784,4.0882,0.11849,1.592,3.8276,0.083122,1.6172,3.8811,0.10026,1.7479,4.1493,0.0193,1.4716,3.7701,0.031444,1.5177,3.8472,0.14187,0.072213,3.916,-0.12718,0.068705,4.1509,0.16972,0.07159,4.0628,-0.11768,0.049093
3.9621,0.17382,1.7763,3.9731,0.059797,1.784,4.0881,0.11837,1.5921,3.8274,0.083166,1.6172,3.8809,0.10031,1.7479,4.1491,0.019284,1.4716,3.7699,0.031499,1.5177,3.8473,0.14179,0.072183,3.916,-0.12717,0.068703,4.1509,0.16974,0.071602,4.0628,-0.11768,0.049105
3.9619,0.17383,1.7763,3.9727,0.059803,1.7841,4.0879,0.11837,1.5921,3.8272,0.083274,1.6172,3.8806,0.10039,1.7479,4.1489,0.019237,1.4717,3.7697,0.031605,1.5177,3.8472,0.14189,0.072179,3.916,-0.12718,0.068703,4.1509,0.16972,0.071619,4.0628,-0.11769,0.049124
3.9617,0.17387,1.7763,3.9722,0.059842,1.7838,4.0877,0.11845,1.5921,3.827,0.083323,1.6171,3.8803,0.10043,1.7479,4.1487,0.0192,1.4717,3.7695,0.0317,1.5176,3.8472,0.14186,0.072229,3.916,-0.12718,0.068683,4.1509,0.16974,0.071631,4.0628,-0.11769,0.049126
3.9615,0.17389,1.7763,3.9722,0.059884,1.7837,4.0875,0.11843,1.5922,3.8268,0.083458,1.6171,3.8802,0.10048,1.7479,4.1485,0.019121,1.4717,3.7693,0.031801,1.5176,3.8473,0.14177,0.072181,3.916,-0.12718,0.068686,4.1509,0.16972,0.071624,4.0628,-0.11767,0.049108
3.9616,0.17392,1.7768,3.9719,0.059874,1.7837,4.0873,0.11839,1.5922,3.8266,0.083557,1.617,3.8799,0.10053,1.7479,4.1483,0.019029,1.4718,3.7691,0.031867,1.5176,3.8472,0.14183,0.072259,3.916,-0.12719,0.068677,4.1509,0.16973,0.071612,4.0628,-0.11767,0.049106
3.9614,0.17396,1.7769,3.9714,0.059861,1.7839,4.0872,0.11834,1.5923,3.8263,0.083528,1.617,3.8797,0.10056,1.7479,4.1481,0.019043,1.4718,3.7689,0.031961,1.5176,3.8471,0.14183,0.072273,3.916,-0.12718,0.068673,4.1508,0.16976,0.071645,4.0628,-0.11767,0.049099
3.9612,0.17395,1.7769,3.9713,0.0599,1.7836,4.0871,0.11824,1.5924,3.8261,0.083639,1.6169,3.8795,0.10062,1.7479,4.148,0.019024,1.4718,3.7687,0.032069,1.5175,3.8473,0.14176,0.072201,3.916,-0.1272,0.068675,4.1508,0.16973,0.07166,4.0628,-0.11767,0.049121
3.961,0.17395,1.777,3.9711,0.059928,1.7836,4.0869,0.11817,1.5924,3.826,0.083776,1.6169,3.8793,0.10069,1.7479,4.1478,0.019043,1.4718,3.7685,0.032119,1.5175,3.8471,0.14184,0.072273,3.916,-0.12721,0.068682,4.1509,0.16974,0.071645,4.0628,-0.11767,0.049128
3.9609,0.174,1.7769,3.971,0.059956,1.7836,4.0868,0.11815,1.5925,3.8258,0.083855,1.6169,3.879,0.10072,1.7479,4.1476,0.019007,1.4718,3.7683,0.032224,1.5175,3.8472,0.14185,0.072223,3.916,-0.1272,0.068656,4.1509,0.16973,0.071648,4.0627,-0.11768,0.049116
3.9607,0.17401,1.777,3.9708,0.060011,1.7836,4.0867,0.11817,1.5925,3.8257,0.083958,1.6169,3.8788,0.10077,1.7479,4.1475,0.01905,1.4718,3.7682,0.032327,1.5175,3.8472,0.14184,0.072235,3.916,-0.1272,0.068659,4.1508,0.16973,0.071669,4.0628,-0.11768,0.049133
3.9606,0.17402,1.777,3.9706,0.060046,1.7836,4.0865,0.1183,1.5924,3.8255,0.084067,1.6168,3.8787,0.10086,1.7479,4.1473,0.019059,1.4718,3.768,0.032419,1.5174,3.8473,0.14172,0.072249,3.916,-0.1272,0.068655,4.1508,0.16974,0.071668,4.0628,-0.11767,0.049138
3.9604,0.17408,1.7769,3.9705,0.060133,1.7836,4.0863,0.11838,1.5924,3.8254,0.084193,1.6168,3.8786,0.10094,1.7479,4.1472,0.019094,1.4718,3.7679,0.03252,1.5174,3.8473,0.14172,0.072239,3.916,-0.1272,0.068657,4.1508,0.16976,0.07165,4.0628,-0.11768,0.049138
3.9603,0.17416,1.7769,3.9703,0.060196,1.7836,4.0861,0.11848,1.5924,3.8253,0.084279,1.6168,3.8784,0.10104,1.7479,4.147,0.019105,1.4718,3.7677,0.032624,1.5174,3.8473,0.14172,0.072211,3.916,-0.12721,0.06867,4.1508,0.16974,0.07167,4.0628,-0.11766,0.049133
3.9601,0.17418,1.7769,3.9702,0.060305,1.7836,4.086,0.11865,1.5923,3.8251,0.08438,1.6168,3.8783,0.10113,1.7478,4.1469,0.019109,1.4718,3.7676,0.032725,1.5174,3.8472,0.14183,0.072257,3.916,-0.1272,0.06866,4.1508,0.16975,0.071678,4.0627,-0.11766,0.049128
3.96,0.17426,1.7769,3.9701,0.060414,1.7836,4.0858,0.11875,1.5923,3.825,0.084441,1.6169,3.8781,0.10125,1.7478,4.1467,0.019154,1.4718,3.7674,0.032838,1.5173,3.8472,0.14184,0.072245,3.916,-0.12721,0.068649,4.1508,0.16975,0.071684,4.0627,-0.11766,0.049132
3.9596,0.17424,1.7771,3.97,0.060513,1.7836,4.0857,0.11884,1.5923,3.8248,0.084598,1.6168,3.878,0.10138,1.7477,4.1466,0.019174,1.4719,3.7673,0.032974,1.5174,3.8473,0.14171,0.072254,3.916,-0.12721,0.068652,4.1508,0.16977,0.071688,4.0627,-0.11766,0.04913
3.9595,0.17438,1.7771,3.9698,0.060648,1.7835,4.0855,0.11894,1.5922,3.8247,0.084696,1.6168,3.8779,0.10153,1.7478,4.1464,0.0192,1.4719,3.7671,0.033093,1.5174,3.8472,0.14183,0.072249,3.916,-0.1272,0.068666,4.1508,0.16977,0.071675,4.0627,-0.11766,0.049135
3.9594,0.17452,1.7771,3.9697,0.060765,1.7836,4.0854,0.11906,1.5922,3.8246,0.08483,1.6168,3.8778,0.10168,1.7477,4.1463,0.01926,1.4718,3.767,0.0332,1.5174,3.8472,0.14184,0.072225,3.916,-0.1272,0.068659,4.1508,0.16976,0.071694,4.0627,-0.11767,0.049152
3.9593,0.17465,1.777,3.9698,0.060845,1.784,4.0853,0.11918,1.5922,3.8245,0.084988,1.6168,3.8777,0.10182,1.7477,4.1462,0.019287,1.4718,3.7668,0.033378,1.5174,3.8471,0.14183,0.072248,3.916,-0.1272,0.068662,4.1508,0.16977,0.071704,4.0627,-0.11767,0.049157
3.9593,0.17479,1.777,3.9696,0.060981,1.784,4.0851,0.11934,1.5921,3.8244,0.085133,1.6168,3.8776,0.102,1.7477,4.1461,0.019347,1.4718,3.7667,0.033493,1.5174,3.8472,0.14183,0.072249,3.916,-0.1272,0.068662,4.1507,0.16976,0.071706,4.0627,-0.11766,0.049141
3.9591,0.17494,1.777,3.9695,0.061104,1.7839,4.085,0.11945,1.5921,3.8243,0.085255,1.6168,3.8775,0.10216,1.7477,4.146,0.019391,1.4718,3.7666,0.033608,1.5174,3.8473,0.14171,0.072213,3.916,-0.1272,0.068689,4.1507,0.16976,0.071701,4.0627,-0.11766,0.049144
3.959,0.17506,1.7769,3.9694,0.061277,1.7839,4.0849,0.11956,1.5921,3.8242,0.085347,1.6168,3.8774,0.10231,1.7477,4.1459,0.019439,1.4718,3.7666,0.033753,1.5174,3.8472,0.14182,0.072218,3.916,-0.12719,0.068674,4.1507,0.16978,0.071724,4.0627,-0.11767,0.049176
3.959,0.17522,1.7769,3.9693,0.061459,1.7839,4.0849,0.11961,1.5921,3.8241,0.085535,1.6167,3.8773,0.10248,1.7476,4.1458,0.019516,1.4718,3.7665,0.033912,1.5174,3.8471,0.14184,0.07222,3.916,-0.12719,0.068702,4.1507,0.16977,0.071748,4.0627,-0.11766,0.049165
3.9589,0.17539,1.7769,3.9692,0.061617,1.7839,4.0848,0.11966,1.5921,3.824,0.085671,1.6167,3.8773,0.10265,1.7476,4.1457,0.019559,1.4718,3.7664,0.034046,1.5173,3.8471,0.14183,0.072231,3.916,-0.12718,0.068701,4.1507,0.16976,0.071726,4.0627,-0.11766,0.049169
3.9588,0.17558,1.7768,3.9692,0.061764,1.7839,4.0847,0.1198,1.592,3.824,0.085895,1.6167,3.8772,0.10279,1.7476,4.1456,0.019623,1.4718,3.7663,0.03416,1.5174,3.8471,0.14184,0.07221,3.916,-0.12718,0.068694,4.1507,0.16979,0.071731,4.0627,-0.11766,0.049172
3.9588,0.17572,1.7767,3.9689,0.062017,1.7834,4.0846,0.11984,1.592,3.8239,0.086061,1.6166,3.8771,0.10298,1.7476,4.1455,0.019672,1.4718,3.7662,0.034272,1.5173,3.8471,0.14184,0.072205,3.916,-0.12718,0.06871,4.1507,0.16978,0.071714,4.0627,-0.11765,0.049164
3.9588,0.17591,1.7767,3.9688,0.062177,1.7834,4.0846,0.11994,1.592,3.8239,0.086271,1.6166,3.8771,0.10312,1.7475,4.1455,0.019758,1.4718,3.7661,0.034388,1.5173,3.8472,0.14186,0.072189,3.916,-0.12717,0.068717,4.1507,0.16978,0.071741,4.0627,-0.11765,0.049184
3.9588,0.17607,1.7767,3.9687,0.062316,1.7833,4.0845,0.12006,1.5919,3.8238,0.086428,1.6165,3.877,0.1033,1.7475,4.1454,0.019804,1.4718,3.766,0.03453,1.5173,3.8472,0.14185,0.072178,3.916,-0.12717,0.06871,4.1507,0.16977,0.071732,4.0627,-0.11765,0.04917
3.9588,0.17619,1.7767,3.9686,0.062479,1.7833,4.0844,0.12012,1.5919,3.8238,0.086613,1.6165,3.8769,0.10342,1.7475,4.1453,0.019906,1.4718,3.7659,0.034653,1.5173,3.8471,0.14185,0.072204,3.916,-0.12717,0.068716,4.1507,0.1698,0.071733,4.0626,-0.11765,0.049161
3.9588,0.17635,1.7767,3.9686,0.062606,1.7833,4.0844,0.1202,1.5919,3.8237,0.086769,1.6165,3.8769,0.1036,1.7475,4.1453,0.020013,1.4718,3.7659,0.034799,1.5173,3.8471,0.14185,0.072187,3.916,-0.12717,0.06875,4.1507,0.16977,0.071739,4.0627,-0.11764,0.049165
3.9587,0.17643,1.7767,3.9685,0.06274,1.7833,4.0843,0.12027,1.5919,3.8236,0.086913,1.6165,3.8769,0.10372,1.7475,4.1452,0.020109,1.4718,3.7658,0.034962,1.5172,3.8471,0.14187,0.072176,3.916,-0.12716,0.068745,4.1507,0.16978,0.071747,4.0627,-0.11766,0.049183
3.9586,0.17658,1.7767,3.9685,0.062857,1.7833,4.0843,0.12041,1.5918,3.8236,0.087063,1.6165,3.8768,0.10385,1.7475,4.1451,0.020255,1.4718,3.7657,0.035062,1.5173,3.8471,0.14187,0.072158,3.916,-0.12717,0.068759,4.1507,0.1698,0.071732,4.0626,-0.11766,0.049192
3.9586,0.1767,1.7767,3.9684,0.062978,1.7833,4.0843,0.12041,1.5918,3.8235,0.087175,1.6165,3.8768,0.10398,1.7475,4.1451,0.020409,1.4717,3.7657,0.035216,1.5172,3.8471,0.14186,0.072166,3.916,-0.12717,0.068762,4.1507,0.16979,0.07172,4.0626,-0.11765,0.049181
3.9586,0.17677,1.7767,3.9684,0.06307,1.7833,4.0842,0.12049,1.5918,3.8235,0.087308,1.6165,3.8768,0.10409,1.7475,4.145,0.020585,1.4718,3.7656,0.035364,1.5172,3.8472,0.14189,0.072147,3.916,-0.12716,0.068767,4.1507,0.16979,0.071752,4.0626,-0.11765,0.049181
3.9586,0.17684,1.7767,3.9684,0.063158,1.7833,4.0842,0.12057,1.5918,3.8234,0.087412,1.6165,3.8768,0.10422,1.7476,4.1449,0.020775,1.4717,3.7656,0.035494,1.5172,3.8471,0.14187,0.072134,3.916,-0.12715,0.068784,4.1507,0.1698,0.071734,4.0626,-0.11765,0.0492
3.9586,0.17696,1.7767,3.9684,0.063233,1.7833,4.0842,0.12063,1.5918,3.8234,0.087535,1.6165,3.8768,0.1043,1.7476,4.1449,0.020946,1.4717,3.7656,0.035607,1.5172,3.8471,0.14188,0.072147,3.916,-0.12714,0.068775,4.1507,0.1698,0.071744,4.0627,-0.11764,0.049181
3.9587,0.17702,1.7767,3.9684,0.063307,1.7833,4.0842,0.12074,1.5917,3.8233,0.087768,1.6165,3.8766,0.10434,1.7476,4.1448,0.021149,1.4717,3.7655,0.035769,1.5173,3.8472,0.14189,0.072112,3.916,-0.12714,0.068788,4.1507,0.16979,0.071727,4.0626,-0.11765,0.049199
3.9586,0.17711,1.7767,3.9684,0.063372,1.7833,4.0841,0.12082,1.5917,3.8233,0.08792,1.6166,3.8767,0.10448,1.7476,4.1448,0.021334,1.4717,3.7655,0.035899,1.5172,3.8472,0.1419,0.072096,3.916,-0.12715,0.068803,4.1507,0.16979,0.071757,4.0626,-0.11765,0.04919
3.9587,0.17718,1.7768,3.9684,0.063445,1.7832,4.0841,0.12089,1.5918,3.8233,0.088097,1.6166,3.8767,0.10461,1.7476,4.1447,0.021503,1.4717,3.7654,0.036032,1.5173,3.8471,0.14192,0.072089,3.916,-0.12715,0.068816,4.1506,0.1698,0.071745,4.0626,-0.11764,0.049199
3.9586,0.17729,1.7768,3.9684,0.063525,1.7832,4.0841,0.12098,1.5918,3.8232,0.088257,1.6167,3.8766,0.10463,1.7477,4.1447,0.02169,1.4717,3.7654,0.036178,1.5173,3.8471,0.14191,0.0721,3.916,-0.12715,0.068823,4.1507,0.1698,0.071743,4.0626,-0.11765,0.049197
3.9586,0.17738,1.7768,3.9684,0.063608,1.7832,4.0841,0.12109,1.5918,3.8232,0.088363,1.6167,3.8767,0.10482,1.7476,4.1446,0.021851,1.4717,3.7653,0.036283,1.5173,3.8471,0.14192,0.072073,3.916,-0.12714,0.068828,4.1507,0.1698,0.071735,4.0626,-0.11762,0.049181
3.9585,0.17748,1.7768,3.9684,0.063689,1.7832,4.0841,0.12123,1.5918,3.8232,0.088494,1.6167,3.8765,0.10486,1.7477,4.1446,0.022011,1.4717,3.7653,0.036426,1.5173,3.8472,0.14194,0.072034,3.9159,-0.12713,0.068847,4.1507,0.1698,0.071726,4.0626,-0.11762,0.049191
3.9585,0.17758,1.7768,3.9684,0.06382,1.7832,4.0841,0.12133,1.5918,3.8232,0.088627,1.6167,3.8766,0.10505,1.7476,4.1446,0.022126,1.4716,3.7653,0.036502,1.5173,3.8472,0.14195,0.072033,3.9159,-0.12712,0.068842,4.1507,0.16979,0.071737,4.0626,-0.11764,0.04921
3.9585,0.1777,1.7769,3.9684,0.063953,1.7832,4.0841,0.12147,1.5918,3.8232,0.088789,1.6167,3.8765,0.10512,1.7477,4.1445,0.022273,1.4716,3.7652,0.036622,1.5173,3.8471,0.14193,0.072045,3.916,-0.12712,0.068849,4.1507,0.1698,0.071737,4.0626,-0.11764,0.049206
3.9584,0.17784,1.7769,3.9684,0.064104,1.7832,4.0841,0.12156,1.5919,3.8231,0.088906,1.6167,3.8766,0.1053,1.7476,4.1445,0.022402,1.4716,3.7652,0.036719,1.5173,3.8471,0.14195,0.072061,3.9159,-0.12712,0.068841,4.1507,0.16979,0.071743,4.0626,-0.11763,0.049202
3.9584,0.17802,1.7769,3.9684,0.064276,1.7832,4.0841,0.12168,1.5919,3.8231,0.089015,1.6167,3.8764,0.1054,1.7477,4.1445,0.02256,1.4716,3.7652,0.036789,1.5174,3.8471,0.14193,0.072083,3.9159,-0.12713,0.068876,4.1507,0.1698,0.071739,4.0626,-0.11764,0.049202
3.9585,0.17823,1.7768,3.9683,0.06446,1.7832,4.0841,0.12175,1.5919,3.8231,0.089106,1.6167,3.8766,0.10562,1.7476,4.1445,0.022699,1.4716,3.7652,0.036905,1.5174,3.8471,0.14194,0.07203,3.916,-0.12712,0.068853,4.1507,0.16981,0.071728,4.0626,-0.11763,0.049196
3.9584,0.17844,1.7768,3.9683,0.064645,1.7832,4.084,0.12197,1.5919,3.823,0.089213,1.6167,3.8765,0.10576,1.7476,4.1444,0.022853,1.4716,3.7652,0.036985,1.5174,3.8471,0.14194,0.072042,3.916,-0.12712,0.068849,4.1507,0.16982,0.071699,4.0626,-0.11763,0.049183
3.9582,0.17856,1.7768,3.9683,0.064863,1.7832,4.084,0.12221,1.5919,3.823,0.089305,1.6168,3.8763,0.10583,1.7477,4.1444,0.023001,1.4716,3.7652,0.037098,1.5174,3.8472,0.14196,0.072042,3.916,-0.12713,0.068851,4.1507,0.16979,0.071726,4.0626,-0.11763,0.049164
3.9582,0.17876,1.7768,3.9683,0.065053,1.7832,4.0839,0.1225,1.5918,3.823,0.089424,1.6168,3.8763,0.10598,1.7477,4.1444,0.023126,1.4716,3.7652,0.037199,1.5174,3.8472,0.14197,0.072038,3.916,-0.12713,0.068859,4.1507,0.16979,0.071705,4.0626,-0.11765,0.049181
3.9582,0.17894,1.7768,3.9685,0.065137,1.7836,4.0838,0.12273,1.5918,3.823,0.089609,1.6168,3.8765,0.10618,1.7476,4.1444,0.023286,1.4716,3.7652,0.03734,1.5174,3.8472,0.14196,0.07204,3.916,-0.12712,0.068856,4.1507,0.1698,0.071719,4.0626,-0.11766,0.049157
3.9583,0.17924,1.7767,3.9685,0.065329,1.7838,4.0837,0.12304,1.5918,3.823,0.089744,1.6167,3.8764,0.10635,1.7477,4.1444,0.02345,1.4716,3.7651,0.03746,1.5174,3.8471,0.14195,0.072084,3.916,-0.12713,0.068869,4.1507,0.16979,0.071725,4.0626,-0.11765,0.049173
3.9582,0.17942,1.7767,3.9685,0.065511,1.7838,4.0837,0.12329,1.5917,3.8229,0.089862,1.6167,3.8764,0.10652,1.7476,4.1444,0.0236,1.4717,3.7651,0.037576,1.5174,3.8471,0.14196,0.072077,3.916,-0.12712,0.068864,4.1507,0.16976,0.071704,4.0627,-0.11764,0.049142
3.958,0.17954,1.7768,3.9685,0.065701,1.7837,4.0836,0.12354,1.5917,3.8229,0.090009,1.6167,3.8764,0.10672,1.7477,4.1443,0.023783,1.4717,3.7651,0.037694,1.5174,3.8471,0.14198,0.072082,3.916,-0.12712,0.068871,4.1507,0.16981,0.07169,4.0626,-0.11766,0.049153
3.958,0.17978,1.7767,3.9684,0.065905,1.7837,4.0835,0.1238,1.5917,3.8229,0.090182,1.6167,3.8763,0.10688,1.7477,4.1443,0.02398,1.4717,3.7651,0.037817,1.5174,3.8472,0.14197,0.072082,3.916,-0.12712,0.06887,4.1507,0.16978,0.071699,4.0627,-0.11765,0.049141
3.9579,0.17993,1.7768,3.9684,0.066085,1.7837,4.0834,0.12403,1.5917,3.8228,0.09031,1.6167,3.8763,0.10704,1.7477,4.1443,0.024196,1.4717,3.765,0.037935,1.5174,3.8471,0.14197,0.072116,3.916,-0.12712,0.068863,4.1507,0.1698,0.071658,4.0627,-0.11766,0.049138
3.9578,0.18012,1.7768,3.9683,0.066241,1.7837,4.0834,0.12415,1.5917,3.8228,0.090451,1.6167,3.8762,0.1072,1.7477,4.1442,0.024404,1.4718,3.765,0.038018,1.5173,3.8472,0.14199,0.072073,3.916,-0.12712,0.068873,4.1507,0.16978,0.071648,4.0627,-0.11765,0.049113
3.9577,0.18027,1.7767,3.9682,0.066426,1.7837,4.0834,0.12424,1.5918,3.8227,0.090547,1.6167,3.8761,0.10736,1.7476,4.1442,0.02466,1.4718,3.7649,0.038133,1.5173,3.8472,0.142,0.072099,3.916,-0.12712,0.068864,4.1507,0.16978,0.071647,4.0627,-0.11765,0.049096
3.9575,0.18053,1.7766,3.968,0.066632,1.7838,4.0833,0.12438,1.5918,3.8226,0.09067,1.6166,3.8762,0.10763,1.7474,4.1441,0.024841,1.4719,3.7648,0.038238,1.5172,3.8472,0.142,0.072114,3.916,-0.12712,0.068876,4.1508,0.16978,0.071645,4.0627,-0.11765,0.049116
3.9574,0.18075,1.7766,3.9679,0.066857,1.7839,4.0833,0.1245,1.5919,3.8225,0.090782,1.6166,3.8761,0.10779,1.7473,4.1441,0.025058,1.4719,3.7648,0.038319,1.5172,3.8472,0.14202,0.072096,3.916,-0.12712,0.068891,4.1508,0.16977,0.071631,4.0627,-0.11765,0.049103
3.9572,0.18101,1.7766,3.9678,0.067075,1.7839,4.0832,0.12468,1.5919,3.8224,0.090944,1.6165,3.8759,0.10797,1.7473,4.144,0.025231,1.4719,3.7647,0.038379,1.5171,3.8472,0.14202,0.072134,3.916,-0.12712,0.06888,4.1508,0.16977,0.071619,4.0627,-0.11765,0.049088
3.957,0.1813,1.7765,3.9674,0.067516,1.7834,4.0831,0.12483,1.5919,3.8222,0.091013,1.6165,3.8758,0.10817,1.7473,4.144,0.025468,1.4719,3.7646,0.03845,1.5171,3.8473,0.14203,0.072131,3.916,-0.12712,0.068882,4.1508,0.16977,0.071592,4.0627,-0.11766,0.049082
3.9568,0.1816,1.7763,3.9672,0.067808,1.7834,4.083,0.12497,1.592,3.8221,0.091179,1.6164,3.8756,0.10838,1.7472,4.1439,0.025647,1.472,3.7646,0.038515,1.517,3.8472,0.14202,0.072165,3.916,-0.12712,0.068875,4.1508,0.16975,0.071587,4.0627,-0.11766,0.049076
3.9564,0.18181,1.7764,3.9671,0.06812,1.7834,4.0829,0.1251,1.592,3.822,0.091281,1.6163,3.8754,0.10862,1.7471,4.1439,0.025862,1.472,3.7645,0.03855,1.5169,3.8474,0.14193,0.07212,3.916,-0.12713,0.068868,4.1508,0.16977,0.071555,4.0627,-0.11766,0.049073
3.9563,0.18213,1.7762,3.9669,0.068474,1.7834,4.0828,0.12518,1.5921,3.8218,0.0914,1.6163,3.8753,0.10888,1.7471,4.1438,0.02607,1.472,3.7645,0.038541,1.5169,3.8473,0.14203,0.072184,3.916,-0.12713,0.068872,4.1508,0.16978,0.071525,4.0627,-0.11767,0.049074
3.9561,0.18243,1.7761,3.9668,0.068808,1.7834,4.0827,0.1255,1.592,3.8219,0.091781,1.6159,3.8751,0.10915,1.747,4.1437,0.026287,1.472,3.7644,0.038574,1.5168,3.8473,0.14203,0.072192,3.916,-0.12713,0.068855,4.1508,0.16976,0.071509,4.0627,-0.11766,0.049069
3.9563,0.18291,1.7757,3.9666,0.069157,1.7833,4.0825,0.12573,1.592,3.8217,0.091875,1.6159,3.8749,0.10949,1.747,4.1436,0.026496,1.472,3.7643,0.038552,1.5167,3.8473,0.14205,0.072206,3.916,-0.12714,0.06884,4.1508,0.16977,0.071476,4.0627,-0.11766,0.049076
3.956,0.18322,1.7756,3.9663,0.069489,1.7834,4.0823,0.126,1.5919,3.8214,0.091979,1.6159,3.8747,0.10977,1.7469,4.1435,0.026722,1.472,3.7641,0.038594,1.5166,3.8473,0.14202,0.072267,3.916,-0.12714,0.068847,4.1508,0.16977,0.071465,4.0627,-0.11766,0.049059
3.9554,0.18348,1.7757,3.966,0.069861,1.7834,4.082,0.12632,1.5918,3.8212,0.09203,1.6158,3.8745,0.11007,1.7469,4.1434,0.026949,1.4721,3.764,0.038542,1.5165,3.8474,0.1419,0.072263,3.916,-0.12714,0.068828,4.1509,0.16978,0.071459,4.0628,-0.11765,0.049048
3.9553,0.18409,1.7753,3.9658,0.070237,1.7835,4.0817,0.1266,1.5916,3.821,0.092053,1.6158,3.8741,0.11037,1.7468,4.1432,0.027184,1.4721,3.7638,0.038514,1.5164,3.8473,0.14203,0.072293,3.916,-0.12715,0.068844,4.1509,0.16981,0.071439,4.0627,-0.11764,0.049045
3.9549,0.18454,1.7751,3.9654,0.070553,1.7836,4.0814,0.12689,1.5915,3.8207,0.092137,1.6158,3.8738,0.11066,1.7468,4.143,0.027406,1.4721,3.7637,0.038485,1.5163,3.8474,0.14207,0.072228,3.9161,-0.12715,0.068842,4.1508,0.1698,0.071421,4.0627,-0.11764,0.049072
3.9546,0.18498,1.7749,3.9651,0.071006,1.7837,4.0811,0.12715,1.5914,3.8205,0.092318,1.6157,3.8735,0.111,1.7467,4.1428,0.027624,1.4722,3.7635,0.038428,1.5162,3.8475,0.14196,0.072256,3.916,-0.12715,0.068838,4.1509,0.16982,0.071391,4.0627,-0.11766,0.049074
3.954,0.18526,1.7749,3.9648,0.071441,1.7837,4.0808,0.12738,1.5913,3.8203,0.092478,1.6156,3.8732,0.11133,1.7466,4.1426,0.027861,1.4722,3.7633,0.038326,1.5161,3.8474,0.14208,0.072263,3.916,-0.12714,0.068831,4.1509,0.16983,0.071374,4.0628,-0.11765,0.049084
3.9535,0.18557,1.7748,3.9646,0.071944,1.7835,4.0804,0.12751,1.5913,3.8201,0.092602,1.6156,3.8729,0.11173,1.7465,4.1424,0.028052,1.4723,3.7631,0.038178,1.516,3.8475,0.14199,0.072269,3.916,-0.12714,0.068838,4.1508,0.16983,0.071359,4.0628,-0.11764,0.049082
3.9533,0.18593,1.7745,3.9641,0.072344,1.7835,4.0801,0.1275,1.5914,3.8196,0.092361,1.6158,3.8725,0.11208,1.7464,4.1421,0.028249,1.4724,3.7629,0.038122,1.5158,3.8475,0.14198,0.072292,3.9161,-0.12715,0.06884,4.1509,0.16985,0.071326,4.0628,-0.11764,0.0491
3.9529,0.18623,1.7744,3.9636,0.072701,1.7835,4.08,0.12664,1.592,3.8186,0.092207,1.6155,3.872,0.11239,1.7463,4.1418,0.028456,1.4725,3.7626,0.037867,1.5156,3.8476,0.14201,0.072295,3.9161,-0.12715,0.068821,4.1509,0.16983,0.071319,4.0627,-0.11763,0.049089
3.9519,0.18645,1.7744,3.963,0.072976,1.7836,4.0793,0.12783,1.5913,3.8182,0.092239,1.6153,3.8712,0.11257,1.7464,4.1415,0.028569,1.4725,3.7625,0.037829,1.5152,3.8475,0.14212,0.072325,3.9161,-0.12715,0.068832,4.1509,0.16986,0.071302,4.0627,-0.11763,0.049078
3.9512,0.18674,1.7744,3.9624,0.073242,1.7838,4.0789,0.12795,1.5914,3.8182,0.09245,1.6154,3.8708,0.1129,1.7461,4.1412,0.028807,1.4726,3.7622,0.037612,1.515,3.8476,0.14204,0.072299,3.9161,-0.12715,0.06882,4.1509,0.16986,0.071284,4.0627,-0.11763,0.049121
3.9506,0.18723,1.7742,3.9617,0.073549,1.7838,4.0784,0.12814,1.5914,3.8177,0.092464,1.6154,3.8702,0.1131,1.746,4.1409,0.029032,1.4726,3.7618,0.037545,1.5149,3.8475,0.14213,0.072368,3.9161,-0.12715,0.068812,4.1509,0.16986,0.071267,4.0627,-0.11762,0.049145
3.9502,0.18762,1.7738,3.9613,0.073956,1.7841,4.0779,0.12837,1.5914,3.8172,0.092413,1.6153,3.8697,0.11325,1.7459,4.1406,0.02934,1.4727,3.7615,0.037439,1.5148,3.8476,0.14203,0.072331,3.9161,-0.12715,0.068806,4.1509,0.16988,0.071234,4.0627,-0.11762,0.049155
3.9495,0.18794,1.7737,3.9608,0.074356,1.7834,4.0773,0.12864,1.5914,3.8166,0.092391,1.6152,3.8691,0.11343,1.7457,4.1402,0.029636,1.4727,3.7611,0.037278,1.5147,3.8475,0.14215,0.072376,3.9161,-0.12716,0.068813,4.1509,0.16988,0.071226,4.0627,-0.1176,0.049165
3.9489,0.18821,1.7736,3.9601,0.074692,1.7834,4.0767,0.12894,1.5914,3.816,0.092398,1.615,3.8682,0.11338,1.7458,4.1398,0.029898,1.4728,3.7605,0.036881,1.5148,3.8476,0.14202,0.072369,3.9161,-0.12715,0.068801,4.1509,0.1699,0.071229,4.0627,-0.1176,0.049186
3.9478,0.18835,1.7737,3.9596,0.074801,1.7838,4.0761,0.12909,1.5914,3.8154,0.09237,1.6149,3.8675,0.11354,1.7457,4.1394,0.030259,1.4727,3.76,0.036708,1.5146,3.8476,0.14203,0.072389,3.9161,-0.12716,0.068786,4.1508,0.16991,0.071201,4.0627,-0.11759,0.049209
3.9471,0.18871,1.7735,3.9587,0.075051,1.784,4.0755,0.12924,1.5913,3.8149,0.092432,1.6148,3.8666,0.11377,1.7456,4.1389,0.030417,1.4729,3.7596,0.036648,1.5145,3.8476,0.14203,0.072402,3.9161,-0.12716,0.06878,4.1508,0.16993,0.071198,4.0627,-0.11757,0.049203
3.946,0.18877,1.7735,3.9578,0.075276,1.7841,4.0749,0.12926,1.5914,3.8142,0.092514,1.6146,3.8657,0.11395,1.7455,4.1384,0.030763,1.4729,3.7591,0.03657,1.5143,3.8476,0.14204,0.072411,3.9161,-0.12717,0.068788,4.1508,0.16992,0.071184,4.0626,-0.11757,0.049237
3.9453,0.18911,1.7732,3.957,0.075586,1.7841,4.0742,0.12956,1.5914,3.8138,0.093217,1.614,3.8649,0.11419,1.7453,4.1379,0.031053,1.473,3.7587,0.036465,1.5141,3.8476,0.14204,0.072404,3.9161,-0.12717,0.068765,4.1508,0.16997,0.071177,4.0626,-0.11757,0.049255
3.9444,0.18932,1.7731,3.9564,0.075967,1.7838,4.0734,0.1299,1.5913,3.8129,0.09277,1.6143,3.8642,0.11452,1.7451,4.1374,0.031363,1.4731,3.7582,0.036408,1.5139,3.8476,0.14215,0.072436,3.9161,-0.12717,0.068776,4.1508,0.16994,0.071178,4.0626,-0.11755,0.049265
3.9436,0.18967,1.7729,3.9554,0.076337,1.7832,4.0727,0.13,1.5914,3.8122,0.092811,1.6141,3.8633,0.11461,1.7451,4.1369,0.032319,1.4726,3.7579,0.036551,1.5135,3.8475,0.14215,0.072457,3.9161,-0.12717,0.068761,4.1508,0.16998,0.071157,4.0626,-0.11754,0.049285
3.9424,0.18996,1.7728,3.9546,0.076587,1.7832,4.072,0.13033,1.5914,3.8114,0.092958,1.614,3.8625,0.11476,1.745,4.1362,0.032133,1.4731,3.7571,0.036269,1.5135,3.8477,0.14205,0.072426,3.9161,-0.12718,0.068746,4.1508,0.16999,0.071166,4.0625,-0.11752,0.049301
3.9415,0.19023,1.7727,3.954,0.076907,1.7836,4.0712,0.13038,1.5915,3.8105,0.092951,1.6138,3.862,0.11515,1.7445,4.1357,0.033026,1.4728,3.7564,0.036139,1.5134,3.8477,0.14205,0.072426,3.9161,-0.12717,0.06873,4.1507,0.17001,0.071165,4.0625,-0.11751,0.049324
3.9406,0.19047,1.7725,3.9526,0.077178,1.7834,4.0704,0.13056,1.5915,3.8098,0.092996,1.6137,3.861,0.11534,1.7444,4.135,0.033417,1.4729,3.7558,0.03605,1.5132,3.8477,0.14204,0.072431,3.9161,-0.12718,0.06873,4.1507,0.17003,0.071159,4.0625,-0.1175,0.049367
3.94,0.19091,1.7721,3.9517,0.077531,1.783,4.0696,0.13075,1.5915,3.809,0.0932,1.6134,3.8601,0.11555,1.7443,4.1344,0.033768,1.473,3.7551,0.035914,1.513,3.8475,0.14214,0.072486,3.9161,-0.12718,0.06872,4.1506,0.17004,0.071177,4.0625,-0.11747,0.049372
3.939,0.19124,1.772,3.9509,0.077777,1.7834,4.0687,0.13108,1.5914,3.8082,0.09329,1.6132,3.8588,0.11559,1.7444,4.1337,0.034106,1.4731,3.7544,0.035745,1.5129,3.8476,0.14202,0.072502,3.9161,-0.12718,0.06871,4.1506,0.17009,0.071167,4.0624,-0.11747,0.049401
3.9375,0.19145,1.7721,3.95,0.07803,1.7834,4.0678,0.13134,1.5913,3.8073,0.093185,1.6131,3.8579,0.11588,1.7442,4.1329,0.034681,1.4731,3.7536,0.035554,1.5128,3.8477,0.14204,0.072484,3.9161,-0.12719,0.068693,4.1506,0.17007,0.071177,4.0624,-0.11746,0.049405
3.9364,0.19171,1.7719,3.949,0.078373,1.7834,4.0669,0.13162,1.5913,3.8066,0.093764,1.6125,3.8569,0.11617,1.7441,4.132,0.034301,1.4734,3.7529,0.035431,1.5126,3.8476,0.14214,0.072503,3.9161,-0.1272,0.068689,4.1505,0.17009,0.071199,4.0624,-0.11744,0.049468
3.9354,0.19199,1.7717,3.9478,0.078812,1.7835,4.066,0.13162,1.5913,3.8056,0.093923,1.6124,3.8559,0.1166,1.7439,4.1311,0.034493,1.4735,3.752,0.035275,1.5125,3.8475,0.14213,0.072522,3.9161,-0.12721,0.068668,4.1505,0.17011,0.071182,4.0623,-0.11742,0.049502
3.9345,0.19242,1.7714,3.9468,0.079299,1.7835,4.065,0.13167,1.5913,3.8048,0.094092,1.6123,3.8543,0.11681,1.7435,4.1304,0.034859,1.4735,3.7513,0.035188,1.5123,3.8476,0.14215,0.072517,3.9161,-0.1272,0.068641,4.1504,0.17014,0.071201,4.0623,-0.11739,0.049552
3.9336,0.19297,1.7711,3.9457,0.079718,1.7828,4.0642,0.13167,1.5914,3.8037,0.094163,1.6121,3.8536,0.11705,1.7436,4.1296,0.035204,1.4735,3.7505,0.03499,1.5121,3.8476,0.14213,0.072545,3.9161,-0.12721,0.068629,4.1503,0.1702,0.071214,4.0622,-0.11736,0.049596
3.9325,0.1935,1.7708,3.9446,0.080033,1.7827,4.0631,0.13194,1.5913,3.8025,0.093794,1.6122,3.8529,0.11747,1.7433,4.1288,0.035596,1.4735,3.7497,0.034711,1.5119,3.8477,0.14202,0.072501,3.916,-0.12723,0.068619,4.1502,0.17024,0.07126,4.0622,-0.11735,0.049655
3.931,0.19372,1.7701,3.9435,0.080385,1.7826,4.0621,0.13231,1.5912,3.8014,0.093923,1.6121,3.8519,0.11758,1.7431,4.1279,0.036002,1.4736,3.7489,0.03453,1.5118,3.8477,0.14197,0.072523,3.916,-0.12723,0.068603,4.1502,0.17028,0.071273,4.0621,-0.11733,0.049738
3.93,0.1939,1.7705,3.9426,0.080677,1.7829,4.0609,0.13267,1.591,3.8004,0.094169,1.6119,3.8508,0.118,1.7429,4.1269,0.03652,1.4735,3.7479,0.034166,1.5116,3.8477,0.14197,0.072559,3.916,-0.12724,0.068583,4.1501,0.17031,0.071269,4.062,-0.11729,0.049799
3.9291,0.1942,1.7703,3.9413,0.080994,1.783,4.0599,0.13273,1.591,3.7996,0.094636,1.6114,3.8496,0.11836,1.7428,4.1261,0.037372,1.4731,3.747,0.034017,1.5114,3.8475,0.14205,0.072571,3.916,-0.12725,0.068579,4.1501,0.17032,0.07127,4.062,-0.11726,0.049848
3.9281,0.19456,1.7699,3.9401,0.081487,1.7824,4.0588,0.13289,1.5908,3.7985,0.094802,1.6113,3.8481,0.11846,1.7429,4.125,0.037111,1.4735,3.746,0.033838,1.5113,3.8477,0.14194,0.072552,3.916,-0.12725,0.068552,4.1499,0.1704,0.071332,4.0619,-0.11722,0.049947
3.9265,0.19483,1.7697,3.9388,0.081853,1.7822,4.0578,0.13289,1.5908,3.7967,0.094366,1.6112,3.8474,0.11884,1.7425,4.124,0.037297,1.4736,3.745,0.033594,1.5111,3.8476,0.14191,0.072569,3.916,-0.12726,0.068539,4.1498,0.17045,0.071324,4.0618,-0.11718,0.050046
3.9254,0.19533,1.7695,3.9377,0.082085,1.7821,4.0566,0.13307,1.5906,3.796,0.094362,1.6113,3.8458,0.11892,1.7425,4.123,0.037701,1.4736,3.744,0.033402,1.5109,3.8475,0.14202,0.072608,3.916,-0.12727,0.068504,4.1497,0.17054,0.071365,4.0617,-0.11714,0.050154
3.9241,0.19555,1.7694,3.9363,0.082299,1.7823,4.0555,0.13321,1.5905,3.7948,0.094652,1.6112,3.8445,0.11902,1.7423,4.1222,0.038725,1.4733,3.743,0.033129,1.5107,3.8476,0.142,0.072604,3.916,-0.12729,0.068482,4.1496,0.17059,0.071416,4.0616,-0.11709,0.050284
3.923,0.19562,1.7692,3.9352,0.082511,1.7826,4.0541,0.13355,1.5902,3.7938,0.094925,1.6106,3.8433,0.11916,1.7421,4.1212,0.038735,1.4733,3.7421,0.032876,1.5105,3.8475,0.14199,0.072633,3.916,-0.1273,0.068456,4.1495,0.17064,0.071444,4.0614,-0.11705,0.050468
3.9216,0.19568,1.769,3.934,0.082867,1.7824,4.0531,0.13354,1.5901,3.7925,0.094626,1.6107,3.8421,0.11952,1.7419,4.1201,0.039079,1.4731,3.741,0.032628,1.5103,3.8475,0.14197,0.072636,3.916,-0.12731,0.068404,4.1494,0.17071,0.071461,4.0613,-0.11698,0.050649
3.9204,0.19591,1.7688,3.9327,0.08322,1.7819,4.0527,0.13227,1.5904,3.7914,0.094747,1.6105,3.8413,0.12009,1.7414,4.1191,0.03929,1.4731,3.74,0.032301,1.51,3.8475,0.14192,0.072637,3.9159,-0.12741,0.068433,4.1492,0.17083,0.071507,4.0611,-0.11691,0.05089
3.9191,0.19632,1.7685,3.9317,0.083331,1.782,4.0516,0.13191,1.5905,3.7901,0.094772,1.6104,3.8402,0.12017,1.7413,4.1179,0.038959,1.4736,3.7389,0.032063,1.5097,3.8475,0.14189,0.072655,3.9159,-0.12744,0.068412,4.1491,0.17096,0.071534,4.0609,-0.11681,0.051124
3.9183,0.1967,1.768,3.9303,0.083615,1.7815,4.0497,0.1331,1.5899,3.7891,0.095016,1.6102,3.8385,0.12007,1.7413,4.1169,0.039147,1.4736,3.7379,0.031785,1.5095,3.8475,0.14187,0.072685,3.9159,-0.12744,0.068374,4.149,0.17109,0.071515,4.0607,-0.1167,0.051377
3.9171,0.1968,1.7677,3.929,0.083742,1.7819,4.0495,0.13146,1.5904,3.7879,0.095162,1.6098,3.8371,0.12031,1.7411,4.1158,0.039473,1.4736,3.7367,0.031494,1.5092,3.8475,0.14185,0.072705,3.9159,-0.12737,0.068254,4.1488,0.17123,0.071531,4.0606,-0.1166,0.051572
3.9154,0.19675,1.7678,3.9275,0.084014,1.7815,4.0476,0.13263,1.5898,3.7868,0.09514,1.6097,3.8361,0.12061,1.7409,4.1147,0.039486,1.4736,3.7357,0.031116,1.509,3.8475,0.14182,0.072711,3.9159,-0.12739,0.068232,4.1486,0.17135,0.071589,4.0604,-0.11649,0.051837
3.9144,0.19696,1.7676,3.9262,0.084138,1.7815,4.0472,0.13097,1.5905,3.7855,0.094836,1.6099,3.8348,0.12094,1.7408,4.1136,0.039534,1.4737,3.7346,0.030741,1.5087,3.8475,0.14183,0.072704,3.9159,-0.12739,0.06821,4.1485,0.17148,0.07157,4.0601,-0.11637,0.05217
3.9132,0.19708,1.7673,3.9252,0.084227,1.7818,4.0459,0.13095,1.5902,3.7843,0.095092,1.6097,3.8335,0.12096,1.7407,4.1127,0.040392,1.4733,3.7338,0.030629,1.5082,3.8476,0.14224,0.072814,3.9159,-0.1274,0.068201,4.1485,0.17153,0.071535,4.0599,-0.11622,0.052535
3.9123,0.19723,1.7671,3.9242,0.084397,1.7816,4.0449,0.13078,1.5903,3.783,0.095234,1.6096,3.8322,0.12115,1.7406,4.1116,0.040581,1.4733,3.7325,0.030133,1.5082,3.8476,0.14224,0.072836,3.9159,-0.12748,0.06824,4.1485,0.17164,0.071472,4.0593,-0.116,0.052954
3.9115,0.19749,1.7667,3.9227,0.084644,1.781,4.0437,0.13068,1.59,3.7818,0.095163,1.6094,3.8315,0.12147,1.7401,4.1106,0.040154,1.4739,3.7315,0.029837,1.508,3.8476,0.14227,0.072828,3.9158,-0.1275,0.068241,4.1488,0.17153,0.071401,4.0581,-0.11579,0.053619
3.9103,0.19772,1.7665,3.9215,0.084599,1.7815,4.0426,0.13058,1.59,3.7807,0.095112,1.6093,3.83,0.12131,1.7403,4.1096,0.040246,1.474,3.7304,0.029396,1.5078,3.8476,0.14227,0.072834,3.9159,-0.12742,0.068147,4.1492,0.17141,0.071313,4.057,-0.11526,0.053843
3.9091,0.1978,1.7664,3.9201,0.084718,1.7812,4.0415,0.13024,1.5901,3.7798,0.095787,1.6089,3.8287,0.12146,1.7401,4.1085,0.040385,1.4741,3.7294,0.028913,1.5076,3.8476,0.14222,0.072873,3.9158,-0.12752,0.068198,4.1497,0.17125,0.071264,4.0564,-0.11447,0.054346
3.9078,0.19777,1.7662,3.9189,0.084713,1.7813,4.0405,0.13004,1.5901,3.7785,0.09529,1.6092,3.8278,0.1217,1.74,4.1075,0.040608,1.4741,3.7286,0.028864,1.5071,3.8475,0.1422,0.072885,3.9158,-0.12744,0.068108,4.1502,0.17106,0.071169,4.0547,-0.11397,0.054926
3.9068,0.19778,1.7661,3.918,0.084705,1.7816,4.0395,0.12967,1.5902,3.7772,0.095355,1.6091,3.8264,0.12182,1.74,4.1064,0.040731,1.4742,3.7277,0.028597,1.5069,3.8476,0.14221,0.072884,3.9158,-0.12745,0.068098,4.1507,0.17086,0.071053,4.0525,-0.11332,0.055675
3.9056,0.1977,1.7663,3.9167,0.085046,1.7809,4.0385,0.12962,1.5902,3.7763,0.095533,1.6089,3.8252,0.12206,1.74,4.1056,0.041619,1.4738,3.7265,0.028082,1.507,3.8476,0.1422,0.072902,3.9158,-0.12745,0.06808,4.1514,0.17066,0.070893,4.0506,-0.11241,0.056555
3.9047,0.19796,1.7662,3.9156,0.085198,1.781,4.0374,0.12949,1.5902,3.7753,0.095623,1.6089,3.8247,0.12237,1.7396,4.1047,0.041696,1.4739,3.7255,0.02781,1.5069,3.8476,0.14213,0.07289,3.9158,-0.12745,0.068057,4.1521,0.17039,0.070702,4.0476,-0.11129,0.05733
3.9037,0.19821,1.7662,3.9144,0.085245,1.7816,4.0364,0.12946,1.5903,3.7744,0.095717,1.6089,3.8236,0.12248,1.7396,4.1039,0.042004,1.4741,3.7246,0.027446,1.5069,3.8475,0.14214,0.072938,3.9158,-0.12747,0.068044,4.153,0.17019,0.070607,4.0445,-0.11031,0.058159
3.9027,0.19836,1.7662,3.9132,0.085322,1.7817,4.0354,0.12938,1.5902,3.7733,0.095784,1.6089,3.8223,0.12243,1.7399,4.1028,0.041591,1.4747,3.7237,0.027168,1.5069,3.8475,0.14214,0.072933,3.9158,-0.12747,0.068027,4.1567,0.17005,0.069403,4.0413,-0.10879,0.059076
3.9012,0.19845,1.7659,3.9124,0.085577,1.7812,4.0346,0.1292,1.5904,3.7723,0.096525,1.6086,3.8213,0.12276,1.7399,4.1018,0.041694,1.4748,3.7229,0.026965,1.5068,3.8475,0.14215,0.072939,3.9158,-0.12748,0.068017,4.1577,0.16971,0.06918,4.0378,-0.10718,0.060101
3.9007,0.19845,1.7662,3.9111,0.085708,1.7815,4.0337,0.12908,1.5904,3.7714,0.096808,1.6085,3.8203,0.12302,1.7399,4.1008,0.041967,1.4749,3.7219,0.026968,1.5068,3.8475,0.14213,0.072956,3.9158,-0.1275,0.068006,4.1576,0.1688,0.069391,4.0341,-0.1053,0.060888
3.9003,0.19877,1.766,3.9104,0.085699,1.7819,4.0334,0.12722,1.5916,3.7705,0.097156,1.6086,3.8195,0.12345,1.7399,4.0999,0.0422,1.475,3.7212,0.027264,1.5065,3.8474,0.14208,0.073001,3.9158,-0.12759,0.068065,4.1583,0.16836,0.069357,4.0289,-0.10342,0.061943
3.8994,0.1989,1.766,3.9093,0.086067,1.7815,4.0319,0.1289,1.5906,3.7696,0.096987,1.609,3.8185,0.12371,1.74,4.0991,0.042711,1.4751,3.72,0.027038,1.5068,3.8474,0.14205,0.073013,3.9158,-0.12751,0.067972,4.1598,0.16787,0.069333,4.0243,-0.10099,0.062636
3.8986,0.19909,1.7661,3.9084,0.086242,1.7814,4.0311,0.12882,1.5907,3.7687,0.097309,1.609,3.8176,0.12406,1.74,4.0982,0.042901,1.4751,3.7192,0.027131,1.5068,3.8474,0.14204,0.073026,3.9158,-0.12751,0.067962,4.1612,0.16742,0.069289,4.0193,-0.098264,0.063525
3.898,0.19936,1.7661,3.9073,0.086402,1.7817,4.0303,0.12905,1.5906,3.7678,0.097712,1.6089,3.8169,0.12464,1.7393,4.0975,0.043882,1.4748,3.7184,0.027412,1.5068,3.8474,0.14203,0.073027,3.9158,-0.12759,0.06804,4.1626,0.16715,0.069193,4.0143,-0.095038,0.06426
3.8974,0.19967,1.766,3.9068,0.086666,1.782,4.0296,0.1291,1.5907,3.767,0.098164,1.6088,3.8165,0.12487,1.7397,4.0967,0.044023,1.4749,3.7179,0.02787,1.5065,3.8474,0.14202,0.073033,3.9158,-0.12752,0.067969,4.1642,0.16681,0.069229,4.009,-0.091416,0.064794
3.8965,0.19988,1.7663,3.9059,0.086902,1.782,4.0288,0.12925,1.5906,3.7662,0.098743,1.6089,3.8157,0.12524,1.7397,4.0958,0.044403,1.4749,3.7171,0.028213,1.5065,3.8474,0.14203,0.073,3.9158,-0.12751,0.067968,4.166,0.16677,0.069293,4.0041,-0.087225,0.065088
3.8957,0.20028,1.7659,3.9051,0.087202,1.782,4.0282,0.12941,1.5906,3.7655,0.099342,1.6089,3.8149,0.12567,1.7397,4.0951,0.044511,1.475,3.7164,0.028662,1.5065,3.8473,0.14203,0.072985,3.9158,-0.12752,0.06799,4.1674,0.16714,0.069371,3.9992,-0.082772,0.065245
3.8951,0.20065,1.7658,3.9043,0.087417,1.782,4.0275,0.12957,1.5906,3.7648,0.099788,1.6088,3.8141,0.12615,1.7396,4.0942,0.044451,1.4753,3.7154,0.028972,1.5067,3.8473,0.14201,0.072982,3.9158,-0.12759,0.068063,4.1689,0.16802,0.069509,3.9946,-0.07752,0.065105
3.8943,0.201,1.7659,3.9036,0.087929,1.7814,4.0268,0.12993,1.5905,3.7642,0.1006,1.6087,3.8135,0.12662,1.7395,4.0934,0.044653,1.4753,3.7146,0.029495,1.5067,3.8473,0.142,0.072987,3.9158,-0.12751,0.067994,4.17,0.16982,0.070052,3.9908,-0.072297,0.064716
3.8936,0.20141,1.7659,3.903,0.088157,1.7818,4.0262,0.13031,1.5905,3.7635,0.10118,1.6086,3.8129,0.12712,1.7394,4.0926,0.044875,1.4752,3.7139,0.030141,1.5067,3.8472,0.14197,0.072984,3.9157,-0.12751,0.068011,4.1709,0.17237,0.070441,3.9868,-0.066737,0.064394
3.8932,0.20201,1.7657,3.9025,0.088811,1.7815,4.0256,0.13072,1.5904,3.7629,0.10191,1.6085,3.8123,0.12769,1.7394,4.092,0.045292,1.4752,3.7132,0.030957,1.5066,3.8472,0.14197,0.072941,3.9157,-0.12749,0.068029,4.1716,0.17546,0.071063,3.9838,-0.059175,0.063356
3.893,0.20252,1.766,3.9017,0.089419,1.7815,4.0251,0.13125,1.5903,3.7622,0.10259,1.6084,3.8118,0.12837,1.7393,4.0914,0.045742,1.4752,3.7126,0.031854,1.5065,3.8472,0.14189,0.0729,3.9157,-0.12756,0.068144,4.1717,0.17982,0.071954,3.9807,-0.054024,0.064065
3.8928,0.20324,1.7659,3.9012,0.089969,1.7813,4.0246,0.13177,1.5902,3.7619,0.10361,1.6078,3.8108,0.12897,1.7394,4.0907,0.046019,1.4751,3.712,0.032656,1.5064,3.8471,0.14191,0.072838,3.9157,-0.12753,0.068181,4.1717,0.18537,0.07287,3.9799,-0.045681,0.060949
3.8919,0.20385,1.7659,3.9007,0.090677,1.7811,4.0242,0.13216,1.5901,3.7612,0.10406,1.608,3.8102,0.12979,1.7393,4.0901,0.046332,1.475,3.7114,0.03375,1.5064,3.8471,0.14193,0.072773,3.9157,-0.12743,0.068176,4.1715,0.19184,0.073651,3.9781,-0.039857,0.060881
3.8915,0.20468,1.7657,3.9002,0.091467,1.781,4.0237,0.13272,1.59,3.7608,0.10501,1.6078,3.8097,0.13065,1.7391,4.0895,0.046596,1.4748,3.7108,0.034843,1.5063,3.847,0.14195,0.072697,3.9156,-0.12747,0.068295,4.1707,0.19923,0.074756,3.9789,-0.030525,0.057611
3.8912,0.20542,1.7654,3.8993,0.092291,1.7811,4.0233,0.13325,1.5899,3.7602,0.10588,1.6076,3.8092,0.13158,1.7389,4.089,0.046829,1.4746,3.7103,0.035905,1.5063,3.847,0.14201,0.072572,3.9156,-0.12745,0.068364,4.17,0.20738,0.075673,3.9791,-0.023227,0.05594
3.8908,0.20626,1.7653,3.8988,0.09318,1.7811,4.0229,0.1339,1.5898,3.7599,0.10678,1.6074,3.8089,0.13275,1.7386,4.0885,0.047052,1.4745,3.7096,0.037294,1.5061,3.8467,0.14207,0.072478,3.9156,-0.12742,0.068406,4.1689,0.21627,0.077137,3.98,-0.015942,0.054212
3.8909,0.20749,1.7647,3.8987,0.094267,1.7806,4.0226,0.13474,1.5895,3.7595,0.10784,1.6073,3.8087,0.1338,1.7383,4.088,0.047307,1.4744,3.7092,0.038596,1.5059,3.8467,0.14209,0.072382,3.9155,-0.12742,0.068485,4.1676,0.22584,0.078402,3.9859,-0.010185,0.050537
3.8908,0.20859,1.7643,3.8983,0.095387,1.7804,4.0222,0.1355,1.5893,3.7592,0.10888,1.6071,3.8084,0.13487,1.7381,4.0876,0.047555,1.4743,3.7085,0.040348,1.5054,3.8466,0.14216,0.072255,3.9155,-0.12737,0.06854,4.1663,0.23618,0.080417,3.9841,-0.000303,0.050196
3.8908,0.20976,1.764,3.8979,0.096521,1.7802,4.0219,0.13628,1.589,3.7589,0.11009,1.6068,3.8079,0.13603,1.7379,4.0872,0.047807,1.4742,3.708,0.041875,1.5052,3.8466,0.14221,0.072134,3.9155,-0.12732,0.068582,4.1652,0.24642,0.081713,3.9872,0.007432,0.04847
3.8903,0.21078,1.7639,3.8975,0.097631,1.7802,4.0217,0.13716,1.5888,3.7586,0.11127,1.6067,3.8081,0.13746,1.7373,4.0868,0.048055,1.4741,3.7077,0.043246,1.5051,3.8465,0.14227,0.072013,3.9154,-0.12733,0.068664,4.1636,0.25639,0.083936,3.9888,0.017568,0.045682
3.8898,0.21194,1.7636,3.897,0.098933,1.7796,4.0214,0.13798,1.5885,3.7583,0.11253,1.6064,3.8079,0.13869,1.7371,4.0865,0.048191,1.474,3.7073,0.044836,1.505,3.8465,0.14232,0.07187,3.9155,-0.12727,0.068709,4.1621,0.26751,0.085515,3.9923,0.023265,0.045327
3.8897,0.21337,1.7625,3.8966,0.10014,1.7794,4.0213,0.13872,1.5882,3.7582,0.11362,1.606,3.8076,0.14009,1.7368,4.0862,0.048345,1.4739,3.707,0.046296,1.5049,3.8464,0.14239,0.071723,3.9154,-0.12716,0.068716,4.1595,0.27788,0.08771,3.9958,0.030665,0.044765
3.8902,0.21446,1.7626,3.8965,0.10149,1.7792,4.0211,0.13944,1.588,3.7582,0.11523,1.6055,3.8072,0.14139,1.7368,4.0859,0.04848,1.4738,3.7065,0.047647,1.505,3.8464,0.14248,0.07158,3.9154,-0.12713,0.068801,4.1572,0.28883,0.089117,3.9996,0.037866,0.044214
3.8896,0.21552,1.7625,3.8965,0.10271,1.7794,4.0211,0.14029,1.5877,3.758,0.11625,1.6054,3.807,0.14278,1.7366,4.0858,0.048339,1.474,3.7062,0.049352,1.5048,3.8464,0.14257,0.071431,3.9154,-0.12709,0.068876,4.1552,0.2995,0.090699,4.0034,0.044537,0.043882
3.8897,0.21674,1.7622,3.896,0.10411,1.7789,4.0211,0.14099,1.5876,3.7578,0.11769,1.6051,3.8072,0.14446,1.736,4.0856,0.048432,1.4738,3.706,0.050879,1.5046,3.8464,0.14267,0.071308,3.9154,-0.12706,0.068951,4.1532,0.30996,0.091859,4.007,0.051204,0.043176
3.8901,0.21811,1.7618,3.8961,0.10544,1.7785,4.0211,0.14172,1.5875,3.7577,0.1192,1.6049,3.8068,0.14551,1.7361,4.0854,0.048544,1.4737,3.7058,0.0527,1.5044,3.8464,0.14273,0.071166,3.9154,-0.12702,0.069005,4.1481,0.31969,0.094836,4.0107,0.057871,0.042661
3.8905,0.21975,1.7611,3.896,0.10671,1.7783,4.0212,0.14244,1.5873,3.7577,0.12038,1.6048,3.8067,0.147,1.7358,4.0851,0.048662,1.4735,3.7055,0.054358,1.5043,3.8464,0.14281,0.07108,3.9154,-0.127,0.06907,4.1451,0.32922,0.097102,4.0144,0.064854,0.042082
3.8907,0.22102,1.7608,3.8959,0.10795,1.7782,4.0212,0.14314,1.5871,3.7577,0.12169,1.6046,3.807,0.14857,1.7354,4.0849,0.04876,1.4734,3.7054,0.056121,1.5041,3.8464,0.14287,0.070968,3.9154,-0.12699,0.069134,4.1438,0.33859,0.099028,4.0177,0.071867,0.041671
3.8907,0.22208,1.7608,3.8959,0.10919,1.7779,4.0213,0.14383,1.5869,3.758,0.12347,1.604,3.807,0.14979,1.7353,4.0847,0.048919,1.4732,3.7054,0.05797,1.5036,3.8464,0.14294,0.070887,3.9154,-0.12695,0.06916,4.1421,0.34724,0.10107,4.0207,0.078606,0.041646
3.8913,0.22357,1.7602,3.896,0.11044,1.7781,4.0215,0.14464,1.5867,3.7579,0.12465,1.6041,3.8074,0.15154,1.7347,4.0847,0.049541,1.4726,3.705,0.059527,1.5038,3.8465,0.14298,0.070811,3.9154,-0.12692,0.069185,4.1393,0.35532,0.10312,4.0239,0.085382,0.042012
3.8912,0.22493,1.7595,3.8961,0.11173,1.7779,4.0217,0.14555,1.5864,3.758,0.12607,1.6038,3.8075,0.15309,1.7345,4.0845,0.049769,1.4724,3.7052,0.061455,1.5034,3.8465,0.14303,0.070775,3.9154,-0.1269,0.069228,4.1386,0.36334,0.10445,4.0262,0.092373,0.042647
3.8916,0.22569,1.76,3.8959,0.11297,1.7779,4.0219,0.14634,1.5862,3.7582,0.12766,1.6035,3.8078,0.15465,1.7343,4.0844,0.050016,1.4722,3.7051,0.063245,1.5033,3.8463,0.14259,0.070601,3.9154,-0.12689,0.069265,4.1394,0.37069,0.10573,4.0284,0.09845,0.043371
3.8921,0.22711,1.7597,3.8959,0.11444,1.7773,4.0221,0.14709,1.5859,3.7583,0.12963,1.6033,3.808,0.15629,1.7341,4.0842,0.05032,1.4719,3.7048,0.064864,1.5033,3.8463,0.14259,0.070525,3.9154,-0.12686,0.069284,4.1391,0.37705,0.10774,4.0284,0.1059,0.043407
3.8927,0.22861,1.7593,3.8962,0.11564,1.7775,4.0223,0.14789,1.5856,3.7582,0.13126,1.6031,3.8081,0.15759,1.7342,4.0841,0.050659,1.4717,3.7047,0.066615,1.5032,3.8463,0.14264,0.070524,3.9154,-0.12685,0.069303,4.1396,0.38344,0.10913,4.0305,0.11211,0.043972
3.8936,0.23015,1.7588,3.8966,0.11713,1.7772,4.0225,0.1488,1.5853,3.7585,0.13308,1.6029,3.8083,0.15916,1.734,4.0839,0.050635,1.4719,3.7047,0.068456,1.503,3.8463,0.14265,0.070494,3.9154,-0.12684,0.069347,4.1401,0.38902,0.11116,4.0305,0.11733,0.044893
3.894,0.2312,1.7588,3.8964,0.11847,1.7768,4.0228,0.14958,1.5851,3.759,0.13493,1.6026,3.8087,0.16083,1.7337,4.0838,0.050922,1.4718,3.7047,0.070218,1.5029,3.8463,0.14268,0.070489,3.9154,-0.12682,0.069362,4.1412,0.39426,0.11294,4.0309,0.12292,0.045634
3.8945,0.2326,1.7586,3.8969,0.11992,1.7764,4.0231,0.15038,1.5849,3.7591,0.13589,1.6029,3.8095,0.1627,1.7333,4.0837,0.051369,1.4716,3.7046,0.072003,1.5028,3.8463,0.14271,0.070439,3.9154,-0.12681,0.069402,4.1421,0.39901,0.11456,4.031,0.12807,0.046984
3.8951,0.23403,1.7583,3.897,0.12111,1.7769,4.0234,0.15132,1.5846,3.7594,0.13812,1.6027,3.8095,0.16423,1.7334,4.0839,0.051619,1.4721,3.7047,0.073691,1.5027,3.8463,0.14276,0.070432,3.9154,-0.12679,0.069418,4.1432,0.40355,0.11579,4.0307,0.13391,0.046562
3.896,0.23547,1.7582,3.8976,0.12247,1.7766,4.0237,0.15212,1.5844,3.7594,0.14003,1.6025,3.8098,0.16586,1.7333,4.0839,0.05229,1.4719,3.7046,0.075333,1.5026,3.8462,0.1428,0.070441,3.9154,-0.12678,0.069445,4.1444,0.40795,0.1169,4.0311,0.13934,0.046998
3.897,0.23693,1.7578,3.8977,0.12384,1.7765,4.024,0.15284,1.5842,3.7599,0.14235,1.6021,3.8106,0.16768,1.7329,4.0841,0.053543,1.4714,3.7047,0.077017,1.5025,3.8464,0.14269,0.070402,3.9154,-0.12678,0.069461,4.1462,0.41165,0.11775,4.0304,0.14379,0.047115
3.8972,0.23794,1.7578,3.8981,0.12519,1.7764,4.0244,0.15365,1.584,3.7604,0.14423,1.602,3.811,0.16932,1.7328,4.0838,0.053997,1.4714,3.7049,0.078588,1.5024,3.8463,0.14284,0.070393,3.9154,-0.12678,0.069493,4.1466,0.41543,0.11863,4.0298,0.14795,0.04772
3.8978,0.23931,1.7576,3.8981,0.12663,1.776,4.0247,0.15453,1.5838,3.7604,0.14572,1.6021,3.8115,0.17092,1.7327,4.0839,0.05486,1.4712,3.7049,0.080289,1.5023,3.8464,0.14275,0.070349,3.9154,-0.12676,0.069518,4.1472,0.41887,0.11905,4.0286,0.15165,0.048173
3.8987,0.24088,1.7574,3.8988,0.12807,1.7759,4.025,0.15547,1.5836,3.7607,0.14705,1.6021,3.8119,0.17267,1.7325,4.0839,0.055846,1.4709,3.705,0.081852,1.5022,3.8465,0.14277,0.070317,3.9154,-0.12675,0.069553,4.1461,0.42184,0.11964,4.0279,0.15537,0.048247
3.8992,0.2422,1.7573,3.8988,0.12939,1.7756,4.0254,0.15647,1.5834,3.7609,0.14913,1.602,3.8124,0.17426,1.7325,4.084,0.057007,1.4707,3.7052,0.083416,1.5021,3.8465,0.14279,0.070292,3.9154,-0.12673,0.06958,4.1465,0.42517,0.11936,4.0275,0.15865,0.048513
3.8998,0.24352,1.7572,3.8993,0.13067,1.7758,4.0257,0.15759,1.5832,3.7607,0.15039,1.6018,3.8125,0.17561,1.7326,4.0841,0.058263,1.4705,3.7053,0.085018,1.502,3.8464,0.14296,0.070265,3.9154,-0.1267,0.069606,4.1469,0.428,0.11939,4.0266,0.16197,0.048262
3.9005,0.24486,1.7571,3.8995,0.13198,1.7759,4.026,0.15879,1.583,3.7616,0.1526,1.6019,3.8128,0.17702,1.7326,4.0843,0.059556,1.4702,3.7055,0.086438,1.502,3.8465,0.14287,0.070187,3.9154,-0.1267,0.06968,4.1468,0.43078,0.11909,4.0262,0.16482,0.047999
3.9009,0.24607,1.757,3.9,0.13331,1.7758,4.0263,0.15997,1.5828,3.7624,0.15459,1.6016,3.8137,0.17884,1.7322,4.0847,0.061336,1.4695,3.7058,0.087978,1.5019,3.8466,0.14295,0.070112,3.9154,-0.12666,0.069729,4.1462,0.43298,0.1189,4.0251,0.1671,0.047747
3.9018,0.24771,1.7567,3.9006,0.13475,1.7753,4.0266,0.16134,1.5826,3.7623,0.1553,1.602,3.8137,0.18031,1.7324,4.0847,0.062595,1.4696,3.706,0.089427,1.5018,3.8461,0.14245,0.070068,3.9154,-0.12664,0.069791,4.1453,0.43544,0.11816,4.0243,0.16943,0.047213
3.9024,0.24915,1.7567,3.9006,0.13618,1.7755,4.0269,0.16269,1.5824,3.7624,0.15741,1.6019,3.8143,0.18192,1.7323,4.0851,0.064632,1.4691,3.7061,0.090796,1.5018,3.846,0.1425,0.069998,3.9154,-0.12659,0.069849,4.1454,0.43742,0.11763,4.0234,0.17163,0.046584
3.9027,0.25039,1.7569,3.9006,0.13745,1.775,4.0273,0.16404,1.5823,3.7642,0.16013,1.6014,3.8144,0.18329,1.7324,4.0851,0.066013,1.4691,3.7064,0.092353,1.5017,3.846,0.14255,0.069937,3.9154,-0.12656,0.069925,4.1443,0.43933,0.11692,4.0228,0.17377,0.045572
3.903,0.25174,1.757,3.9011,0.13886,1.7749,4.0275,0.16542,1.5822,3.7636,0.16168,1.6014,3.8152,0.18504,1.7321,4.0854,0.068107,1.4688,3.7067,0.093642,1.5017,3.846,0.1426,0.069869,3.9154,-0.12651,0.069993,4.1448,0.44111,0.11599,4.0216,0.17558,0.044499
3.9035,0.25311,1.7569,3.9018,0.14038,1.7748,4.0278,0.16695,1.582,3.7635,0.16286,1.6016,3.8155,0.18657,1.7321,4.0858,0.070375,1.4684,3.707,0.094894,1.5017,3.8459,0.14267,0.069802,3.9154,-0.12648,0.070092,4.1433,0.44253,0.115,4.0211,0.1773,0.043349
3.9041,0.25474,1.7569,3.9019,0.14174,1.7749,4.0281,0.16852,1.582,3.7638,0.16458,1.6015,3.8156,0.18799,1.7323,4.0863,0.072608,1.4681,3.7073,0.096302,1.5017,3.8459,0.14274,0.069696,3.9154,-0.12644,0.070176,4.1439,0.4441,0.11352,4.0203,0.1788,0.041964
3.9043,0.25629,1.757,3.9023,0.14338,1.7741,4.0284,0.17019,1.5818,3.7641,0.16664,1.6014,3.8163,0.18996,1.7319,4.0866,0.075159,1.4678,3.7076,0.097653,1.5016,3.8458,0.14276,0.069623,3.9154,-0.12639,0.070273,4.1424,0.44513,0.1122,4.0194,0.17991,0.040792
3.9051,0.25811,1.7567,3.9027,0.14516,1.7739,4.0288,0.17197,1.5817,3.7646,0.16844,1.6013,3.8163,0.19147,1.732,4.0871,0.077783,1.4674,3.708,0.098936,1.5015,3.846,0.14294,0.069365,3.9154,-0.12633,0.070405,4.1426,0.44601,0.11082,4.0188,0.18096,0.039147
3.9051,0.25953,1.7569,3.9031,0.1466,1.7743,4.0292,0.17394,1.5814,3.7642,0.16988,1.601,3.8169,0.19321,1.7318,4.0876,0.080474,1.4671,3.7084,0.10031,1.5015,3.8458,0.14301,0.069336,3.9154,-0.12626,0.070553,4.1409,0.44708,0.10893,4.0182,0.18179,0.037632
3.9053,0.26122,1.7568,3.9033,0.14832,1.7741,4.0294,0.176,1.5813,3.7651,0.17227,1.601,3.817,0.19489,1.7318,4.088,0.08381,1.4659,3.7088,0.1018,1.5013,3.8457,0.14309,0.069168,3.9154,-0.12617,0.070694,4.1403,0.44802,0.10659,4.0181,0.18185,0.037374
3.9062,0.26328,1.7565,3.9037,0.15017,1.774,4.0298,0.17813,1.5811,3.7654,0.17455,1.6008,3.8174,0.19685,1.7316,4.0886,0.086915,1.4655,3.7093,0.10329,1.5013,3.8457,0.14322,0.069014,3.9153,-0.12608,0.070852,4.138,0.4494,0.10428,4.0184,0.18188,0.037894
3.9061,0.26531,1.7567,3.904,0.15206,1.7738,4.0303,0.18039,1.581,3.7659,0.17631,1.6007,3.8177,0.19901,1.7315,4.0895,0.090782,1.4647,3.7099,0.10484,1.5013,3.8457,0.1433,0.068857,3.9153,-0.126,0.07105,4.1381,0.45079,0.10225,4.019,0.18205,0.038198
3.9065,0.26726,1.7568,3.9045,0.15432,1.7735,4.0306,0.18272,1.5808,3.7668,0.17943,1.6001,3.818,0.20094,1.7314,4.09,0.093687,1.4647,3.7105,0.10649,1.5013,3.8456,0.1434,0.068715,3.9152,-0.12592,0.07125,4.1373,0.45188,0.10041,4.0193,0.18228,0.038674
3.9072,0.2698,1.7564,3.9049,0.15657,1.7729,4.0312,0.18503,1.581,3.7667,0.18108,1.6003,3.8188,0.20335,1.731,4.0906,0.097269,1.4645,3.711,0.10822,1.5013,3.8456,0.14353,0.06859,3.9152,-0.12582,0.071506,4.1371,0.45334,0.098031,4.0194,0.18243,0.039137
3.9075,0.27196,1.7565,3.9052,0.15873,1.7734,4.0316,0.18783,1.5809,3.7671,0.18367,1.6002,3.8189,0.20533,1.7312,4.0913,0.10076,1.4642,3.7116,0.11019,1.5014,3.8455,0.14363,0.068435,3.9152,-0.12575,0.071801,4.1364,0.45447,0.095869,4.0198,0.18276,0.039588
3.9079,0.27461,1.7565,3.9061,0.16138,1.7731,4.0322,0.19043,1.581,3.7676,0.18547,1.6002,3.8197,0.20811,1.7308,4.0921,0.10457,1.4639,3.7123,0.11224,1.5017,3.8454,0.14391,0.068278,3.9152,-0.12562,0.072146,4.1344,0.45544,0.094292,4.0201,0.18301,0.040117
3.908,0.27699,1.7567,3.9061,0.16388,1.7728,4.0327,0.19341,1.5808,3.7692,0.18934,1.5996,3.82,0.21045,1.731,4.0929,0.10838,1.4638,3.713,0.1144,1.5019,3.8453,0.14404,0.068068,3.9151,-0.12555,0.072676,4.1348,0.45678,0.092486,4.0204,0.18323,0.040533
3.9084,0.27974,1.7567,3.9068,0.16668,1.7731,4.0334,0.19633,1.5809,3.7691,0.19163,1.5997,3.8208,0.21318,1.7306,4.0936,0.11209,1.4637,3.714,0.11707,1.5018,3.8452,0.14416,0.067941,3.9151,-0.12528,0.073085,4.1336,0.4579,0.091173,4.0207,0.1834,0.040901
3.9093,0.28294,1.7564,3.9076,0.16935,1.7731,4.0339,0.19968,1.5806,3.7696,0.19354,1.5999,3.8212,0.21599,1.7307,4.0943,0.11574,1.4636,3.7146,0.11943,1.5023,3.8452,0.14432,0.067734,3.9151,-0.12504,0.073655,4.1318,0.45878,0.090543,4.0212,0.18357,0.041139
3.909,0.28577,1.7562,3.9085,0.1725,1.7729,4.0346,0.20277,1.5806,3.7703,0.19711,1.5996,3.8222,0.21905,1.7305,4.0951,0.11965,1.4633,3.7152,0.12212,1.5025,3.8451,0.14441,0.067588,3.915,-0.1248,0.07432,4.1296,0.45985,0.08969,4.0219,0.18385,0.04128
3.9105,0.28907,1.7561,3.9093,0.17576,1.7726,4.0353,0.20619,1.5805,3.7708,0.1997,1.5997,3.8223,0.22167,1.7307,4.0959,0.12406,1.4627,3.7161,0.12511,1.5026,3.845,0.14453,0.067426,3.9149,-0.12457,0.075004,4.1282,0.46111,0.088684,4.0224,0.18402,0.0415
3.9106,0.29234,1.7564,3.91,0.17914,1.7728,4.0361,0.20948,1.5805,3.7717,0.20256,1.5996,3.8235,0.22524,1.7303,4.0967,0.12706,1.4632,3.7169,0.12801,1.5029,3.8448,0.14463,0.067336,3.9149,-0.12433,0.075695,4.1274,0.46229,0.087766,4.0228,0.18416,0.0418
3.9113,0.29572,1.7562,3.9105,0.18269,1.7724,4.0368,0.21299,1.5804,3.773,0.20631,1.5993,3.8239,0.22848,1.7305,4.0976,0.1305,1.4632,3.7178,0.13082,1.5032,3.8449,0.1446,0.067137,3.9147,-0.12405,0.076483,4.1248,0.46321,0.086974,4.0231,0.18425,0.042125
3.9123,0.29936,1.7557,3.9115,0.18596,1.7728,4.0377,0.21626,1.5805,3.7734,0.20933,1.5994,3.8246,0.23171,1.7304,4.0987,0.13454,1.4631,3.7187,0.13396,1.5033,3.8447,0.14488,0.067088,3.9145,-0.12379,0.077393,4.124,0.46424,0.086122,4.0238,0.18456,0.042268
3.9129,0.30298,1.7558,3.9122,0.18977,1.7724,4.0388,0.21867,1.5812,3.7745,0.21248,1.5991,3.8251,0.23526,1.7301,4.0995,0.13718,1.4633,3.7197,0.13696,1.5037,3.8448,0.14485,0.066947,3.9145,-0.12352,0.078239,4.1229,0.46559,0.084722,4.0241,0.18463,0.042639
3.9135,0.30652,1.7556,3.9137,0.1935,1.7725,4.0394,0.22353,1.5803,3.7746,0.21551,1.5991,3.8263,0.23854,1.7304,4.1006,0.14053,1.4635,3.7208,0.14001,1.5041,3.8447,0.14503,0.066818,3.9143,-0.12319,0.079169,4.1206,0.46657,0.083593,4.024,0.18466,0.043143
3.9143,0.31029,1.7555,3.9138,0.19723,1.7725,4.0403,0.22705,1.5802,3.7757,0.21865,1.599,3.8276,0.24251,1.73,4.1015,0.14343,1.4635,3.7217,0.14291,1.5043,3.8447,0.14519,0.06673,3.9141,-0.12291,0.080088,4.1203,0.46757,0.082311,4.0247,0.18509,0.043372
3.9152,0.31418,1.7552,3.9152,0.20109,1.7727,4.0411,0.23094,1.5801,3.7765,0.22194,1.5991,3.828,0.24603,1.7301,4.1028,0.14744,1.4632,3.7231,0.14621,1.5045,3.8445,0.14532,0.066728,3.914,-0.1226,0.080956,4.1191,0.46847,0.080965,4.0254,0.18549,0.043761
3.9159,0.31799,1.755,3.9162,0.20519,1.7728,4.0422,0.23428,1.5803,3.7775,0.22504,1.5991,3.8294,0.24981,1.7296,4.104,0.15006,1.4637,3.724,0.14913,1.5049,3.8444,0.14547,0.066655,3.9138,-0.12228,0.081984,4.1176,0.46947,0.0794,4.0256,0.18568,0.044216
3.9166,0.32195,1.7547,3.9173,0.20906,1.7727,4.0432,0.23798,1.5802,3.7786,0.22834,1.5988,3.8303,0.25344,1.7296,4.1051,0.1532,1.4636,3.7252,0.15225,1.5053,3.8443,0.14558,0.0666,3.9136,-0.12192,0.083102,4.1169,0.47033,0.077893,4.0261,0.18594,0.044506
3.9173,0.32574,1.7545,3.9179,0.21288,1.7726,4.0443,0.24149,1.5804,3.7796,0.23178,1.5988,3.8307,0.25681,1.7298,4.1064,0.1567,1.4635,3.7266,0.15531,1.5054,3.8442,0.14571,0.066537,3.9135,-0.1216,0.084129,4.117,0.47077,0.076393,4.027,0.18614,0.045054
3.9186,0.32978,1.7541,3.9192,0.21678,1.773,4.0454,0.24513,1.5805,3.7809,0.23505,1.5986,3.8318,0.26054,1.7298,4.1077,0.15996,1.4635,3.7278,0.15824,1.5057,3.8441,0.1458,0.0665,3.9132,-0.12127,0.085216,4.1171,0.47138,0.074769,4.0272,0.18635,0.045399
3.9195,0.33343,1.7539,3.9206,0.22051,1.7728,4.0465,0.249,1.5804,3.7815,0.2377,1.5987,3.8328,0.26396,1.7296,4.109,0.16339,1.4635,3.7292,0.16118,1.5058,3.8441,0.14593,0.066395,3.913,-0.1209,0.086323,4.1163,0.47153,0.074311,4.0274,0.18648,0.045532
3.92,0.33705,1.7541,3.9215,0.22435,1.773,4.0477,0.25272,1.5805,3.7832,0.24146,1.5984,3.8339,0.26767,1.7295,4.1106,0.16743,1.4632,3.7306,0.16415,1.5061,3.8441,0.14605,0.066319,3.9128,-0.12046,0.087409,4.1168,0.4716,0.073929,4.0275,0.18652,0.045609
3.921,0.34067,1.7541,3.9226,0.22792,1.773,4.0488,0.25653,1.5806,3.7843,0.24484,1.5986,3.8354,0.2712,1.7292,4.1118,0.17063,1.4634,3.732,0.16692,1.5063,3.844,0.14616,0.066227,3.9125,-0.12006,0.08859,4.117,0.4717,0.073616,4.0275,0.18657,0.045652
3.9223,0.34451,1.7539,3.924,0.23162,1.7732,4.0501,0.26031,1.5807,3.7857,0.24754,1.5989,3.8366,0.2747,1.7293,4.1133,0.17466,1.4633,3.7334,0.1698,1.5066,3.844,0.1463,0.066115,3.9123,-0.11963,0.089876,4.117,0.47185,0.073322,4.0275,0.18661,0.045734
3.923,0.34789,1.7542,3.9251,0.23506,1.7735,4.0514,0.26408,1.5809,3.7869,0.25089,1.5989,3.8373,0.27785,1.7297,4.1147,0.17891,1.4632,3.7349,0.1726,1.5071,3.8439,0.14639,0.066063,3.9121,-0.11909,0.091221,4.1171,0.47201,0.073023,4.0275,0.18668,0.04584
3.9242,0.35193,1.7536,3.9266,0.23888,1.7735,4.0527,0.26784,1.5811,3.7882,0.25427,1.599,3.839,0.28149,1.7296,4.1162,0.18309,1.4632,3.7363,0.1755,1.5074,3.8439,0.14652,0.065928,3.912,-0.11852,0.092611,4.1171,0.47207,0.072853,4.0275,0.18674,0.045928
3.9254,0.35515,1.7544,3.9282,0.24238,1.7735,4.0541,0.27168,1.5812,3.7897,0.25745,1.5992,3.84,0.28463,1.73,4.1176,0.18722,1.4632,3.7378,0.17839,1.5078,3.844,0.14672,0.065757,3.9118,-0.11795,0.094197,4.1171,0.47214,0.072718,4.0274,0.18679,0.045973
3.9266,0.35878,1.7547,3.9293,0.2461,1.7738,4.0554,0.27547,1.5814,3.7911,0.26126,1.5991,3.8414,0.28805,1.7302,4.1191,0.19171,1.4632,3.7394,0.18147,1.5083,3.8441,0.14692,0.065578,3.9116,-0.11731,0.09588,4.1171,0.4722,0.072625,4.0274,0.18681,0.046032
3.9279,0.36238,1.7548,3.931,0.2496,1.774,4.0567,0.27951,1.5813,3.7925,0.26414,1.5996,3.8432,0.29188,1.7301,4.1205,0.19632,1.4632,3.7412,0.18469,1.5086,3.8442,0.14713,0.065375,3.9108,-0.11653,0.097976,4.1171,0.47225,0.072482,4.0274,0.18684,0.046082
3.9296,0.36611,1.7548,3.9329,0.25334,1.7739,4.0581,0.28345,1.5814,3.7941,0.26821,1.5996,3.8444,0.29508,1.7306,4.1219,0.20078,1.4632,3.7426,0.18745,1.5095,3.8443,0.14732,0.065202,3.9106,-0.11585,0.099812,4.1171,0.47231,0.072366,4.0274,0.18687,0.046129
3.9307,0.3697,1.7551,3.9345,0.25699,1.7741,4.0593,0.28744,1.5813,3.7952,0.27088,1.6003,3.8462,0.29879,1.7305,4.1233,0.20541,1.4633,3.7442,0.19058,1.5099,3.8442,0.14747,0.065175,3.9104,-0.11507,0.10182,4.1171,0.47233,0.072262,4.0274,0.18691,0.046137
3.932,0.37346,1.7553,3.9357,0.2605,1.7745,4.0608,0.2914,1.5813,3.7968,0.27509,1.6001,3.8474,0.30202,1.7312,4.1249,0.21061,1.4632,3.7457,0.19368,1.5106,3.8442,0.14766,0.065093,3.9101,-0.11417,0.10359,4.1171,0.47233,0.0722,4.0274,0.18693,0.046154
3.9338,0.37743,1.7551,3.9372,0.26454,1.7742,4.0622,0.29504,1.5815,3.7981,0.27783,1.6008,3.8486,0.30559,1.7315,4.1262,0.2141,1.4637,3.7476,0.19705,1.5109,3.8441,0.1478,0.065009,3.9098,-0.11328,0.10574,4.118,0.47243,0.072078,4.0274,0.18695,0.046158
3.9347,0.3811,1.7554,3.9391,0.26822,1.7747,4.0635,0.29902,1.5816,3.7996,0.28162,1.6008,3.8503,0.30934,1.7316,4.1277,0.21859,1.4638,3.7489,0.20004,1.5116,3.8441,0.14796,0.064896,3.9096,-0.11225,0.10768,4.118,0.47244,0.072007,4.0274,0.18699,0.046103
3.936,0.38477,1.7556,3.9409,0.27231,1.775,4.0649,0.30284,1.5817,3.8009,0.28459,1.6015,3.8521,0.31319,1.7316,4.1291,0.22268,1.464,3.7504,0.20328,1.5122,3.8441,0.14815,0.064799,3.9094,-0.11124,0.10993,4.1181,0.47247,0.071911,4.0274,0.18712,0.046001
3.9373,0.38878,1.7558,3.9422,0.27607,1.7753,4.0662,0.30686,1.5819,3.8024,0.2881,1.6018,3.8532,0.3166,1.7321,4.1306,0.22687,1.4641,3.7519,0.20648,1.5128,3.844,0.14832,0.064703,3.9091,-0.11016,0.11221,4.1181,0.47249,0.071847,4.0274,0.18717,0.045948
3.9388,0.3928,1.7555,3.9436,0.28016,1.7755,4.0676,0.31097,1.582,3.8037,0.29137,1.602,3.8545,0.3203,1.7323,4.1321,0.23157,1.4639,3.7535,0.20978,1.5133,3.844,0.14854,0.064594,3.9088,-0.10907,0.11454,4.1181,0.47251,0.071755,4.0274,0.18715,0.045934
3.9396,0.39673,1.7559,3.9453,0.28403,1.7755,4.069,0.31496,1.5821,3.8052,0.29488,1.6023,3.8558,0.32432,1.7318,4.1336,0.23493,1.4644,3.755,0.21299,1.5139,3.8441,0.1488,0.064449,3.9085,-0.10781,0.11692,4.1181,0.47254,0.0717,4.0276,0.18687,0.046499
3.9408,0.40052,1.7559,3.9467,0.288,1.7758,4.0702,0.31915,1.5822,3.8068,0.29866,1.6022,3.8573,0.32757,1.7327,4.135,0.23928,1.4643,3.7565,0.21642,1.5145,3.844,0.14903,0.064369,3.9082,-0.10655,0.1193,4.1181,0.47256,0.071662,4.0276,0.18687,0.046482
3.9424,0.40474,1.7559,3.9482,0.29194,1.7762,4.0716,0.32311,1.5825,3.808,0.30177,1.6028,3.8589,0.33165,1.7327,4.1364,0.24249,1.4649,3.758,0.2197,1.5151,3.844,0.14932,0.064276,3.9079,-0.10528,0.12195,4.1181,0.47254,0.071618,4.0276,0.18687,0.046508
3.9431,0.40829,1.7562,3.9496,0.29604,1.7764,4.073,0.32703,1.5827,3.8094,0.30518,1.6031,3.8599,0.33491,1.7331,4.138,0.24681,1.4648,3.7594,0.22302,1.5157,3.8439,0.14979,0.064236,3.9076,-0.10396,0.1245,4.1181,0.47255,0.07157,4.0276,0.18688,0.046485
3.9444,0.41241,1.7563,3.9512,0.30021,1.776,4.0742,0.33099,1.5829,3.8104,0.30882,1.6028,3.8616,0.33918,1.7331,4.1394,0.24989,1.4653,3.761,0.2264,1.5162,3.8438,0.15007,0.064183,3.9073,-0.10239,0.12715,4.1181,0.47258,0.071513,4.0276,0.18687,0.046478
3.9454,0.41624,1.7564,3.9522,0.30382,1.7769,4.0755,0.33482,1.5831,3.8121,0.31193,1.6036,3.8625,0.34245,1.7335,4.1408,0.25364,1.4655,3.7624,0.22982,1.5167,3.8438,0.15038,0.064131,3.9071,-0.1007,0.1297,4.1181,0.47258,0.07148,4.0277,0.18689,0.046445
3.9467,0.42022,1.7565,3.9539,0.30803,1.7771,4.0769,0.33861,1.5834,3.8134,0.31537,1.6038,3.8638,0.34618,1.7338,4.1423,0.25795,1.4654,3.7637,0.23322,1.5173,3.8438,0.15067,0.064035,3.9068,-0.099072,0.13255,4.1181,0.47256,0.071471,4.0277,0.18692,0.046413
3.9477,0.424,1.7566,3.9552,0.31171,1.7773,4.078,0.34267,1.5834,3.8149,0.31894,1.6041,3.8654,0.3501,1.7337,4.1437,0.26124,1.466,3.7652,0.23663,1.5177,3.8438,0.15098,0.06395,3.9066,-0.097324,0.13535,4.1181,0.47257,0.071431,4.0277,0.18696,0.046332
3.9489,0.42789,1.7567,3.9563,0.31566,1.7777,4.0794,0.34646,1.5836,3.8161,0.32247,1.6042,3.8664,0.35356,1.7342,4.1452,0.26547,1.4657,3.7666,0.24001,1.5182,3.8437,0.15129,0.063884,3.9064,-0.095472,0.13815,4.1181,0.47257,0.071392,4.0277,0.18707,0.046284
3.9503,0.43182,1.7566,3.9579,0.31939,1.7778,4.0807,0.35033,1.5838,3.8176,0.32612,1.6041,3.8679,0.35729,1.7341,4.1464,0.26876,1.4663,3.7681,0.24342,1.5186,3.8438,0.15162,0.063796,3.9063,-0.093567,0.14119,4.1181,0.47258,0.071353,4.0277,0.18714,0.046254
3.9515,0.43579,1.7566,3.9591,0.3233,1.778,4.0817,0.35448,1.5837,3.819,0.3297,1.6043,3.8693,0.36115,1.7341,4.1479,0.27296,1.4662,3.7698,0.2472,1.5188,3.8442,0.15191,0.063511,3.9061,-0.091436,0.14405,4.118,0.47259,0.071317,4.0277,0.18723,0.046173
3.9523,0.43922,1.7569,3.9606,0.32706,1.7779,4.0831,0.35814,1.584,3.8201,0.33313,1.6044,3.87,0.36436,1.7345,4.1492,0.27634,1.4667,3.7709,0.25038,1.5195,3.8441,0.15242,0.063485,3.906,-0.089326,0.14724,4.118,0.47259,0.071286,4.0276,0.18734,0.046071
3.9534,0.44306,1.7569,3.9615,0.33073,1.7782,4.0844,0.36193,1.5841,3.8213,0.33635,1.6048,3.8713,0.36818,1.7346,4.1505,0.28004,1.4669,3.7722,0.25376,1.5198,3.8431,0.15246,0.063779,3.906,-0.087124,0.15032,4.118,0.47256,0.071275,4.0276,0.18743,0.045995
3.9548,0.44683,1.7568,3.9628,0.3344,1.7784,4.0854,0.3657,1.5842,3.8227,0.34006,1.6046,3.8725,0.37159,1.7347,4.1518,0.28387,1.467,3.7736,0.2574,1.52,3.844,0.15298,0.063509,3.9058,-0.084568,0.15347,4.1179,0.47257,0.071254,4.0276,0.1876,0.045804
3.9555,0.45039,1.7571,3.9643,0.33826,1.7783,4.0868,0.36939,1.5844,3.8238,0.34341,1.6049,3.8736,0.37519,1.7349,4.1531,0.28763,1.4671,3.775,0.26072,1.5204,3.8439,0.15381,0.06346,3.9058,-0.081997,0.15686,4.118,0.47261,0.071167,4.0275,0.18777,0.045528
3.957,0.45423,1.7569,3.9653,0.34188,1.7785,4.088,0.37313,1.5844,3.825,0.34669,1.605,3.8752,0.37903,1.7345,4.1544,0.29162,1.4672,3.7763,0.26425,1.5205,3.8438,0.15441,0.063377,3.9057,-0.079063,0.16032,4.118,0.47261,0.071145,4.0275,0.18781,0.045329
3.9581,0.45807,1.7568,3.9662,0.34575,1.7785,4.0891,0.37696,1.5845,3.8262,0.35032,1.6049,3.8763,0.38274,1.7345,4.1556,0.29541,1.4671,3.7777,0.26765,1.5208,3.8439,0.1549,0.063272,3.9057,-0.076187,0.16395,4.1179,0.47257,0.071143,4.0273,0.18786,0.045189
3.9587,0.46146,1.757,3.9674,0.34936,1.7785,4.0902,0.38099,1.5843,3.8275,0.35378,1.605,3.8775,0.38624,1.7343,4.1569,0.2992,1.4671,3.7793,0.27133,1.5208,3.8439,0.15577,0.063152,3.9056,-0.072864,0.16762,4.1179,0.47261,0.071082,4.0278,0.18683,0.045596
3.9592,0.46518,1.7566,3.9688,0.35302,1.7785,4.0914,0.38476,1.5842,3.8285,0.35718,1.6048,3.8782,0.38966,1.7346,4.1581,0.30294,1.4672,3.7802,0.27435,1.5212,3.8441,0.15653,0.062823,3.9057,-0.0695,0.17163,4.118,0.47263,0.071049,4.0278,0.18676,0.04575
3.9609,0.46893,1.7566,3.9699,0.35674,1.7784,4.0923,0.38868,1.5841,3.8298,0.36108,1.6044,3.8795,0.39338,1.7344,4.1594,0.30656,1.4672,3.7815,0.27775,1.5213,3.8442,0.15728,0.062594,3.9057,-0.065702,0.17567,4.1179,0.47261,0.071015,4.0278,0.18674,0.045872
3.9615,0.47266,1.7567,3.9714,0.36077,1.7781,4.0935,0.39215,1.5843,3.8309,0.36409,1.6046,3.8803,0.39678,1.7344,4.1606,0.31061,1.4671,3.7828,0.28115,1.5214,3.844,0.15798,0.062601,3.9058,-0.061702,0.18011,4.1179,0.4726,0.070997,4.0278,0.18669,0.045953
3.9629,0.47656,1.7562,3.9721,0.36428,1.7781,4.0947,0.39564,1.5843,3.8319,0.36759,1.6045,3.8813,0.40043,1.7343,4.1619,0.31507,1.4668,3.7841,0.28428,1.5215,3.8451,0.15926,0.062101,3.9059,-0.057265,0.18464,4.1179,0.47259,0.07098,4.0279,0.18676,0.04601
3.9633,0.48004,1.7563,3.9728,0.36815,1.7781,4.0956,0.39953,1.5841,3.8331,0.37112,1.6042,3.8824,0.404,1.734,4.163,0.31816,1.4669,3.7853,0.28757,1.5215,3.8442,0.16018,0.062164,3.9061,-0.052606,0.18972,4.1179,0.47259,0.070944,4.0278,0.18715,0.046144
3.9642,0.48369,1.7561,3.9738,0.37166,1.7781,4.0967,0.40319,1.5841,3.8342,0.37433,1.6041,3.8833,0.40754,1.7339,4.1642,0.32181,1.4669,3.7866,0.29073,1.5216,3.844,0.16165,0.061749,3.9063,-0.04751,0.19475,4.1179,0.47261,0.070905,4.0276,0.18775,0.046231
3.965,0.48737,1.7558,3.975,0.37539,1.7779,4.0977,0.40724,1.5837,3.8351,0.37778,1.6038,3.8841,0.41088,1.7338,4.1654,0.32553,1.4667,3.7878,0.29389,1.5217,3.8435,0.16306,0.061778,3.9065,-0.041988,0.20013,4.1179,0.47259,0.070901,4.028,0.18678,0.04619
3.9661,0.49133,1.7553,3.9759,0.37909,1.7777,4.0987,0.41069,1.5837,3.8361,0.38095,1.6036,3.8855,0.41493,1.7332,4.1666,0.33022,1.4663,3.789,0.29686,1.5218,3.8434,0.16491,0.061482,3.9067,-0.035956,0.20569,4.1179,0.47259,0.070856,4.0281,0.18677,0.046162
3.9668,0.49495,1.7549,3.9764,0.3831,1.777,4.0995,0.41449,1.5835,3.8371,0.38433,1.6033,3.886,0.41811,1.7331,4.1675,0.333,1.4663,3.7905,0.30022,1.5215,3.8432,0.16676,0.061112,3.9071,-0.029658,0.21157,4.118,0.47259,0.070835,4.0281,0.18676,0.046114
3.9672,0.49849,1.7548,3.9776,0.38656,1.7773,4.1006,0.418,1.5834,3.8383,0.38779,1.6029,3.8872,0.42186,1.7326,4.1686,0.33669,1.4661,3.7914,0.30307,1.5217,3.8428,0.16889,0.060694,3.9072,-0.022812,0.21756,4.1179,0.47259,0.070818,4.0281,0.18673,0.046111
3.9678,0.50204,1.7544,3.9785,0.39038,1.777,4.1014,0.42194,1.5829,3.8393,0.39117,1.6026,3.888,0.42537,1.7322,4.1696,0.34033,1.4659,3.7923,0.30614,1.5217,3.8424,0.17123,0.060189,3.9076,-0.015486,0.22383,4.118,0.47258,0.070808,4.0281,0.18705,0.046187
3.969,0.50597,1.7537,3.9794,0.39398,1.7767,4.1021,0.42595,1.5823,3.84,0.39412,1.6024,3.8885,0.42861,1.7322,4.1705,0.34403,1.4656,3.7935,0.3091,1.5215,3.8419,0.17394,0.059638,3.9078,-0.007944,0.23027,4.1179,0.47255,0.070799,4.0282,0.18671,0.046032
3.9697,0.50964,1.7531,3.9806,0.39774,1.776,4.103,0.42915,1.5821,3.8408,0.39726,1.6021,3.8893,0.43222,1.7317,4.1714,0.34771,1.4652,3.7945,0.31201,1.5215,3.8416,0.17686,0.059019,3.908,0.000564,0.23656,4.118,0.47258,0.070765,4.0282,0.1867,0.045996
3.9699,0.51296,1.7529,3.9812,0.40159,1.7752,4.1038,0.43275,1.5817,3.8415,0.40054,1.6018,3.8904,0.43573,1.731,4.1723,0.35143,1.4649,3.7954,0.31519,1.5213,3.8411,0.17979,0.058233,3.9082,0.009276,0.24301,4.118,0.47253,0.070772,4.0282,0.18666,0.045994
3.9706,0.51666,1.7524,3.9817,0.40475,1.7755,4.1045,0.43641,1.5811,3.8425,0.40395,1.6011,3.8912,0.43917,1.7307,4.1729,0.355,1.4645,3.7962,0.31797,1.5212,3.8403,0.18303,0.057361,3.9084,0.018333,0.24955,4.118,0.47256,0.070725,4.0283,0.18664,0.045975
3.9712,0.5199,1.7518,3.9825,0.40837,1.7751,4.1049,0.44041,1.5803,3.8432,0.40736,1.6007,3.8915,0.4423,1.7305,4.1736,0.35921,1.4636,3.797,0.32083,1.5209,3.8396,0.18627,0.05655,3.9086,0.027882,0.25573,4.1177,0.47278,0.070598,4.0283,0.18665,0.045944
3.9717,0.52355,1.7513,3.9834,0.41198,1.7747,4.1055,0.4433,1.58,3.8436,0.41012,1.6006,3.8924,0.446,1.7297,4.1742,0.36261,1.4631,3.7976,0.32368,1.5207,3.8391,0.18939,0.055734,3.909,0.037205,0.26189,4.1173,0.47274,0.07068,4.0283,0.18661,0.045941
3.9722,0.52718,1.7506,3.984,0.41552,1.7742,4.106,0.4467,1.5795,3.8443,0.4136,1.5999,3.8927,0.44922,1.7295,4.1746,0.36548,1.463,3.7983,0.32669,1.5204,3.8385,0.19317,0.05466,3.9096,0.04567,0.2671,4.1179,0.47278,0.070831,4.0283,0.1866,0.045931
3.9726,0.53046,1.75,3.9844,0.41906,1.7737,4.1066,0.45003,1.579,3.8447,0.41651,1.5997,3.8931,0.45239,1.7291,4.1752,0.36929,1.4624,3.7989,0.32948,1.5201,3.837,0.19673,0.054035,3.9104,0.053311,0.2715,4.1179,0.47279,0.070802,4.0283,0.18662,0.045911
3.973,0.53395,1.7494,3.9849,0.42241,1.7731,4.1069,0.4536,1.5783,3.845,0.41953,1.5994,3.8935,0.45571,1.7286,4.1755,0.37256,1.462,3.7994,0.33246,1.5197,3.8373,0.20304,0.053981,3.9106,0.059664,0.27376,4.1179,0.4728,0.070776,4.0284,0.1866,0.045919
3.9733,0.53729,1.7488,3.9853,0.42594,1.7727,4.1072,0.45698,1.5777,3.8454,0.42264,1.5989,3.8939,0.45931,1.728,4.1759,0.37588,1.4616,3.7997,0.33521,1.5194,3.8383,0.21304,0.057054,3.9103,0.064705,0.27445,4.1179,0.47282,0.070729,4.0284,0.18659,0.045902
3.9734,0.54069,1.7482,3.986,0.42945,1.7719,4.1074,0.45984,1.5773,3.8457,0.42583,1.5983,3.8945,0.46257,1.7272,4.1761,0.37958,1.4609,3.8,0.33814,1.5192,3.8395,0.22539,0.061311,3.9098,0.068916,0.27429,4.1179,0.47282,0.070696,4.0284,0.1866,0.04591
3.9731,0.54421,1.7473,3.9857,0.43266,1.7717,4.1075,0.46348,1.5766,3.8459,0.42909,1.5978,3.8947,0.46576,1.7267,4.1763,0.38287,1.4604,3.8001,0.34101,1.5188,3.8421,0.23923,0.065613,3.9092,0.073493,0.27268,4.118,0.47283,0.070658,4.0284,0.18659,0.045951
3.9736,0.54751,1.747,3.986,0.4362,1.7713,4.1075,0.46731,1.5758,3.8463,0.43229,1.5972,3.894,0.46897,1.7262,4.1766,0.38672,1.4598,3.8005,0.34378,1.5184,3.8448,0.25371,0.0693,3.9082,0.078695,0.26982,4.118,0.47287,0.070607,4.0284,0.18661,0.045943
3.9736,0.55072,1.7465,3.9859,0.43966,1.771,4.1078,0.46961,1.576,3.8464,0.43528,1.5968,3.8945,0.4724,1.726,4.1768,0.38998,1.4595,3.801,0.34702,1.5179,3.847,0.26891,0.073038,3.9068,0.084621,0.26626,4.118,0.47286,0.070562,4.0284,0.18662,0.045979
3.9735,0.55429,1.746,3.9862,0.44309,1.7704,4.1077,0.47354,1.5754,3.8462,0.43815,1.5967,3.8948,0.47577,1.7254,4.1768,0.39259,1.4593,3.8008,0.34971,1.5178,3.8493,0.28423,0.07547,3.906,0.09186,0.26134,4.1178,0.47292,0.070425,4.0283,0.18553,0.045917
3.9733,0.55773,1.7456,3.9862,0.44653,1.7701,4.1078,0.47654,1.5752,3.8462,0.44131,1.5963,3.8944,0.47882,1.7253,4.1769,0.39588,1.4589,3.8009,0.35258,1.5177,3.8505,0.29948,0.07755,3.9061,0.099522,0.25595,4.118,0.47282,0.070665,4.0283,0.18624,0.046098
3.9731,0.56106,1.7452,3.9853,0.44999,1.7696,4.1076,0.48045,1.5747,3.8464,0.44463,1.5957,3.8943,0.48211,1.7249,4.177,0.39914,1.4587,3.8009,0.35562,1.5174,3.8508,0.31542,0.079372,3.906,0.10802,0.24976,4.118,0.47286,0.07063,4.0283,0.18631,0.046173
3.9727,0.56413,1.7449,3.9854,0.45313,1.7698,4.1076,0.4834,1.5747,3.8461,0.44744,1.5956,3.894,0.48537,1.7246,4.1772,0.40214,1.4587,3.801,0.35856,1.5171,3.8506,0.33114,0.080474,3.9063,0.11755,0.24263,4.1181,0.4729,0.070583,4.0279,0.18653,0.045676
3.9727,0.5678,1.7443,3.985,0.45636,1.7696,4.1075,0.48619,1.5749,3.846,0.45053,1.5953,3.8941,0.48878,1.7239,4.1772,0.4055,1.4585,3.8014,0.36159,1.5167,3.8498,0.34677,0.081363,3.9066,0.12797,0.23512,4.1175,0.47336,0.070294,4.0279,0.18677,0.045819
3.9719,0.57104,1.7443,3.9848,0.45977,1.7694,4.1073,0.49029,1.5743,3.8459,0.45353,1.595,3.8936,0.49186,1.7241,4.1772,0.40873,1.4584,3.8011,0.36436,1.5166,3.8479,0.36286,0.081613,3.9075,0.13879,0.22752,4.1174,0.47186,0.070119,4.028,0.1865,0.04578
3.9718,0.57467,1.7438,3.9849,0.46342,1.769,4.107,0.49396,1.5741,3.8458,0.45697,1.5944,3.8932,0.49505,1.7239,4.1771,0.41222,1.4582,3.8011,0.36729,1.5165,3.8456,0.37888,0.081135,3.9085,0.15087,0.21949,4.1174,0.47188,0.07009,4.028,0.18654,0.045811
3.971,0.57763,1.7438,3.9844,0.46674,1.7689,4.1068,0.49702,1.5743,3.8454,0.45966,1.5945,3.8929,0.49815,1.7236,4.1771,0.41555,1.4583,3.8011,0.37004,1.5164,3.8433,0.39442,0.080016,3.9095,0.16329,0.21174,4.1174,0.47194,0.070065,4.0279,0.18646,0.045848
3.9707,0.58095,1.7433,3.9839,0.46982,1.7688,4.1066,0.5001,1.5743,3.8452,0.46264,1.5942,3.8924,0.50155,1.723,4.1771,0.4196,1.458,3.8009,0.37284,1.5162,3.8398,0.40919,0.07915,3.9105,0.17606,0.20417,4.1174,0.47195,0.070031,4.0279,0.18679,0.045936
3.9698,0.5844,1.7433,3.9835,0.47338,1.7688,4.1063,0.50339,1.5745,3.8449,0.46578,1.594,3.8916,0.50479,1.7229,4.177,0.42328,1.4579,3.8007,0.376,1.516,3.8363,0.42588,0.077774,3.9116,0.19032,0.19583,4.1174,0.47196,0.069979,4.0279,0.18687,0.045917
3.9692,0.58776,1.7431,3.9832,0.47696,1.7685,4.1057,0.50745,1.574,3.8446,0.4688,1.5939,3.8912,0.50801,1.7227,4.1768,0.42568,1.4584,3.8007,0.37898,1.5159,3.8333,0.44179,0.076567,3.9122,0.20418,0.18772,4.1174,0.47195,0.069931,4.027,0.18635,0.046357
3.9688,0.59145,1.7427,3.9824,0.48028,1.7686,4.1053,0.51135,1.5737,3.8443,0.47202,1.5936,3.8907,0.51128,1.7225,4.1766,0.42912,1.4584,3.8005,0.38197,1.5157,3.8298,0.45813,0.07614,3.9126,0.21837,0.17925,4.1173,0.472,0.069878,4.027,0.18638,0.046377
3.9679,0.59453,1.7427,3.9822,0.48391,1.7681,4.1048,0.51486,1.5736,3.8438,0.47508,1.5934,3.8901,0.51442,1.7223,4.1763,0.43254,1.4585,3.8003,0.38496,1.5157,3.8268,0.47426,0.076193,3.9125,0.23223,0.17115,4.1174,0.47204,0.069854,4.027,0.1864,0.046401
3.9675,0.59813,1.7422,3.9814,0.48723,1.7681,4.1045,0.51738,1.574,3.8434,0.4783,1.5932,3.8898,0.51795,1.7219,4.176,0.43607,1.4585,3.8001,0.38809,1.5155,3.8242,0.49107,0.076398,3.9119,0.24657,0.16298,4.1173,0.47207,0.069813,4.0269,0.18641,0.046422
3.9665,0.6013,1.7422,3.9808,0.49054,1.7681,4.104,0.52107,1.5738,3.8429,0.48132,1.5929,3.8889,0.52103,1.7218,4.1757,0.44072,1.4582,3.7997,0.39117,1.5154,3.822,0.50764,0.076484,3.9107,0.26082,0.15502,4.1173,0.4721,0.069776,4.0269,0.18643,0.046454
3.9656,0.60479,1.742,3.9801,0.49396,1.768,4.1032,0.52541,1.5732,3.8427,0.48493,1.5924,3.8886,0.52448,1.7213,4.1754,0.44311,1.4586,3.7995,0.3942,1.5153,3.8201,0.5242,0.076947,3.9091,0.27504,0.14748,4.1173,0.47212,0.069744,4.0269,0.18644,0.046498
3.9652,0.60848,1.7415,3.9795,0.49749,1.7677,4.1026,0.5294,1.5729,3.8419,0.48775,1.5923,3.8879,0.52788,1.721,4.175,0.44679,1.4584,3.7995,0.39765,1.515,3.8191,0.54101,0.077249,3.9068,0.28948,0.13997,4.1173,0.47216,0.069703,4.0269,0.18645,0.046535
3.9643,0.612,1.7412,3.9788,0.50104,1.7674,4.102,0.53247,1.573,3.8414,0.49087,1.5921,3.887,0.53094,1.721,4.1746,0.45024,1.4584,3.7989,0.40066,1.5151,3.8182,0.55768,0.077566,3.9042,0.30374,0.13315,4.1181,0.47167,0.069332,4.0268,0.18648,0.046568
3.9632,0.61511,1.7411,3.9781,0.50452,1.7672,4.1016,0.5353,1.5732,3.8408,0.49404,1.5917,3.8862,0.53426,1.7207,4.1741,0.45379,1.4583,3.7984,0.40397,1.515,3.8177,0.57417,0.07806,3.9013,0.31802,0.12649,4.1177,0.47215,0.069395,4.0268,0.18649,0.046591
3.9625,0.6187,1.7409,3.9774,0.50806,1.767,4.1007,0.53965,1.5726,3.8402,0.49725,1.5914,3.8855,0.53761,1.7204,4.1736,0.45727,1.4581,3.798,0.40724,1.5147,3.8182,0.59033,0.078922,3.8981,0.33209,0.12015,4.1181,0.47239,0.069313,4.0268,0.1865,0.04661
3.9619,0.62236,1.7404,3.9763,0.51162,1.7664,4.0998,0.54442,1.5719,3.8396,0.50057,1.591,3.8851,0.54128,1.7198,4.173,0.46085,1.4579,3.7976,0.41055,1.5146,3.8182,0.60649,0.07975,3.8949,0.34623,0.11413,4.1179,0.47279,0.069428,4.0267,0.18651,0.046635
3.9608,0.62571,1.7403,3.976,0.51498,1.7664,4.0994,0.54667,1.5722,3.8389,0.50384,1.5907,3.8841,0.54457,1.7197,4.1724,0.46454,1.4575,3.7969,0.41388,1.5144,3.818,0.62201,0.080997,3.8918,0.36003,0.10831,4.1179,0.47321,0.069467,4.0267,0.18654,0.046647
3.9599,0.62945,1.7396,3.9753,0.5185,1.7661,4.0987,0.55029,1.572,3.8382,0.50716,1.5904,3.8834,0.5479,1.7193,4.1719,0.46781,1.4574,3.7963,0.41738,1.5141,3.8175,0.63779,0.082264,3.8886,0.37401,0.10251,4.1179,0.47327,0.069435,4.0267,0.18654,0.046681
3.9586,0.63264,1.7394,3.9745,0.52197,1.7657,4.0979,0.55443,1.5715,3.8376,0.51061,1.59,3.8825,0.55125,1.7191,4.1712,0.47133,1.4572,3.7957,0.42089,1.5137,3.8179,0.65281,0.084385,3.8854,0.38803,0.097075,4.1179,0.47327,0.069408,4.0266,0.18657,0.046698
3.9577,0.63622,1.7391,3.9737,0.52558,1.7654,4.0969,0.55922,1.5705,3.8368,0.51406,1.5896,3.8816,0.5546,1.7188,4.1704,0.47496,1.4568,3.7949,0.42447,1.5133,3.8174,0.66745,0.085874,3.8824,0.40152,0.092038,4.1169,0.47322,0.0695,4.0266,0.18658,0.046721
3.9571,0.64015,1.7384,3.9729,0.52933,1.7649,4.0963,0.56154,1.5708,3.836,0.51762,1.5893,3.8808,0.55812,1.7183,4.1696,0.47883,1.4563,3.7945,0.42831,1.5127,3.8182,0.67995,0.087964,3.8795,0.41491,0.087385,4.1179,0.47331,0.069358,4.0266,0.1866,0.046734
3.956,0.64351,1.7382,3.972,0.53287,1.7645,4.0951,0.56685,1.5695,3.8351,0.52108,1.5888,3.8799,0.56176,1.7179,4.1689,0.48206,1.4561,3.7937,0.43198,1.5121,3.8167,0.69464,0.090153,3.8767,0.42795,0.083053,4.1178,0.47331,0.069344,4.0266,0.18659,0.046773
3.9549,0.64716,1.7378,3.9712,0.53641,1.764,4.094,0.57044,1.569,3.8343,0.52497,1.588,3.879,0.56533,1.7175,4.168,0.48561,1.4559,3.7925,0.43538,1.5118,3.8164,0.70785,0.092095,3.8737,0.44051,0.07913,4.1169,0.47328,0.069375,4.0265,0.18662,0.046792
3.9539,0.65063,1.7372,3.9704,0.54021,1.7632,4.0935,0.57198,1.5698,3.833,0.52831,1.5877,3.878,0.56904,1.7169,4.1671,0.48951,1.4554,3.7914,0.43898,1.5113,3.8155,0.72048,0.094559,3.8709,0.45263,0.075562,4.1168,0.47329,0.069344,4.0265,0.18663,0.046821
3.9528,0.65439,1.7367,3.9689,0.54379,1.7629,4.092,0.57719,1.5685,3.8321,0.53222,1.587,3.8771,0.57297,1.7161,4.1661,0.4943,1.4546,3.7904,0.44263,1.5107,3.8147,0.7322,0.096445,3.8682,0.4646,0.072113,4.1168,0.47333,0.069257,4.0264,0.18667,0.046854
3.9516,0.65805,1.7361,3.9681,0.54768,1.7622,4.091,0.58094,1.5679,3.8309,0.53562,1.5866,3.8756,0.57627,1.7157,4.165,0.49661,1.4547,3.7894,0.44633,1.5102,3.814,0.74291,0.098209,3.8655,0.47548,0.069206,4.1168,0.47338,0.069198,4.0264,0.18668,0.046911
3.9502,0.66182,1.7356,3.9664,0.55122,1.7618,4.09,0.58407,1.5678,3.8297,0.53943,1.5859,3.8743,0.57999,1.7151,4.1638,0.50033,1.4543,3.7883,0.45013,1.5096,3.8133,0.7531,0.1,3.8629,0.48597,0.066461,4.1168,0.47343,0.069122,4.0263,0.18704,0.046648
3.9491,0.66585,1.7348,3.9651,0.55515,1.7612,4.0885,0.58831,1.5671,3.8283,0.54301,1.5853,3.8732,0.58407,1.7142,4.1628,0.50525,1.4536,3.7871,0.45381,1.5092,3.8117,0.76253,0.10157,3.8607,0.49559,0.064136,4.1169,0.4735,0.069002,4.0262,0.18707,0.046755
3.9474,0.66945,1.7343,3.9639,0.55916,1.7605,4.0871,0.5921,1.5664,3.827,0.5467,1.5847,3.8715,0.58763,1.7138,4.1614,0.50753,1.4535,3.7861,0.45771,1.5084,3.8115,0.77088,0.10252,3.8595,0.50394,0.064154,4.117,0.47359,0.068874,4.0263,0.18713,0.046883
3.9459,0.67342,1.7336,3.9619,0.56265,1.7603,4.0858,0.5949,1.5665,3.8256,0.55055,1.5839,3.8702,0.59165,1.7129,4.1601,0.51132,1.453,3.7845,0.46114,1.508,3.81,0.7785,0.10228,3.8585,0.51108,0.063803,4.117,0.47368,0.06875,4.0262,0.18716,0.046971
3.9442,0.67733,1.7328,3.9602,0.56662,1.7597,4.0842,0.60017,1.565,3.8241,0.55414,1.5833,3.8684,0.59538,1.7124,4.1587,0.51494,1.4526,3.7831,0.46488,1.5075,3.8095,0.78407,0.10105,3.8586,0.51692,0.063766,4.1171,0.47376,0.068587,4.0262,0.18719,0.047086
3.9428,0.68137,1.7319,3.9589,0.57074,1.7589,4.0828,0.60303,1.5651,3.8224,0.55778,1.5827,3.8667,0.5994,1.7113,4.1573,0.51819,1.4525,3.7815,0.46851,1.507,3.8083,0.78843,0.09908,3.8592,0.52131,0.063779,4.1172,0.47391,0.068387,4.0261,0.18725,0.04719
3.9408,0.685,1.7315,3.9567,0.57451,1.7586,4.0813,0.60574,1.5652,3.821,0.56156,1.582,3.8649,0.60319,1.7112,4.1558,0.52178,1.4521,3.7799,0.47216,1.5065,3.8069,0.79123,0.096529,3.8606,0.52445,0.063834,4.1172,0.47397,0.068279,4.026,0.18729,0.047303
3.9389,0.68894,1.7308,3.9551,0.57858,1.7579,4.0794,0.61045,1.5641,3.8193,0.56526,1.5814,3.8631,0.60694,1.7105,4.1542,0.52526,1.4517,3.7784,0.47594,1.5058,3.8062,0.7926,0.093584,3.8622,0.52587,0.064066,4.1173,0.47408,0.068137,4.026,0.18734,0.047449
3.9371,0.69272,1.7301,3.9529,0.58227,1.7576,4.0778,0.61402,1.5637,3.8176,0.56912,1.5806,3.8615,0.61107,1.7097,4.1526,0.52892,1.4516,3.7767,0.47976,1.5053,3.8057,0.79283,0.090945,3.8634,0.52654,0.064218,4.1173,0.47419,0.068,4.0259,0.18739,0.047569
3.9352,0.69649,1.7295,3.951,0.58619,1.7572,4.0762,0.61609,1.5642,3.8157,0.57257,1.5803,3.8593,0.61469,1.7093,4.1512,0.53312,1.4513,3.775,0.48358,1.5047,3.8057,0.7932,0.089253,3.8637,0.52671,0.064235,4.1173,0.47431,0.067851,4.0258,0.18746,0.047761
3.9332,0.70025,1.7291,3.9492,0.59013,1.7567,4.0741,0.62083,1.5632,3.8139,0.57627,1.5798,3.8574,0.61855,1.7089,4.1494,0.53563,1.4514,3.7731,0.48729,1.5041,3.8065,0.79382,0.088362,3.8636,0.52691,0.064362,4.1172,0.47438,0.067756,4.0257,0.18753,0.048011
3.9314,0.70434,1.7286,3.9468,0.59383,1.7568,4.0723,0.62477,1.563,3.812,0.58043,1.5792,3.8553,0.6224,1.7086,4.1475,0.53907,1.4512,3.7712,0.49129,1.5036,3.8075,0.79458,0.08748,3.8634,0.52723,0.06469,4.1181,0.4745,0.067632,4.0256,0.18765,0.048261
3.929,0.70808,1.7286,3.9448,0.59787,1.7566,4.0705,0.62775,1.5636,3.8101,0.58422,1.5791,3.8532,0.6263,1.7084,4.1457,0.54261,1.4511,3.7692,0.49542,1.5031,3.8078,0.79556,0.085938,3.8633,0.52756,0.065048,4.1181,0.47462,0.067507,4.0255,0.18779,0.048553
3.9268,0.71202,1.7286,3.9425,0.60185,1.7566,4.0684,0.63214,1.5635,3.808,0.58784,1.5792,3.8511,0.63027,1.7083,4.1439,0.54625,1.451,3.7673,0.49946,1.5027,3.8085,0.796,0.084507,3.8632,0.52787,0.065356,4.118,0.47473,0.067371,4.0253,0.1879,0.048873
3.9249,0.71614,1.7284,3.9402,0.60604,1.7561,4.0664,0.63613,1.5635,3.806,0.59215,1.5787,3.8489,0.63414,1.7081,4.1423,0.55086,1.4508,3.7654,0.5036,1.5023,3.8084,0.7965,0.083181,3.863,0.52816,0.065652,4.118,0.47486,0.067255,4.0252,0.18802,0.049197
3.9228,0.71997,1.7285,3.9377,0.60957,1.7562,4.0641,0.64099,1.5632,3.8039,0.59573,1.5788,3.8471,0.63823,1.7078,4.1404,0.55458,1.4508,3.7637,0.50801,1.5017,3.808,0.7971,0.082054,3.8628,0.52839,0.065875,4.118,0.47498,0.067132,4.025,0.18821,0.049525
3.9204,0.72355,1.7287,3.9356,0.61327,1.7562,4.0624,0.64385,1.5639,3.8016,0.59977,1.5786,3.8447,0.64161,1.7079,4.1384,0.55791,1.4512,3.7619,0.5122,1.5015,3.8086,0.79742,0.081274,3.8625,0.52867,0.066051,4.1177,0.47503,0.067091,4.0253,0.18852,0.049804
3.9184,0.7276,1.7287,3.9335,0.61706,1.756,4.0601,0.64878,1.5636,3.7998,0.60395,1.5784,3.8425,0.64549,1.7079,4.1366,0.56223,1.4514,3.7598,0.51606,1.5015,3.8089,0.79799,0.080075,3.8623,0.52886,0.06633,4.1178,0.47521,0.066934,4.0251,0.18871,0.050262
3.9162,0.7315,1.7289,3.9314,0.62089,1.756,4.0577,0.65418,1.5631,3.7977,0.60796,1.5783,3.8404,0.64935,1.7079,4.1346,0.56673,1.4514,3.7578,0.52021,1.5013,3.8091,0.79839,0.079238,3.8621,0.52901,0.066473,4.1168,0.4754,0.066789,4.0249,0.18893,0.050926
3.9138,0.73533,1.7291,3.9292,0.62493,1.7559,4.056,0.6578,1.5635,3.7956,0.61183,1.5783,3.8385,0.6536,1.7076,4.1329,0.57209,1.4514,3.7561,0.52457,1.5011,3.8093,0.79868,0.078741,3.8621,0.52913,0.066399,4.1168,0.47563,0.066591,4.0247,0.18923,0.051713
3.9115,0.73944,1.7293,3.9266,0.629,1.7558,4.0542,0.66488,1.5625,3.7936,0.61605,1.5782,3.8364,0.65768,1.7077,4.1309,0.57573,1.452,3.7542,0.52871,1.5009,3.8095,0.79884,0.07835,3.8619,0.5291,0.066488,4.1167,0.47588,0.066394,4.0245,0.18958,0.05277
3.9093,0.74367,1.7294,3.9249,0.63323,1.7563,4.0517,0.66665,1.5638,3.7911,0.61993,1.5782,3.834,0.6615,1.708,4.1288,0.57973,1.4523,3.7522,0.53274,1.5008,3.8097,0.79902,0.077969,3.8618,0.52912,0.066457,4.1165,0.47623,0.066209,4.0242,0.19002,0.054207
3.9071,0.74785,1.7296,3.9228,0.63754,1.7565,4.0499,0.67049,1.5642,3.7896,0.62428,1.5784,3.8322,0.66602,1.7079,4.1268,0.58435,1.4525,3.7503,0.53706,1.5007,3.8096,0.79935,0.077426,3.8618,0.52919,0.066312,4.1165,0.47664,0.065937,4.0234,0.19056,0.055817
3.905,0.75217,1.7298,3.9208,0.64177,1.7567,4.0477,0.67472,1.5646,3.7876,0.62837,1.5787,3.8301,0.67016,1.7082,4.1248,0.58891,1.4527,3.7486,0.54156,1.5003,3.8098,0.79943,0.077222,3.8617,0.52917,0.066271,4.1174,0.4771,0.065566,4.0226,0.19126,0.057732
3.903,0.75653,1.73,3.9188,0.64612,1.757,4.0458,0.67929,1.5648,3.7856,0.63267,1.579,3.8279,0.67413,1.7086,4.1228,0.59349,1.4531,3.7463,0.54578,1.5002,3.81,0.79954,0.077014,3.8617,0.52917,0.066203,4.1175,0.47759,0.065165,4.0216,0.19188,0.060096
3.9013,0.76104,1.7302,3.9172,0.65067,1.757,4.0436,0.6843,1.5648,3.7839,0.63759,1.579,3.8259,0.67858,1.709,4.1208,0.59863,1.4533,3.7442,0.55034,1.5001,3.8102,0.79966,0.076764,3.8617,0.52917,0.066159,4.1168,0.47816,0.064733,4.0211,0.19291,0.062749
3.8994,0.76522,1.7306,3.9151,0.65465,1.7575,4.0415,0.68854,1.565,3.7816,0.64158,1.5796,3.8242,0.68314,1.7091,4.1187,0.60228,1.4541,3.7421,0.55459,1.5,3.8103,0.79987,0.076464,3.8617,0.52917,0.066147,4.1169,0.47889,0.064111,4.0196,0.19391,0.065716
3.8973,0.76923,1.7312,3.9131,0.65878,1.7578,4.0401,0.69575,1.5641,3.7797,0.64652,1.5797,3.8221,0.68734,1.7096,4.1164,0.60654,1.4547,3.7403,0.55967,1.4995,3.8108,0.79997,0.07644,3.8617,0.5292,0.066134,4.117,0.47958,0.063646,4.0183,0.19514,0.068901
3.8958,0.7738,1.7314,3.9112,0.663,1.7581,4.0378,0.69671,1.5659,3.7777,0.65096,1.5801,3.8203,0.69179,1.71,4.1146,0.61117,1.4552,3.738,0.56399,1.4996,3.8109,0.80019,0.076134,3.8617,0.52922,0.066128,4.1178,0.48024,0.063224,4.0173,0.19657,0.072284
3.8935,0.77786,1.7318,3.9096,0.66769,1.7581,4.0358,0.70081,1.5661,3.7755,0.65519,1.5807,3.8184,0.6961,1.7104,4.1124,0.61559,1.4558,3.7359,0.56857,1.4996,3.811,0.80037,0.075907,3.8617,0.52923,0.066112,4.1172,0.4809,0.06298,4.0154,0.19819,0.075722
3.892,0.78236,1.7323,3.9077,0.67191,1.7587,4.0343,0.70883,1.5648,3.7736,0.65981,1.5811,3.8165,0.70051,1.7109,4.1102,0.61975,1.4563,3.7338,0.57303,1.4996,3.8111,0.80054,0.075679,3.8618,0.52924,0.066094,4.118,0.48172,0.06227,4.0136,0.1995,0.079681
3.8903,0.78687,1.7327,3.9059,0.67645,1.7589,4.0318,0.71032,1.5661,3.7718,0.66472,1.5812,3.8145,0.70491,1.7112,4.1082,0.62414,1.4569,3.7318,0.5773,1.4995,3.8111,0.80071,0.075469,3.8618,0.52924,0.066104,4.1182,0.48257,0.061751,4.0118,0.20176,0.08304
3.8885,0.79124,1.733,3.9041,0.68087,1.7592,4.0301,0.71397,1.5668,3.7698,0.66919,1.5816,3.8129,0.70983,1.7113,4.1064,0.62944,1.4571,3.7299,0.58179,1.4995,3.8111,0.80084,0.07524,3.8618,0.52926,0.06611,4.1174,0.48323,0.061583,4.0092,0.20399,0.08648
3.8868,0.79564,1.7332,3.902,0.68501,1.7598,4.0282,0.7182,1.567,3.7679,0.67369,1.582,3.8109,0.71427,1.7118,4.1041,0.63282,1.4578,3.7279,0.58577,1.4997,3.811,0.80096,0.075065,3.8618,0.52927,0.066139,4.1171,0.48394,0.061453,4.0066,0.20634,0.089759
3.885,0.80012,1.7335,3.8999,0.68943,1.7603,4.0263,0.72196,1.5674,3.7658,0.67797,1.5824,3.809,0.71878,1.7122,4.1021,0.63699,1.4586,3.7259,0.58981,1.4999,3.811,0.80112,0.07488,3.8618,0.52932,0.066143,4.1173,0.48468,0.061234,4.0034,0.20876,0.093125
3.8834,0.80443,1.7337,3.8981,0.69386,1.7608,4.0243,0.72635,1.5674,3.7639,0.68194,1.5832,3.8075,0.72347,1.7125,4.1,0.6409,1.4592,3.7239,0.59368,1.5003,3.811,0.80141,0.074613,3.8618,0.52934,0.066178,4.1175,0.4856,0.060936,4.0001,0.21152,0.09623
3.8817,0.80876,1.7339,3.8963,0.69831,1.7614,4.0226,0.73007,1.5678,3.762,0.68591,1.5838,3.8054,0.72754,1.7132,4.098,0.64473,1.46,3.7222,0.59754,1.5005,3.8107,0.80159,0.074637,3.8618,0.52936,0.066211,4.1186,0.4864,0.060642,3.9958,0.21451,0.099013
3.8799,0.81311,1.7342,3.8944,0.70267,1.762,4.0206,0.73369,1.5684,3.76,0.68978,1.5845,3.8035,0.73175,1.7138,4.0961,0.64857,1.4607,3.7202,0.60072,1.5011,3.8109,0.80177,0.074621,3.8618,0.52939,0.066232,4.1189,0.48723,0.060451,3.9916,0.21768,0.1017
3.8783,0.81722,1.7346,3.8926,0.70696,1.7627,4.019,0.73664,1.5693,3.7582,0.69363,1.5853,3.8017,0.73595,1.7144,4.0941,0.65227,1.4614,3.7184,0.60407,1.5017,3.8109,0.80181,0.074512,3.8618,0.52941,0.06628,4.1195,0.48807,0.060457,3.987,0.22114,0.10414
3.8765,0.82104,1.735,3.891,0.7112,1.7632,4.0174,0.73986,1.57,3.7565,0.69768,1.5858,3.8002,0.74022,1.7148,4.0923,0.65584,1.4622,3.7166,0.60706,1.5023,3.8109,0.80194,0.074353,3.8617,0.52936,0.066455,4.1196,0.48885,0.060178,3.9818,0.22481,0.1064
3.875,0.8251,1.7354,3.8893,0.71501,1.764,4.0154,0.74344,1.5706,3.7548,0.70126,1.5865,3.7984,0.74393,1.7155,4.0901,0.66038,1.4628,3.7151,0.61039,1.5028,3.8108,0.802,0.074202,3.8618,0.52945,0.066396,4.1196,0.48973,0.059949,3.9768,0.22891,0.10838
3.8733,0.82867,1.736,3.8875,0.71857,1.7648,4.0137,0.74693,1.5713,3.753,0.7043,1.5876,3.7967,0.74748,1.7162,4.0884,0.66393,1.4636,3.7136,0.61335,1.5035,3.8108,0.8021,0.074039,3.8618,0.52948,0.066442,4.1194,0.49028,0.059651,3.9715,0.23332,0.10998
3.8715,0.83202,1.7368,3.8854,0.72169,1.7659,4.0122,0.74951,1.5726,3.7514,0.70783,1.5882,3.7947,0.75058,1.7173,4.0869,0.66819,1.4642,3.7117,0.61587,1.5045,3.811,0.80162,0.073619,3.8618,0.52946,0.066603,4.1193,0.49231,0.059538,3.9661,0.23805,0.11143
3.8699,0.83517,1.7377,3.8838,0.7248,1.7669,4.0103,0.75304,1.5733,3.7496,0.71046,1.5895,3.793,0.75374,1.7183,4.0854,0.67156,1.465,3.7102,0.61864,1.5053,3.8104,0.80201,0.073271,3.8617,0.5295,0.066675,4.1194,0.49472,0.059392,3.9613,0.2433,0.11247
3.8681,0.83796,1.7388,3.8822,0.72775,1.7678,4.0087,0.75619,1.5743,3.748,0.71349,1.5904,3.7914,0.75678,1.7192,4.0837,0.67391,1.466,3.7087,0.62143,1.5061,3.8101,0.80228,0.073081,3.8617,0.52958,0.066723,4.1197,0.49603,0.059674,3.9569,0.24909,0.11278
3.8665,0.84088,1.7399,3.8806,0.73047,1.7688,4.0073,0.75909,1.5752,3.7463,0.71647,1.5914,3.7898,0.75967,1.7202,4.082,0.67711,1.4669,3.7072,0.62418,1.5068,3.8101,0.80221,0.07302,3.8618,0.52965,0.066759,4.1194,0.49995,0.059964,3.9533,0.2552,0.11273
3.865,0.84343,1.7411,3.8791,0.73318,1.7698,4.0056,0.76197,1.5763,3.7449,0.71939,1.5923,3.7884,0.76236,1.7212,4.0806,0.68032,1.4679,3.7059,0.62716,1.5075,3.8098,0.80211,0.072504,3.8617,0.52965,0.06686,4.119,0.50446,0.060295,3.9503,0.2618,0.11203
3.8636,0.84596,1.7422,3.8778,0.73559,1.7707,4.0041,0.7647,1.5772,3.7435,0.72219,1.5932,3.787,0.76482,1.7223,4.0792,0.68337,1.4688,3.7045,0.62999,1.5082,3.8105,0.80188,0.072483,3.8617,0.52973,0.066919,4.1172,0.51168,0.060404,3.948,0.26848,0.11125
3.8623,0.84846,1.7433,3.8764,0.73794,1.7716,4.0028,0.76769,1.578,3.742,0.72478,1.5942,3.7856,0.76735,1.7232,4.078,0.68739,1.4693,3.7032,0.63272,1.5089,3.8108,0.80233,0.07224,3.8617,0.52996,0.066868,4.1161,0.51917,0.060616,3.9466,0.27588,0.10967
3.861,0.85067,1.7444,3.8751,0.74018,1.7724,4.0016,0.77027,1.5789,3.7407,0.72743,1.5951,3.7843,0.76968,1.7241,4.0767,0.69043,1.4701,3.7019,0.63572,1.5095,3.8106,0.8026,0.072027,3.8616,0.52984,0.067145,4.1135,0.52833,0.060537,3.946,0.28363,0.10791
3.8598,0.85293,1.7455,3.8739,0.7424,1.7732,4.0003,0.77245,1.58,3.7395,0.7301,1.5959,3.783,0.77203,1.725,4.0755,0.69323,1.471,3.7007,0.63887,1.51,3.8104,0.80274,0.071804,3.8615,0.52991,0.067272,4.1114,0.53827,0.060543,3.9456,0.2916,0.10595
3.8586,0.8552,1.7466,3.8727,0.74461,1.7739,3.999,0.77521,1.5808,3.7383,0.73284,1.5965,3.7819,0.77432,1.7258,4.0741,0.69556,1.472,3.6995,0.64201,1.5105,3.81,0.80336,0.071633,3.8616,0.52999,0.067382,4.1095,0.54973,0.060926,3.9459,0.30019,0.10364
3.8575,0.85733,1.7474,3.8718,0.74703,1.7744,3.998,0.77795,1.5815,3.7373,0.73568,1.5969,3.7811,0.7769,1.7263,4.0729,0.69768,1.4729,3.6983,0.64519,1.5109,3.8095,0.8029,0.07064,3.8615,0.5301,0.067516,4.1076,0.56105,0.061301,3.9472,0.30942,0.10087
3.8565,0.85966,1.7482,3.8704,0.74905,1.7752,3.9969,0.78071,1.5821,3.7362,0.73834,1.5975,3.7797,0.77892,1.7272,4.0718,0.69996,1.4735,3.6972,0.64833,1.5113,3.8095,0.80342,0.070559,3.8614,0.53014,0.067617,4.1063,0.57219,0.061836,3.9481,0.3192,0.09774
3.8554,0.86184,1.749,3.8697,0.75141,1.7756,3.996,0.7827,1.5829,3.7351,0.74041,1.5983,3.7787,0.78119,1.7278,4.0708,0.70224,1.4742,3.696,0.65152,1.5116,3.8092,0.80356,0.070396,3.8614,0.53023,0.067695,4.1056,0.58344,0.062428,3.9487,0.32842,0.09506
3.8549,0.86437,1.7494,3.8684,0.75354,1.7763,3.9951,0.7848,1.5837,3.7341,0.74294,1.5988,3.7777,0.78359,1.7283,4.0697,0.70413,1.4749,3.695,0.65479,1.5119,3.8095,0.80353,0.070421,3.8613,0.53025,0.0678,4.1048,0.59539,0.062717,3.9503,0.33867,0.09184
3.854,0.86661,1.75,3.8674,0.75568,1.7768,3.9941,0.78779,1.5839,3.7332,0.74569,1.5991,3.7768,0.7859,1.7287,4.0689,0.7061,1.4754,3.694,0.658,1.5121,3.8094,0.80361,0.070274,3.8613,0.53032,0.067816,4.1042,0.60782,0.063367,3.9518,0.34879,0.08918
3.853,0.86853,1.7507,3.8665,0.75804,1.7771,3.9935,0.78934,1.5847,3.7326,0.74873,1.5991,3.776,0.78846,1.729,4.068,0.70781,1.4759,3.693,0.66111,1.5123,3.8093,0.80368,0.070144,3.8613,0.53045,0.067775,4.1025,0.62089,0.064011,3.9537,0.35946,0.086057
3.8524,0.87109,1.7511,3.8656,0.7603,1.7775,3.9928,0.79177,1.5851,3.7316,0.75091,1.5997,3.7751,0.79095,1.7294,4.0675,0.71009,1.4761,3.6921,0.66428,1.5123,3.8093,0.80375,0.070041,3.8613,0.53038,0.067917,4.1027,0.63328,0.064733,3.9558,0.37038,0.083278
3.8519,0.87329,1.7514,3.8647,0.76252,1.7779,3.9922,0.7939,1.5853,3.7308,0.75344,1.5999,3.7747,0.79376,1.7294,4.0667,0.7114,1.4765,3.6912,0.66742,1.5124,3.8093,0.8038,0.069946,3.8612,0.53032,0.068042,4.1026,0.64585,0.065086,3.9577,0.38135,0.080433
3.8514,0.87584,1.7515,3.8642,0.76508,1.778,3.9918,0.79546,1.586,3.7302,0.756,1.6001,3.774,0.79638,1.7297,4.066,0.71272,1.4768,3.6903,0.67043,1.5125,3.8092,0.80385,0.069868,3.8612,0.53033,0.068063,4.102,0.65813,0.065099,3.9609,0.39308,0.077471
3.851,0.87801,1.7518,3.8634,0.76729,1.7783,3.9914,0.79665,1.5866,3.7298,0.75895,1.6,3.7732,0.79845,1.7301,4.0653,0.71397,1.4772,3.6895,0.67343,1.5126,3.8092,0.80386,0.069833,3.8613,0.53039,0.068031,4.1019,0.67026,0.065655,3.9628,0.40392,0.075459
3.8506,0.8803,1.7519,3.8628,0.7695,1.7786,3.9909,0.79895,1.5867,3.729,0.7611,1.6004,3.7728,0.80129,1.7301,4.0647,0.71517,1.4775,3.6887,0.67631,1.5127,3.8092,0.80387,0.069815,3.8613,0.53038,0.068064,4.1011,0.68243,0.066301,3.9652,0.41505,0.07332
3.8505,0.88238,1.7521,3.8619,0.77145,1.7791,3.9906,0.80017,1.5872,3.7285,0.76356,1.6006,3.7724,0.80363,1.7303,4.064,0.71581,1.4779,3.6879,0.67908,1.5127,3.8092,0.8039,0.069743,3.8612,0.53036,0.068085,4.1015,0.69373,0.066759,3.9673,0.42574,0.072008
3.8505,0.88502,1.7521,3.8616,0.77393,1.7791,3.9902,0.80172,1.5875,3.7281,0.76605,1.6008,3.7717,0.80578,1.7306,4.0632,0.71655,1.4782,3.6871,0.68173,1.5128,3.8091,0.80393,0.06972,3.8613,0.53043,0.068051,4.101,0.7059,0.067411,3.9697,0.4365,0.07045
3.8505,0.88711,1.7523,3.8612,0.77596,1.7794,3.9899,0.80353,1.5877,3.7279,0.76903,1.6007,3.7714,0.80819,1.7309,4.0626,0.71751,1.4784,3.6864,0.68448,1.5128,3.8091,0.80395,0.069686,3.8613,0.53041,0.068115,4.1007,0.71833,0.067833,3.9718,0.44743,0.069111
3.8503,0.88886,1.7526,3.8606,0.77778,1.7798,3.9896,0.80528,1.5878,3.7273,0.771,1.6011,3.7712,0.81046,1.731,4.0623,0.71871,1.4784,3.6857,0.68712,1.5128,3.809,0.80397,0.06964,3.8613,0.53043,0.06815,4.1003,0.73077,0.068795,3.974,0.45902,0.067681
3.8503,0.89061,1.7529,3.8602,0.77964,1.78,3.9894,0.80667,1.588,3.727,0.7734,1.6014,3.7711,0.81281,1.7312,4.0615,0.71928,1.4785,3.6851,0.68977,1.5129,3.809,0.80402,0.069577,3.8613,0.53043,0.068211,4.1003,0.74329,0.069673,3.9763,0.47052,0.0664
3.8505,0.89249,1.7531,3.86,0.78141,1.7802,3.9892,0.80792,1.5882,3.7267,0.77549,1.6017,3.7709,0.81486,1.7315,4.061,0.72027,1.4786,3.6845,0.69225,1.513,3.8089,0.80407,0.069472,3.8613,0.53044,0.068309,4.1002,0.75576,0.070849,3.9786,0.4819,0.065196
3.8508,0.89434,1.7534,3.8598,0.783,1.7805,3.9892,0.80894,1.5886,3.7265,0.7777,1.602,3.7708,0.8168,1.7317,4.0605,0.72128,1.4787,3.6838,0.69459,1.5131,3.8089,0.80415,0.069341,3.8614,0.53051,0.068347,4.1004,0.76819,0.072035,3.9805,0.4936,0.06398
3.8514,0.89641,1.7534,3.86,0.78507,1.7804,3.9891,0.81023,1.5887,3.7263,0.78001,1.6022,3.7711,0.81919,1.7318,4.0601,0.72227,1.4787,3.6833,0.69701,1.5132,3.8088,0.80423,0.069216,3.8614,0.53052,0.068472,4.1008,0.78068,0.073192,3.9823,0.50567,0.062829
3.8517,0.89804,1.7537,3.8597,0.78657,1.7808,3.989,0.81167,1.5888,3.7262,0.78223,1.6025,3.7709,0.82101,1.7323,4.06,0.72423,1.4784,3.6826,0.69918,1.5135,3.8087,0.80432,0.069068,3.8615,0.5306,0.068523,4.1015,0.79296,0.074765,3.9842,0.51776,0.061755
3.8518,0.8993,1.7542,3.8597,0.78812,1.7812,3.9889,0.81311,1.589,3.7262,0.78471,1.6026,3.771,0.82282,1.7326,4.0595,0.72538,1.4784,3.6822,0.70143,1.5136,3.8087,0.80439,0.068927,3.8615,0.53065,0.068629,4.1023,0.80576,0.076539,3.9858,0.52987,0.0607
3.8521,0.90074,1.7545,3.8598,0.78969,1.7814,3.989,0.81411,1.5892,3.7259,0.78639,1.6033,3.7711,0.82462,1.733,4.0589,0.72605,1.4785,3.6817,0.7036,1.5137,3.8086,0.80445,0.06876,3.8615,0.53069,0.068719,4.1033,0.81835,0.07816,3.9873,0.54243,0.059747
3.8529,0.90271,1.7547,3.8598,0.79114,1.7816,3.989,0.81512,1.5894,3.7257,0.78822,1.6036,3.7715,0.82665,1.7332,4.0584,0.72652,1.4787,3.6813,0.70591,1.5138,3.8081,0.80465,0.068437,3.8616,0.53072,0.068828,4.1044,0.83053,0.080047,3.989,0.5552,0.058548
3.8531,0.90395,1.7552,3.8599,0.79248,1.7819,3.9891,0.81637,1.5896,3.7256,0.79029,1.604,3.7716,0.82837,1.7335,4.0585,0.72705,1.479,3.6809,0.70797,1.514,3.8081,0.80472,0.068305,3.8616,0.53085,0.068765,4.106,0.84265,0.081995,3.99,0.56786,0.057392
3.8534,0.90524,1.7555,3.86,0.79385,1.7821,3.9891,0.81745,1.5898,3.7259,0.79268,1.6041,3.7716,0.83,1.734,4.0582,0.72811,1.4789,3.6806,0.71019,1.514,3.808,0.80479,0.068187,3.8616,0.53088,0.068879,4.1076,0.85521,0.084117,3.9906,0.58065,0.056394
3.8538,0.90665,1.7558,3.8602,0.79524,1.7824,3.9892,0.81864,1.59,3.7257,0.79425,1.6046,3.7718,0.83162,1.7343,4.0577,0.73019,1.4784,3.6803,0.71248,1.5141,3.8079,0.80484,0.068075,3.8616,0.53092,0.068978,4.1094,0.86725,0.086209,3.9914,0.59334,0.055647
3.8545,0.90835,1.756,3.8603,0.79661,1.7825,3.9892,0.81985,1.5902,3.7257,0.79614,1.6049,3.7722,0.83339,1.7345,4.0576,0.73041,1.4786,3.68,0.71475,1.5142,3.808,0.80493,0.067864,3.8616,0.53096,0.069076,4.1107,0.8805,0.088676,3.9923,0.60553,0.054828
3.8547,0.90941,1.7566,3.8605,0.7978,1.7827,3.9893,0.82103,1.5903,3.7258,0.79784,1.6052,3.7724,0.83478,1.7348,4.0575,0.73151,1.4784,3.68,0.7172,1.514,3.8079,0.80502,0.067772,3.8616,0.53095,0.069183,4.113,0.89226,0.091006,3.9926,0.61901,0.05373
3.8552,0.91059,1.7571,3.8607,0.79897,1.7829,3.9894,0.82235,1.5904,3.7261,0.80019,1.6052,3.7725,0.83605,1.7353,4.0573,0.73261,1.4782,3.6796,0.71926,1.5141,3.8079,0.80508,0.067604,3.8616,0.53098,0.069218,4.1149,0.90427,0.093201,3.9937,0.63075,0.052957
3.8556,0.91162,1.7575,3.8609,0.8001,1.7831,3.9896,0.82372,1.5906,3.726,0.80167,1.6057,3.7727,0.83753,1.7356,4.0573,0.73411,1.4779,3.6794,0.72159,1.5141,3.8079,0.80512,0.067474,3.8615,0.53111,0.069257,4.1165,0.916,0.095735,3.9935,0.64553,0.051708
3.8561,0.91286,1.7579,3.8611,0.80105,1.7832,3.9897,0.82504,1.5907,3.7261,0.8034,1.606,3.7733,0.83928,1.7357,4.0574,0.73483,1.478,3.6793,0.72402,1.5138,3.8079,0.80513,0.067353,3.8616,0.53111,0.069378,4.1183,0.92767,0.097956,3.9939,0.65819,0.050951
3.8569,0.91444,1.7581,3.8614,0.80215,1.7832,3.9899,0.82646,1.5907,3.7262,0.80557,1.606,3.7736,0.84078,1.7358,4.0574,0.73631,1.4778,3.6792,0.72655,1.5137,3.8078,0.80513,0.067193,3.8616,0.53115,0.069475,4.1202,0.93959,0.10072,3.9944,0.67102,0.050121
3.8571,0.91546,1.7586,3.8618,0.80348,1.7832,3.9901,0.82801,1.5907,3.7267,0.80805,1.6058,3.774,0.84215,1.736,4.0572,0.73791,1.4773,3.6791,0.72921,1.5134,3.8077,0.80516,0.067114,3.8615,0.53119,0.069562,4.1216,0.9515,0.10262,3.9941,0.68413,0.048747
3.8577,0.91673,1.7589,3.8624,0.80483,1.783,3.9904,0.82938,1.5907,3.7267,0.80949,1.6062,3.7741,0.84338,1.7364,4.0571,0.73945,1.4768,3.6792,0.73181,1.5131,3.8077,0.80517,0.066938,3.8615,0.53123,0.069668,4.1228,0.96268,0.105,3.9954,0.69596,0.048582
3.8583,0.918,1.7593,3.8627,0.8061,1.7829,3.9907,0.83114,1.5906,3.7268,0.81172,1.6062,3.7746,0.84508,1.7366,4.0571,0.74089,1.4765,3.679,0.73456,1.5128,3.8077,0.80518,0.066853,3.8615,0.53127,0.069774,4.1238,0.97429,0.10718,3.9952,0.70899,0.047128
3.8592,0.91969,1.7593,3.8629,0.80711,1.783,3.991,0.83298,1.5904,3.7272,0.81412,1.6062,3.775,0.84668,1.7366,4.0571,0.74268,1.476,3.6791,0.73743,1.5124,3.8077,0.80526,0.06673,3.8615,0.53132,0.069868,4.1242,0.98563,0.10925,3.996,0.72066,0.046789
3.8596,0.921,1.7597,3.8634,0.80882,1.7826,3.9913,0.83503,1.5902,3.7274,0.8163,1.6061,3.7754,0.84844,1.7366,4.0572,0.74451,1.4754,3.6791,0.74026,1.512,3.808,0.80513,0.066867,3.8615,0.53138,0.069981,4.1242,0.99693,0.11135,3.9974,0.73202,0.046765
3.8602,0.92257,1.7598,3.8636,0.81023,1.7825,3.9917,0.83698,1.5899,3.7278,0.81874,1.606,3.7761,0.85059,1.7364,4.0572,0.74633,1.4748,3.6792,0.74332,1.5116,3.808,0.80517,0.066768,3.8614,0.53142,0.070103,4.1238,1.0084,0.11316,3.9984,0.74216,0.046886
3.861,0.92471,1.7597,3.8641,0.81194,1.7822,3.992,0.83876,1.5897,3.7281,0.82132,1.6058,3.7763,0.85229,1.7365,4.0572,0.74833,1.4742,3.6794,0.74634,1.5112,3.808,0.80523,0.066688,3.8614,0.53148,0.07021,4.1232,1.019,0.11534,3.9993,0.75351,0.045862
3.8614,0.92635,1.7599,3.8645,0.81386,1.7818,3.9924,0.84121,1.5894,3.7287,0.82458,1.6053,3.7771,0.85495,1.736,4.0574,0.75051,1.4737,3.6795,0.74951,1.5107,3.8079,0.80528,0.066603,3.8614,0.53151,0.070337,4.1223,1.03,0.11696,3.9996,0.76345,0.045861
3.862,0.92833,1.7599,3.8648,0.81567,1.7814,3.9927,0.84313,1.5891,3.729,0.82716,1.6049,3.7773,0.85689,1.736,4.0575,0.75279,1.4731,3.6797,0.75268,1.5103,3.8079,0.80533,0.066514,3.8613,0.53157,0.07045,4.1209,1.0406,0.11866,4.0011,0.77407,0.045376
3.8627,0.93052,1.7596,3.8655,0.81798,1.7809,3.9932,0.84571,1.5886,3.7292,0.82962,1.6049,3.7778,0.85927,1.7356,4.0576,0.75507,1.4725,3.6799,0.75581,1.5098,3.8079,0.80539,0.066424,3.8613,0.53163,0.070569,4.1193,1.051,0.1202,4.0019,0.78342,0.045345
3.8633,0.93281,1.7593,3.8657,0.82022,1.7806,3.9936,0.84826,1.5881,3.7296,0.83259,1.6044,3.7783,0.86194,1.7353,4.0579,0.75732,1.4719,3.6804,0.75931,1.5091,3.8079,0.80547,0.066311,3.8613,0.53169,0.070722,4.1174,1.0611,0.12142,4.0027,0.79291,0.044693
3.8641,0.9355,1.759,3.8664,0.82293,1.7799,3.9942,0.85082,1.5877,3.7301,0.83532,1.604,3.7791,0.86483,1.7347,4.0581,0.75994,1.4712,3.6805,0.7624,1.5087,3.8079,0.80556,0.066216,3.8612,0.53174,0.070872,4.1154,1.0707,0.12281,4.0034,0.80168,0.04449
3.8649,0.93824,1.7585,3.8666,0.82515,1.7795,3.9947,0.85312,1.5872,3.7305,0.83849,1.6035,3.7793,0.86721,1.7345,4.0585,0.76255,1.4707,3.6808,0.7657,1.5083,3.8078,0.80562,0.066167,3.8612,0.53182,0.071026,4.1116,1.0795,0.12437,4.004,0.80999,0.044363
3.8654,0.94082,1.7581,3.8674,0.82823,1.7789,3.9952,0.85589,1.5867,3.7311,0.84174,1.603,3.7801,0.87071,1.7337,4.0589,0.76509,1.4701,3.6815,0.76931,1.5075,3.8078,0.8057,0.066076,3.8611,0.53188,0.071202,4.1093,1.0883,0.12519,4.0037,0.82029,0.043121
3.8663,0.944,1.7576,3.8676,0.83097,1.7785,3.9955,0.85884,1.5861,3.7315,0.84466,1.6025,3.7807,0.87358,1.7332,4.0592,0.76737,1.4695,3.6816,0.77243,1.5071,3.8078,0.80576,0.066031,3.8611,0.53187,0.071501,4.1068,1.0968,0.12581,4.0044,0.82696,0.043051
3.8669,0.94692,1.7569,3.8682,0.83387,1.7779,3.9961,0.86172,1.5854,3.7321,0.84788,1.602,3.7811,0.87642,1.7329,4.0596,0.76981,1.4687,3.682,0.7757,1.5067,3.8077,0.80581,0.066025,3.8611,0.53202,0.071588,4.1041,1.1044,0.12634,4.0041,0.83394,0.042686
3.8674,0.94997,1.7564,3.8688,0.83704,1.7774,3.9969,0.86429,1.5851,3.7328,0.85119,1.6013,3.782,0.88002,1.7321,4.06,0.77235,1.4681,3.6825,0.7791,1.5061,3.8077,0.80587,0.065972,3.8611,0.53217,0.071732,4.1018,1.1117,0.12661,4.0037,0.84089,0.041629
3.8681,0.95297,1.7559,3.8693,0.84028,1.7769,3.9976,0.86732,1.5844,3.7333,0.85414,1.6008,3.7825,0.88311,1.7314,4.0606,0.77465,1.4675,3.6831,0.78259,1.5054,3.8076,0.80595,0.065912,3.8611,0.5323,0.071992,4.0993,1.1183,0.1265,4.0029,0.84714,0.040915
3.8693,0.95654,1.755,3.87,0.84352,1.7763,3.9982,0.87041,1.5839,3.7343,0.85798,1.5999,3.7831,0.88629,1.731,4.0612,0.77691,1.4671,3.6837,0.786,1.5048,3.8076,0.80604,0.065839,3.8611,0.53241,0.072301,4.097,1.1246,0.1263,4.0014,0.85358,0.040135
3.87,0.96006,1.7543,3.8709,0.84723,1.7757,3.9989,0.87352,1.5834,3.7349,0.86077,1.5995,3.7838,0.88958,1.7305,4.0617,0.77942,1.4665,3.6843,0.78941,1.5042,3.8076,0.80612,0.065783,3.861,0.53247,0.07269,4.0949,1.1303,0.1258,4.0005,0.8588,0.038952
3.8705,0.96296,1.7538,3.8714,0.85017,1.7753,3.9999,0.87608,1.583,3.7356,0.86394,1.5991,3.7848,0.89328,1.7297,4.0624,0.78172,1.4659,3.6849,0.79272,1.5037,3.8076,0.80622,0.0657,3.861,0.53259,0.073082,4.0925,1.1354,0.1251,3.9984,0.86407,0.037469
3.8714,0.96661,1.7532,3.8722,0.85395,1.7748,4.0007,0.87941,1.5824,3.7364,0.86742,1.5985,3.7856,0.89693,1.7291,4.0629,0.78388,1.4653,3.6855,0.79635,1.503,3.8076,0.80632,0.065645,3.861,0.53278,0.073515,4.0903,1.1402,0.12395,3.9964,0.86845,0.036385
3.8723,0.96984,1.7526,3.873,0.85732,1.7744,4.0014,0.88272,1.5818,3.7372,0.87048,1.598,3.7862,0.89995,1.7287,4.0636,0.78627,1.4649,3.6863,0.79974,1.5024,3.8075,0.80646,0.065569,3.861,0.53297,0.073897,4.088,1.1443,0.12239,3.9942,0.87257,0.035194
3.8735,0.97365,1.7518,3.8741,0.86092,1.7738,4.0022,0.88586,1.5813,3.7381,0.87388,1.5976,3.7871,0.90343,1.7283,4.0643,0.78895,1.4644,3.687,0.80293,1.5018,3.8075,0.80656,0.06548,3.861,0.53309,0.07446,4.0856,1.1484,0.12034,3.9919,0.87631,0.033996
3.8742,0.97672,1.7514,3.8747,0.86423,1.7735,4.0033,0.88862,1.5811,3.7389,0.87731,1.5972,3.7883,0.90713,1.7276,4.065,0.79141,1.464,3.6878,0.8064,1.5011,3.8075,0.80667,0.065412,3.8609,0.53332,0.075098,4.083,1.1519,0.11781,3.9899,0.87902,0.033336
3.8753,0.98012,1.7511,3.8756,0.86745,1.7731,4.0043,0.89175,1.5806,3.7399,0.88086,1.5968,3.7892,0.91077,1.7272,4.0659,0.79448,1.4635,3.6886,0.80965,1.5006,3.807,0.80696,0.065153,3.8609,0.53362,0.075833,4.0785,1.1557,0.11343,3.9894,0.87915,0.034936
3.8763,0.98325,1.7508,3.8765,0.87077,1.7729,4.005,0.89521,1.5802,3.7408,0.88408,1.5965,3.7899,0.9136,1.7271,4.0667,0.79761,1.463,3.6894,0.81255,1.5003,3.807,0.80707,0.065079,3.8608,0.53393,0.076624,4.0733,1.1591,0.10924,3.9906,0.87952,0.035889
3.8774,0.98687,1.7502,3.8777,0.87412,1.7724,4.006,0.89855,1.5798,3.7421,0.88825,1.5959,3.791,0.91723,1.7268,4.0677,0.80106,1.4626,3.6907,0.81612,1.4997,3.8069,0.80718,0.065002,3.8606,0.53427,0.077429,4.0695,1.1622,0.10565,3.9921,0.87992,0.036415
3.8784,0.98978,1.7505,3.8785,0.87736,1.7722,4.0071,0.90163,1.5798,3.7429,0.89128,1.5959,3.7922,0.9208,1.7264,4.0687,0.80459,1.4622,3.6914,0.81883,1.4996,3.8069,0.80731,0.064919,3.8604,0.5346,0.078365,4.0658,1.1645,0.10285,3.9933,0.88043,0.037034
3.8794,0.99324,1.7503,3.8794,0.88046,1.7722,4.0081,0.90486,1.5797,3.7436,0.89428,1.5956,3.7929,0.92387,1.7265,4.0698,0.80841,1.4617,3.6924,0.82193,1.4994,3.8069,0.80744,0.064825,3.8602,0.53501,0.079594,4.0631,1.1669,0.099238,3.9943,0.88097,0.037934
3.8809,0.99676,1.7501,3.8808,0.88432,1.7718,4.0091,0.90844,1.5795,3.7449,0.8983,1.5956,3.7941,0.92716,1.7264,4.0713,0.8132,1.4609,3.6934,0.8251,1.4992,3.8068,0.8076,0.064702,3.86,0.53537,0.080914,4.0612,1.1693,0.095327,3.9951,0.88147,0.038911
3.8818,1.0001,1.7502,3.8818,0.88728,1.7718,4.0104,0.91239,1.5794,3.7461,0.90184,1.5955,3.7951,0.93057,1.7263,4.0721,0.81717,1.461,3.6945,0.82812,1.4992,3.8068,0.80775,0.064617,3.8598,0.53591,0.082077,4.0596,1.1714,0.091797,3.9959,0.8822,0.039652
3.8828,1.0032,1.7505,3.8828,0.89047,1.7718,4.0114,0.91597,1.5794,3.7472,0.90536,1.5955,3.7965,0.9341,1.7262,4.0734,0.82181,1.4607,3.6956,0.83139,1.4992,3.8072,0.8078,0.064665,3.8596,0.5364,0.0835,4.0586,1.1729,0.088178,3.9965,0.88287,0.040383
3.8838,1.0065,1.7508,3.884,0.89381,1.7717,4.0127,0.91949,1.5795,3.7487,0.90938,1.5952,3.7974,0.93735,1.7264,4.0746,0.82703,1.4604,3.6968,0.83455,1.4993,3.8071,0.80796,0.064572,3.8595,0.53699,0.08509,4.0581,1.1745,0.084882,3.9969,0.88353,0.041255
3.885,1.01,1.751,3.8855,0.89739,1.7716,4.0139,0.92355,1.5795,3.7496,0.91285,1.5954,3.7989,0.94095,1.7262,4.0759,0.83191,1.4601,3.6981,0.83797,1.4993,3.8071,0.80813,0.064431,3.8592,0.53752,0.086687,4.058,1.1753,0.082023,3.9968,0.88416,0.041996
3.8862,1.0135,1.7511,3.8865,0.90064,1.7716,4.0149,0.92773,1.5794,3.7508,0.91643,1.5954,3.7999,0.94411,1.7266,4.0773,0.83714,1.4599,3.6993,0.8415,1.4996,3.8071,0.8083,0.064331,3.8592,0.53821,0.088364,4.0589,1.1763,0.079495,3.9967,0.88455,0.042516
3.8873,1.0171,1.7515,3.888,0.9044,1.7716,4.0163,0.93201,1.5795,3.7523,0.92075,1.5954,3.8014,0.94804,1.7265,4.0786,0.84252,1.4596,3.7007,0.84508,1.4999,3.8071,0.80846,0.064188,3.859,0.5391,0.090024,4.0599,1.1766,0.07775,3.9974,0.88546,0.042609
3.8889,1.0213,1.7516,3.8893,0.90788,1.7716,4.0176,0.93622,1.5794,3.7535,0.92453,1.5956,3.8026,0.9516,1.7268,4.0799,0.84779,1.4593,3.702,0.84889,1.5002,3.8071,0.80866,0.064018,3.8586,0.53971,0.092111,4.0607,1.1767,0.076258,3.9969,0.88576,0.043106
3.8899,1.0248,1.752,3.8908,0.91178,1.7716,4.0187,0.94089,1.5794,3.7549,0.92877,1.5956,3.8039,0.9551,1.727,4.0817,0.85359,1.4589,3.7035,0.85266,1.5005,3.8067,0.80899,0.063634,3.8584,0.54056,0.094306,4.0615,1.1769,0.075276,3.9969,0.88553,0.044092
3.8915,1.0291,1.7521,3.8923,0.91588,1.7717,4.0203,0.94509,1.5795,3.7561,0.93245,1.596,3.8053,0.95929,1.7271,4.0827,0.85851,1.4588,3.7048,0.85662,1.501,3.8071,0.80904,0.063715,3.8582,0.54134,0.096458,4.0618,1.1774,0.074336,3.9973,0.88587,0.044283
3.8926,1.033,1.7524,3.8941,0.91993,1.7715,4.0214,0.95004,1.5795,3.7574,0.93673,1.5961,3.807,0.96351,1.7271,4.0841,0.86384,1.4586,3.7062,0.86054,1.5014,3.8067,0.80932,0.063367,3.8579,0.54223,0.098969,4.0622,1.1776,0.073634,3.9974,0.88607,0.044429
3.8938,1.0372,1.7526,3.8954,0.9243,1.7716,4.0228,0.95509,1.5793,3.7588,0.94093,1.5963,3.8081,0.96735,1.7275,4.0856,0.86922,1.4585,3.7076,0.86465,1.502,3.8067,0.8095,0.063236,3.8576,0.54329,0.10136,4.0624,1.1777,0.073403,3.9974,0.88623,0.04438
3.8952,1.0421,1.7528,3.8973,0.92906,1.7715,4.0242,0.95971,1.5794,3.7603,0.94564,1.5964,3.8099,0.97211,1.7275,4.087,0.87489,1.4583,3.709,0.86888,1.5026,3.8067,0.80964,0.063102,3.8573,0.54449,0.10396,4.0624,1.1777,0.073166,3.9973,0.88648,0.04433
3.8966,1.0466,1.753,3.8985,0.93326,1.7719,4.0255,0.96446,1.5796,3.7616,0.94963,1.5967,3.811,0.97628,1.7279,4.0884,0.88023,1.4581,3.7104,0.87297,1.5033,3.8067,0.80977,0.063017,3.8572,0.54581,0.10658,4.0624,1.1778,0.0729,3.9971,0.88673,0.044372
3.8978,1.0515,1.753,3.9001,0.93829,1.772,4.027,0.96981,1.5795,3.763,0.95416,1.5969,3.8125,0.98087,1.7281,4.0897,0.88571,1.4576,3.712,0.87725,1.504,3.8071,0.80985,0.063165,3.8567,0.54715,0.10923,4.0624,1.1779,0.072655,3.997,0.88693,0.04437
3.8991,1.0564,1.7531,3.9018,0.94338,1.7722,4.0282,0.97505,1.5796,3.7646,0.95866,1.5972,3.814,0.98587,1.7282,4.091,0.89078,1.4575,3.7134,0.88174,1.5046,3.8071,0.81011,0.063112,3.8567,0.54859,0.11226,4.0624,1.1779,0.072487,3.997,0.88702,0.044303
3.9004,1.0614,1.7533,3.9031,0.94846,1.7723,4.0298,0.98029,1.5796,3.7662,0.9637,1.5973,3.8157,0.99095,1.7283,4.0925,0.89618,1.4575,3.715,0.88619,1.5052,3.8071,0.81037,0.063076,3.8563,0.55009,0.11527,4.0624,1.178,0.072341,3.9971,0.8865,0.044427
3.9017,1.0666,1.7533,3.9053,0.95379,1.7726,4.031,0.98568,1.5796,3.7677,0.96842,1.5975,3.817,0.99528,1.7288,4.0942,0.9019,1.4573,3.7163,0.8908,1.5059,3.807,0.81065,0.063019,3.8561,0.55172,0.11842,4.0624,1.178,0.072194,3.9971,0.88653,0.044423
3.9032,1.0722,1.7532,3.9069,0.9591,1.7728,4.0325,0.9905,1.5799,3.7692,0.97319,1.5979,3.8184,1.0005,1.7291,4.0956,0.90689,1.4574,3.7177,0.8953,1.5066,3.807,0.81095,0.06298,3.856,0.55355,0.12163,4.0624,1.178,0.072086,3.9971,0.88659,0.044402
3.9044,1.0772,1.7535,3.9083,0.96435,1.7733,4.0337,0.99625,1.5799,3.7703,0.97724,1.5986,3.82,1.0057,1.7293,4.0968,0.91149,1.4579,3.7191,0.89983,1.5075,3.807,0.81129,0.062934,3.8559,0.55559,0.125,4.0623,1.1781,0.071996,3.997,0.88671,0.044284
3.906,1.0828,1.7535,3.9101,0.97004,1.7734,4.0352,1.0018,1.5799,3.7717,0.9819,1.5991,3.8213,1.0107,1.7296,4.0979,0.91584,1.4581,3.7203,0.90441,1.5083,3.807,0.81171,0.062857,3.8559,0.55775,0.12868,4.0623,1.1781,0.071906,3.997,0.88687,0.044161
3.9071,1.0882,1.7535,3.9114,0.97522,1.7739,4.0364,1.0066,1.5802,3.773,0.98676,1.5995,3.8229,1.0162,1.7298,4.0995,0.92069,1.4583,3.7215,0.90886,1.5093,3.8071,0.81219,0.062742,3.8559,0.56004,0.13255,4.0623,1.1782,0.071801,3.9969,0.88748,0.043886
3.9082,1.0936,1.7537,3.9128,0.98061,1.7743,4.0376,1.0118,1.5804,3.7743,0.9914,1.6001,3.8244,1.0214,1.7301,4.1002,0.92623,1.4583,3.7229,0.9135,1.5101,3.8071,0.81268,0.062609,3.8562,0.56276,0.13646,4.0623,1.1782,0.071733,3.9967,0.88781,0.043622
3.9094,1.0989,1.7539,3.9142,0.98615,1.7747,4.039,1.0175,1.5803,3.7756,0.99631,1.6004,3.8257,1.0266,1.7306,4.1016,0.93113,1.4587,3.7241,0.91809,1.511,3.8072,0.81315,0.062507,3.8563,0.56576,0.14061,4.0623,1.1782,0.071657,3.9972,0.88541,0.044567
3.9106,1.1042,1.7541,3.9156,0.99168,1.7752,4.0399,1.0227,1.5807,3.7769,1.0014,1.6008,3.8266,1.0315,1.7311,4.1028,0.93592,1.459,3.7252,0.92275,1.512,3.8072,0.81368,0.062364,3.8565,0.56897,0.14539,4.0623,1.1783,0.071594,3.9972,0.88538,0.044602
3.9117,1.1096,1.7542,3.9167,0.99693,1.7756,4.0412,1.0277,1.581,3.7779,1.0061,1.6013,3.8278,1.0368,1.7314,4.1041,0.94111,1.4593,3.7265,0.92741,1.5129,3.8073,0.81438,0.062215,3.8567,0.57273,0.15023,4.0623,1.1783,0.071528,3.9972,0.88539,0.044583
3.9128,1.115,1.7544,3.9179,1.0022,1.776,4.0423,1.0322,1.5815,3.7791,1.0108,1.6018,3.8292,1.0422,1.7316,4.1053,0.94622,1.4598,3.7276,0.93198,1.5138,3.8074,0.81524,0.062018,3.8568,0.57662,0.15543,4.0623,1.1783,0.07149,3.9972,0.88539,0.0446
3.9138,1.12,1.7546,3.9189,1.0075,1.7764,4.0433,1.0374,1.5819,3.7805,1.0161,1.6019,3.83,1.0468,1.7321,4.1063,0.95116,1.4601,3.7291,0.937,1.5144,3.8071,0.81626,0.061566,3.8567,0.58069,0.16112,4.0623,1.1783,0.071436,3.9972,0.88539,0.044593
3.9145,1.1249,1.755,3.92,1.0125,1.7768,4.0446,1.0422,1.5825,3.7815,1.0208,1.6022,3.8309,1.0517,1.7325,4.1076,0.95724,1.4604,3.73,0.94128,1.5155,3.807,0.81729,0.061455,3.8568,0.58544,0.16678,4.0623,1.1783,0.071429,3.9972,0.88539,0.044563
3.9156,1.1302,1.7551,3.921,1.0173,1.7772,4.0454,1.0476,1.5827,3.7825,1.0257,1.6026,3.8319,1.0566,1.7328,4.1087,0.96173,1.461,3.731,0.94597,1.5162,3.8068,0.81838,0.061337,3.8571,0.59093,0.17223,4.0623,1.1783,0.071387,3.9972,0.88536,0.044568
3.9162,1.1349,1.7556,3.9221,1.0228,1.7774,4.0462,1.0533,1.5827,3.7834,1.0299,1.603,3.8328,1.0613,1.7332,4.1098,0.96717,1.4613,3.7321,0.95059,1.5169,3.8073,0.81943,0.061201,3.8571,0.5962,0.17845,4.0623,1.1783,0.07137,3.9973,0.88534,0.044543
3.9172,1.1398,1.7557,3.9231,1.0276,1.7776,4.0474,1.0579,1.5832,3.7842,1.0345,1.6033,3.8336,1.066,1.7334,4.1108,0.97241,1.4618,3.7333,0.95518,1.5176,3.8074,0.82102,0.060984,3.8574,0.60193,0.18488,4.0623,1.1783,0.071338,3.9973,0.88534,0.044508
3.9176,1.1446,1.756,3.9237,1.032,1.778,4.0482,1.0629,1.5836,3.7852,1.0392,1.6035,3.8345,1.0708,1.7335,4.1117,0.97769,1.4621,3.7343,0.95969,1.5181,3.8069,0.82326,0.0604,3.8577,0.60827,0.19149,4.0624,1.1783,0.071316,3.9973,0.88531,0.044498
3.9182,1.1492,1.7563,3.9245,1.037,1.7782,4.0496,1.0646,1.5851,3.7861,1.0435,1.6037,3.8352,1.0754,1.7337,4.1127,0.98286,1.4623,3.7353,0.96421,1.5187,3.8072,0.82519,0.060374,3.8575,0.61469,0.19905,4.0624,1.1783,0.071289,3.9974,0.88529,0.044464
3.9188,1.1539,1.7564,3.9253,1.0415,1.7783,4.0505,1.0698,1.5851,3.7869,1.0482,1.6037,3.8362,1.0803,1.7336,4.1136,0.98848,1.4626,3.7363,0.96869,1.5192,3.8065,0.8277,0.059841,3.8575,0.62209,0.20603,4.0624,1.1783,0.071268,3.9974,0.88527,0.04444
3.9194,1.1586,1.7565,3.9261,1.0463,1.7783,4.0511,1.0746,1.5852,3.7876,1.0528,1.6037,3.8369,1.0847,1.7337,4.1144,0.99379,1.4628,3.7371,0.97292,1.5196,3.8064,0.83009,0.059602,3.8578,0.63006,0.21305,4.0624,1.1783,0.07122,3.9974,0.88527,0.044413
3.9199,1.1633,1.7564,3.9269,1.0512,1.7782,4.0517,1.0796,1.5851,3.7887,1.0575,1.6034,3.8374,1.0892,1.7338,4.1152,0.99903,1.4627,3.738,0.97721,1.5198,3.8055,0.83312,0.058738,3.8582,0.63875,0.22024,4.0624,1.1783,0.071192,3.9974,0.88525,0.044406
3.9205,1.1683,1.7566,3.9275,1.0558,1.7781,4.0524,1.0843,1.5851,3.7891,1.0617,1.6036,3.8379,1.0937,1.7336,4.1162,1.0053,1.4626,3.7388,0.98135,1.52,3.805,0.83603,0.058105,3.8578,0.64725,0.22803,4.0625,1.1783,0.071154,3.9975,0.88527,0.044336
3.9208,1.1728,1.7564,3.9282,1.0606,1.7779,4.0529,1.0896,1.5848,3.7896,1.066,1.6034,3.8385,1.0982,1.7334,4.1167,1.0097,1.4627,3.7395,0.98558,1.5201,3.8045,0.83928,0.057376,3.8576,0.65674,0.23543,4.0625,1.1783,0.071096,3.9975,0.88521,0.044361
3.9211,1.1776,1.7561,3.9287,1.0649,1.7776,4.0534,1.0943,1.5847,3.7901,1.0705,1.6031,3.839,1.1025,1.7333,4.1173,1.0148,1.4624,3.7402,0.98983,1.5201,3.8044,0.84252,0.056661,3.8575,0.66668,0.24311,4.0623,1.1784,0.070959,3.9967,0.88686,0.043777
3.9216,1.1823,1.7556,3.9292,1.0697,1.7773,4.0538,1.0994,1.5841,3.7909,1.0751,1.6025,3.8394,1.1071,1.7329,4.1177,1.0206,1.4622,3.7408,0.99389,1.52,3.8033,0.84582,0.05569,3.8575,0.67724,0.25027,4.0625,1.1785,0.071226,3.9975,0.88518,0.044353
3.9217,1.1869,1.7553,3.9295,1.0743,1.7769,4.054,1.1042,1.5838,3.791,1.0792,1.6024,3.8399,1.1119,1.7322,4.1185,1.0261,1.4617,3.7414,0.99801,1.5197,3.803,0.84922,0.054755,3.8574,0.68797,0.25735,4.0624,1.1785,0.071168,3.9975,0.8852,0.044345
3.9218,1.1914,1.7549,3.9299,1.0793,1.7764,4.0543,1.1089,1.5834,3.7914,1.0835,1.6019,3.8399,1.1161,1.732,4.1188,1.0304,1.4616,3.7417,1.002,1.5196,3.8015,0.85281,0.053812,3.8587,0.69785,0.26424,4.0624,1.1785,0.071106,3.9975,0.88519,0.044324
3.9217,1.1963,1.7544,3.9302,1.0837,1.7759,4.0546,1.1141,1.5827,3.7916,1.0878,1.6014,3.8401,1.1205,1.7314,4.1192,1.0356,1.4611,3.7422,1.006,1.5193,3.8002,0.85658,0.052519,3.859,0.70774,0.26997,4.0624,1.1786,0.071013,3.9975,0.88521,0.044333
3.9217,1.2009,1.7536,3.9304,1.0885,1.7754,4.0547,1.1186,1.5824,3.7917,1.0923,1.6008,3.8402,1.1251,1.7308,4.1194,1.0407,1.4608,3.7425,1.01,1.5189,3.7987,0.86077,0.051337,3.8595,0.71707,0.2748,4.0625,1.1786,0.070932,3.9975,0.88521,0.044356
3.9215,1.2056,1.7531,3.9304,1.0932,1.7748,4.0548,1.1234,1.5817,3.7918,1.0966,1.6002,3.8403,1.1295,1.7302,4.1196,1.046,1.4603,3.7427,1.0141,1.5185,3.7979,0.86808,0.051915,3.8593,0.72526,0.27747,4.0625,1.1787,0.070822,3.9975,0.88522,0.04437
3.9214,1.2107,1.7521,3.9304,1.0981,1.7742,4.0546,1.1284,1.5811,3.792,1.1011,1.5995,3.8401,1.1342,1.7295,4.1198,1.0509,1.4598,3.7429,1.0179,1.518,3.7979,0.87831,0.055125,3.8588,0.73224,0.27856,4.0624,1.1787,0.070739,3.9975,0.88525,0.04438
3.9209,1.2151,1.7516,3.9303,1.1029,1.7735,4.0546,1.133,1.5805,3.7919,1.1052,1.5989,3.8402,1.1389,1.7287,4.1198,1.0556,1.4595,3.7431,1.0219,1.5176,3.7992,0.89129,0.059136,3.8582,0.7383,0.27879,4.0624,1.1787,0.070652,3.9975,0.88528,0.044366
3.9208,1.2204,1.7507,3.9301,1.1078,1.7729,4.0543,1.1378,1.5798,3.792,1.11,1.598,3.84,1.1436,1.7281,4.1198,1.0607,1.459,3.7431,1.0256,1.5172,3.8005,0.90665,0.063706,3.8576,0.7448,0.27755,4.0624,1.1789,0.070534,3.9975,0.88527,0.044437
3.9204,1.2251,1.7498,3.9299,1.1126,1.7724,4.0542,1.1424,1.5795,3.7918,1.1147,1.5974,3.8395,1.1482,1.7275,4.1197,1.0656,1.4586,3.7432,1.0295,1.5167,3.8031,0.92275,0.068231,3.8567,0.75148,0.27507,4.0623,1.1789,0.070387,3.9975,0.88531,0.044442
3.9197,1.2297,1.7494,3.9296,1.1177,1.7719,4.0537,1.1474,1.5788,3.7912,1.1185,1.5971,3.8391,1.1528,1.727,4.1198,1.0707,1.4582,3.7431,1.0333,1.5163,3.8053,0.93987,0.071999,3.855,0.75911,0.27156,4.0622,1.1791,0.07009,3.9975,0.88531,0.044476
3.9191,1.2346,1.7486,3.9294,1.1232,1.7714,4.0534,1.1521,1.5784,3.7912,1.1234,1.5963,3.8386,1.1576,1.7265,4.1195,1.0752,1.458,3.743,1.0371,1.516,3.8071,0.95711,0.075283,3.8541,0.76752,0.26693,4.0624,1.179,0.07045,3.9973,0.88485,0.04487
3.9184,1.2395,1.748,3.9287,1.1277,1.7711,4.053,1.1565,1.5781,3.7909,1.1278,1.5959,3.8381,1.1622,1.726,4.1193,1.0802,1.4578,3.7428,1.0408,1.5158,3.8083,0.97457,0.077995,3.8536,0.77677,0.2615,4.0624,1.179,0.070373,3.9967,0.88604,0.044457
3.9178,1.2444,1.7474,3.928,1.1326,1.7708,4.0524,1.1616,1.5775,3.7901,1.1316,1.5957,3.8375,1.1672,1.7254,4.1192,1.0857,1.4575,3.7426,1.0446,1.5154,3.8088,0.99208,0.080305,3.8533,0.78653,0.25552,4.0622,1.1792,0.070182,3.9969,0.88588,0.044357
3.917,1.249,1.7468,3.9275,1.1375,1.7708,4.052,1.1656,1.5775,3.7896,1.1361,1.5953,3.8369,1.1718,1.725,4.1189,1.0897,1.4576,3.7424,1.0483,1.5153,3.8081,1.0098,0.082229,3.8526,0.79672,0.24911,4.0617,1.1788,0.069674,3.997,0.88575,0.044175
3.9161,1.2542,1.7462,3.9267,1.1426,1.7705,4.0512,1.1711,1.5769,3.789,1.1404,1.5949,3.8361,1.1765,1.7245,4.1185,1.0948,1.4576,3.7422,1.0518,1.5152,3.8062,1.0278,0.08325,3.8536,0.80878,0.24124,4.0621,1.1777,0.068962,3.9969,0.88589,0.044381
3.9151,1.2593,1.7457,3.9261,1.1475,1.7703,4.0507,1.1753,1.5769,3.7883,1.1445,1.5945,3.8354,1.1814,1.724,4.1182,1.0996,1.4575,3.742,1.0555,1.515,3.8047,1.0455,0.083723,3.8543,0.82134,0.2335,4.0619,1.1778,0.069032,3.9969,0.88592,0.044401
3.914,1.264,1.7451,3.9252,1.1524,1.77,4.0499,1.1803,1.5765,3.7876,1.1488,1.5942,3.8345,1.1859,1.7237,4.1177,1.1046,1.4577,3.7417,1.0591,1.5149,3.8022,1.0632,0.083807,3.8554,0.83459,0.22561,4.062,1.1777,0.068828,3.997,0.88611,0.044424
3.9129,1.2689,1.7447,3.9243,1.1576,1.7697,4.0492,1.1848,1.5765,3.787,1.1532,1.5938,3.8336,1.1906,1.7232,4.1174,1.1093,1.4578,3.7416,1.0628,1.5147,3.7989,1.0807,0.082886,3.8569,0.8492,0.21707,4.062,1.1777,0.068767,3.9971,0.88641,0.044395
3.912,1.2741,1.744,3.9235,1.1627,1.7694,4.0483,1.1897,1.5762,3.7862,1.1572,1.5935,3.8326,1.1953,1.7228,4.1169,1.1142,1.458,3.7411,1.0661,1.5149,3.7952,1.0984,0.081712,3.8582,0.86418,0.20896,4.062,1.1778,0.068732,3.9971,0.88643,0.044404
3.9105,1.2784,1.7436,3.9225,1.1674,1.7692,4.0475,1.194,1.5762,3.7854,1.1612,1.5931,3.8315,1.1997,1.7225,4.1163,1.1193,1.4581,3.7406,1.0698,1.5148,3.7909,1.1159,0.080536,3.8598,0.87941,0.20059,4.062,1.1778,0.068634,3.9971,0.88648,0.044444
3.9092,1.283,1.7432,3.9212,1.172,1.7692,4.0465,1.199,1.5759,3.7845,1.1653,1.5928,3.8304,1.2043,1.7221,4.1157,1.1243,1.4583,3.7401,1.0733,1.5148,3.7865,1.1335,0.079468,3.8614,0.8952,0.19212,4.062,1.1779,0.068572,3.9975,0.88672,0.04435
3.9081,1.2882,1.7427,3.9203,1.1771,1.7687,4.0456,1.2034,1.576,3.7837,1.1695,1.5925,3.8293,1.2085,1.7218,4.1151,1.1292,1.4584,3.7397,1.0769,1.5147,3.7818,1.1514,0.078881,3.8627,0.91132,0.18314,4.062,1.1779,0.068498,3.9967,0.88597,0.044801
3.9065,1.2924,1.7424,3.9192,1.1815,1.7685,4.0444,1.2085,1.5756,3.783,1.174,1.5918,3.8281,1.2131,1.7214,4.1145,1.1349,1.4584,3.7392,1.0806,1.5145,3.7777,1.1695,0.07865,3.8637,0.92742,0.17451,4.062,1.178,0.068399,3.9966,0.88598,0.044855
3.9053,1.2971,1.7418,3.9177,1.1858,1.7685,4.0434,1.213,1.5755,3.782,1.178,1.5915,3.8269,1.2173,1.721,4.1137,1.1392,1.4588,3.7387,1.0844,1.5142,3.7736,1.1876,0.078981,3.8644,0.944,0.16559,4.0619,1.178,0.068313,3.9966,0.88602,0.044875
3.9038,1.3016,1.7415,3.9166,1.1907,1.7682,4.0424,1.2173,1.5755,3.7807,1.1818,1.5913,3.8258,1.2219,1.7205,4.113,1.1447,1.4586,3.738,1.0879,1.514,3.7702,1.2057,0.07927,3.8643,0.96038,0.15715,4.0619,1.1781,0.068257,3.9966,0.88602,0.044942
3.902,1.3061,1.7411,3.9153,1.195,1.7679,4.0411,1.2222,1.5752,3.7795,1.1859,1.5909,3.8243,1.2258,1.7202,4.1122,1.149,1.4589,3.7373,1.0917,1.5138,3.7674,1.2239,0.079627,3.8639,0.97694,0.14885,4.0619,1.1781,0.068165,3.9966,0.88605,0.044974
3.9007,1.3107,1.7406,3.914,1.1993,1.7676,4.04,1.2269,1.5749,3.7784,1.1899,1.5905,3.8232,1.2302,1.7197,4.1113,1.1537,1.4589,3.7366,1.0956,1.5134,3.7648,1.242,0.080341,3.8632,0.99347,0.14124,4.062,1.178,0.068167,3.9965,0.88604,0.045032
3.899,1.3147,1.7404,3.9126,1.204,1.7671,4.0388,1.2313,1.5749,3.7775,1.1944,1.5897,3.8218,1.2346,1.7192,4.1104,1.1587,1.4589,3.7359,1.0995,1.5129,3.763,1.2602,0.081024,3.8618,1.0101,0.13371,4.0623,1.1784,0.068453,3.9965,0.88607,0.045083
3.8973,1.3191,1.74,3.9114,1.2088,1.7667,4.0374,1.2362,1.5745,3.7761,1.1981,1.5894,3.8202,1.2386,1.7189,4.1094,1.1635,1.4589,3.735,1.1032,1.5125,3.7616,1.2784,0.081963,3.8602,1.0265,0.12666,4.062,1.1792,0.068687,3.9965,0.88607,0.045128
3.8956,1.3234,1.7396,3.91,1.2131,1.7663,4.0361,1.2405,1.5744,3.7749,1.2022,1.5889,3.8187,1.2426,1.7185,4.1085,1.1683,1.4589,3.7341,1.107,1.5121,3.7604,1.2962,0.082721,3.8585,1.0429,0.12002,4.0621,1.1794,0.068793,3.9965,0.88611,0.045152
3.8939,1.3278,1.7392,3.9083,1.2173,1.766,4.0348,1.2453,1.5741,3.7736,1.2062,1.5884,3.8171,1.2468,1.7179,4.1075,1.1733,1.4586,3.7333,1.1108,1.5117,3.7597,1.314,0.084097,3.8564,1.0592,0.11379,4.062,1.1795,0.068715,3.9964,0.88609,0.045229
3.8921,1.3323,1.7384,3.9069,1.2219,1.7655,4.0338,1.2474,1.5743,3.7725,1.2108,1.5875,3.8157,1.2509,1.7175,4.1064,1.1786,1.4585,3.7324,1.1145,1.5112,3.7586,1.3315,0.085477,3.8546,1.0757,0.10763,4.062,1.1796,0.068644,3.9964,0.88609,0.04528
3.8906,1.3368,1.7378,3.9053,1.2261,1.765,4.0315,1.2625,1.5706,3.7711,1.2146,1.587,3.8141,1.2551,1.717,4.1054,1.1835,1.4583,3.7314,1.1184,1.5106,3.7578,1.3483,0.087142,3.8528,1.0919,0.1018,4.062,1.1797,0.068558,3.9964,0.88613,0.045303
3.8887,1.3412,1.7372,3.9037,1.2304,1.7646,4.03,1.2675,1.5703,3.7695,1.2184,1.5866,3.8126,1.2597,1.7161,4.1043,1.1893,1.458,3.7304,1.1223,1.51,3.7568,1.3649,0.089326,3.8512,1.1081,0.096328,4.062,1.1797,0.068477,3.9963,0.88611,0.045401
3.8865,1.345,1.7369,3.9021,1.235,1.7639,4.0285,1.2716,1.5698,3.7684,1.2232,1.5856,3.8108,1.2638,1.7155,4.103,1.1937,1.4578,3.7295,1.1263,1.5094,3.7558,1.3811,0.091869,3.8498,1.1239,0.09132,4.062,1.1797,0.068408,3.9963,0.88613,0.045444
3.8846,1.3495,1.7363,3.9003,1.2392,1.7634,4.027,1.277,1.5694,3.7666,1.2266,1.5852,3.8093,1.2681,1.7147,4.1019,1.1993,1.4574,3.7284,1.1301,1.5088,3.7539,1.3967,0.094184,3.8487,1.1398,0.086662,4.062,1.1798,0.068334,3.9962,0.88615,0.04551
3.8828,1.3541,1.7358,3.8987,1.2438,1.7629,4.0259,1.2736,1.5719,3.7652,1.2308,1.5844,3.8073,1.2722,1.7142,4.1003,1.2037,1.457,3.7274,1.1341,1.5082,3.7521,1.4109,0.096182,3.8477,1.1551,0.082461,4.0619,1.1799,0.068238,3.9959,0.8864,0.045429
3.8811,1.359,1.7351,3.8972,1.2487,1.762,4.0235,1.2865,1.5685,3.7639,1.2354,1.5835,3.8059,1.2767,1.7137,4.0991,1.209,1.4568,3.7262,1.138,1.5075,3.7495,1.426,0.09939,3.8472,1.1704,0.078338,4.062,1.1799,0.068105,3.9959,0.88644,0.045472
3.8786,1.3628,1.7342,3.8952,1.2532,1.7615,4.0229,1.2807,1.5713,3.762,1.2389,1.583,3.804,1.281,1.713,4.0978,1.2147,1.4564,3.7251,1.142,1.507,3.7468,1.4388,0.10199,3.8466,1.1852,0.074646,4.0619,1.18,0.068003,3.9958,0.88646,0.045552
3.8765,1.3676,1.7338,3.8933,1.2581,1.7612,4.0201,1.296,1.5675,3.7603,1.2429,1.5823,3.802,1.285,1.7124,4.0963,1.2192,1.456,3.7238,1.1461,1.5064,3.744,1.4515,0.10473,3.8462,1.1998,0.071213,4.062,1.1801,0.067873,3.9958,0.8865,0.045646
3.8752,1.3726,1.733,3.8914,1.2627,1.7605,4.0182,1.3008,1.567,3.7587,1.2472,1.5815,3.8,1.2894,1.7117,4.0947,1.2241,1.4558,3.7224,1.1501,1.5057,3.7404,1.4634,0.1074,3.8458,1.2135,0.068035,4.0619,1.1802,0.067764,3.9962,0.88684,0.045606
3.8718,1.3759,1.7322,3.8896,1.2671,1.7598,4.0167,1.3056,1.5668,3.7569,1.2512,1.5809,3.7981,1.2935,1.7111,4.0931,1.2291,1.4553,3.7208,1.1543,1.505,3.7367,1.4736,0.11,3.8457,1.2264,0.065279,4.0619,1.1802,0.06765,3.996,0.8868,0.045809
3.8698,1.3803,1.7315,3.888,1.2716,1.759,4.0148,1.3101,1.5662,3.755,1.2555,1.5802,3.7961,1.2979,1.7104,4.0913,1.2343,1.4549,3.7193,1.1584,1.5042,3.7335,1.4834,0.11227,3.8455,1.2386,0.062885,4.0619,1.1803,0.067537,3.9959,0.8868,0.045949
3.8678,1.3855,1.7311,3.8853,1.2758,1.7586,4.0122,1.3151,1.5652,3.7529,1.2596,1.5794,3.794,1.3021,1.7098,4.0895,1.2391,1.4545,3.7175,1.1628,1.5034,3.7302,1.4918,0.11455,3.8464,1.25,0.06148,4.0619,1.1804,0.067434,3.9958,0.88684,0.046056
3.8655,1.3898,1.7304,3.8833,1.2803,1.7579,4.0102,1.3196,1.5646,3.7513,1.2644,1.5785,3.792,1.3064,1.7091,4.0875,1.244,1.4541,3.7157,1.167,1.5026,3.7273,1.4998,0.11548,3.8472,1.2597,0.060753,4.0619,1.1804,0.067323,3.9957,0.8869,0.046196
3.863,1.3942,1.7295,3.8815,1.2853,1.7571,4.0079,1.3246,1.5639,3.7491,1.2688,1.5778,3.7898,1.3112,1.7081,4.0855,1.249,1.4538,3.7138,1.1714,1.5017,3.7245,1.5059,0.11573,3.8484,1.2682,0.059893,4.0619,1.1806,0.067176,3.9957,0.88697,0.046366
3.861,1.3988,1.729,3.8789,1.2895,1.7564,4.0057,1.3289,1.5633,3.7466,1.2725,1.5774,3.7873,1.3153,1.7075,4.0833,1.2537,1.4534,3.7117,1.1757,1.5009,3.7223,1.5106,0.11488,3.8497,1.2749,0.059663,4.0618,1.1806,0.067047,3.9956,0.88708,0.046586
3.8589,1.4034,1.7284,3.8764,1.2937,1.7559,4.0033,1.3335,1.5627,3.7446,1.2773,1.5765,3.7849,1.3194,1.7069,4.0811,1.2585,1.4532,3.7096,1.18,1.5,3.7209,1.5139,0.11307,3.8511,1.2789,0.060287,4.0618,1.1807,0.066901,3.9956,0.88721,0.046778
3.856,1.4075,1.7277,3.8742,1.2983,1.7551,4.0013,1.3375,1.5624,3.7419,1.2811,1.5759,3.7828,1.3241,1.7061,4.079,1.2639,1.4527,3.7074,1.1843,1.4991,3.7209,1.5162,0.1095,3.8516,1.2806,0.061064,4.0618,1.1808,0.066732,3.9955,0.88728,0.047082
3.8538,1.4121,1.727,3.8713,1.3024,1.7546,3.9989,1.3424,1.5618,3.7395,1.2854,1.5752,3.78,1.328,1.7056,4.0766,1.2677,1.4526,3.7051,1.1887,1.4981,3.7214,1.5177,0.10463,3.8511,1.2813,0.061653,4.0618,1.181,0.066558,3.9951,0.88726,0.047504
3.8511,1.4167,1.7264,3.8686,1.3067,1.754,3.9959,1.3467,1.5611,3.7369,1.2898,1.5744,3.7773,1.3322,1.7049,4.0742,1.2724,1.4523,3.7027,1.1931,1.497,3.7212,1.5196,0.1002,3.8505,1.282,0.062049,4.0619,1.1812,0.06634,3.9949,0.88733,0.047987
3.848,1.4209,1.7261,3.8659,1.3115,1.7535,3.9932,1.3513,1.5607,3.7342,1.2942,1.5739,3.7747,1.3372,1.7041,4.0718,1.2768,1.4521,3.7001,1.1975,1.496,3.7208,1.521,0.096744,3.8499,1.2827,0.062832,4.0619,1.1813,0.066159,3.9947,0.88749,0.048561
3.8452,1.4253,1.7257,3.863,1.3159,1.7532,3.9906,1.3558,1.5606,3.7316,1.2988,1.5733,3.7717,1.3414,1.7039,4.0693,1.2818,1.4519,3.6976,1.2019,1.4949,3.72,1.5222,0.094149,3.8498,1.2836,0.063521,4.0619,1.1815,0.065944,3.9947,0.88776,0.049194
3.8427,1.4298,1.7255,3.8595,1.3194,1.7529,3.9878,1.3604,1.5604,3.7288,1.3033,1.5728,3.7691,1.3461,1.7033,4.0667,1.2864,1.4519,3.6951,1.2062,1.494,3.719,1.5228,0.092001,3.8497,1.2842,0.064202,4.0619,1.1817,0.065709,3.9946,0.8881,0.049884
3.8389,1.4342,1.7252,3.8564,1.3241,1.7525,3.9849,1.3653,1.5604,3.7259,1.3079,1.5724,3.7658,1.3502,1.7031,4.0642,1.2912,1.452,3.6924,1.2109,1.4929,3.7183,1.5234,0.090038,3.8494,1.2846,0.064657,4.0619,1.182,0.065404,3.9946,0.8885,0.050755
3.8358,1.4389,1.725,3.8532,1.3288,1.7521,3.982,1.37,1.5603,3.7231,1.3129,1.5717,3.7625,1.3549,1.7027,4.0616,1.2962,1.4521,3.6898,1.2157,1.4919,3.7181,1.5243,0.088254,3.8491,1.285,0.064982,4.0618,1.1822,0.065174,3.9945,0.88871,0.051779
3.8328,1.4434,1.7248,3.8499,1.3329,1.7517,3.979,1.375,1.5602,3.7201,1.3174,1.5712,3.7596,1.36,1.7019,4.059,1.3015,1.4522,3.6874,1.2203,1.491,3.718,1.525,0.086552,3.8488,1.2854,0.065323,4.0619,1.1826,0.064859,3.9943,0.889,0.052959
3.8289,1.4474,1.7247,3.8467,1.3373,1.7512,3.976,1.3802,1.5602,3.7171,1.3225,1.5705,3.7562,1.3638,1.7017,4.0564,1.3065,1.4525,3.685,1.2251,1.49,3.7178,1.5257,0.084873,3.8484,1.2857,0.065771,4.0618,1.1829,0.064548,3.9939,0.88925,0.054399
3.8255,1.4519,1.7242,3.8434,1.3417,1.7508,3.9733,1.385,1.5604,3.7141,1.3272,1.5698,3.7531,1.3689,1.7011,4.0538,1.3124,1.4527,3.6824,1.2298,1.4892,3.718,1.5265,0.082731,3.848,1.286,0.066225,4.0617,1.1833,0.064312,3.9938,0.88987,0.055937
3.8222,1.4571,1.7243,3.8398,1.3466,1.7505,3.9704,1.3895,1.5606,3.711,1.332,1.5692,3.7495,1.3734,1.7006,4.051,1.3178,1.4531,3.6799,1.2344,1.4884,3.7184,1.5275,0.081332,3.8478,1.2861,0.06651,4.0615,1.1837,0.064022,3.9935,0.89037,0.057809
3.8184,1.4613,1.7243,3.8361,1.3512,1.7504,3.9673,1.3952,1.5606,3.7081,1.3368,1.5686,3.7463,1.3784,1.7,4.0483,1.3234,1.4534,3.6774,1.239,1.4876,3.7193,1.5283,0.080297,3.8476,1.2862,0.066635,4.0614,1.1841,0.063702,3.9931,0.89097,0.060029
3.8146,1.4664,1.7234,3.833,1.3566,1.75,3.9643,1.4,1.561,3.7052,1.3414,1.5681,3.7427,1.3828,1.6998,4.0456,1.3287,1.454,3.6748,1.2436,1.4869,3.7199,1.5291,0.07934,3.8475,1.2863,0.066692,4.0613,1.1846,0.063327,3.9925,0.89173,0.062498
3.8113,1.4719,1.7237,3.8292,1.3615,1.7502,3.9611,1.4051,1.5613,3.702,1.346,1.5678,3.7391,1.388,1.6994,4.0428,1.3341,1.4545,3.6722,1.2483,1.4863,3.7202,1.5297,0.078492,3.8474,1.2863,0.066772,4.0613,1.1854,0.062788,3.9919,0.89254,0.065443
3.8072,1.4771,1.7235,3.8255,1.3669,1.7504,3.9581,1.4103,1.5617,3.6991,1.3509,1.5675,3.7359,1.3931,1.6992,4.0399,1.3396,1.455,3.6696,1.2529,1.4858,3.7204,1.5302,0.077991,3.8474,1.2863,0.06682,4.0611,1.186,0.062402,3.9912,0.89358,0.068818
3.8044,1.4825,1.7232,3.822,1.3723,1.7506,3.955,1.4154,1.5622,3.6961,1.3556,1.5674,3.7323,1.3979,1.6992,4.0371,1.3449,1.4557,3.6669,1.2575,1.4853,3.7205,1.5305,0.077614,3.8473,1.2863,0.066822,4.0613,1.1871,0.061754,3.9902,0.89472,0.072526
3.8006,1.4877,1.7232,3.8185,1.3775,1.7508,3.9518,1.4206,1.5627,3.693,1.3601,1.5674,3.7289,1.4029,1.6992,4.0343,1.3498,1.4565,3.6643,1.2621,1.485,3.7207,1.5308,0.077334,3.8472,1.2863,0.06681,4.0611,1.1879,0.061305,3.9896,0.89632,0.076632
3.7972,1.493,1.7234,3.8152,1.3831,1.751,3.9487,1.4258,1.5631,3.6901,1.365,1.5675,3.7258,1.4083,1.6991,4.0316,1.3547,1.4575,3.6616,1.2666,1.4849,3.7208,1.5309,0.07705,3.8472,1.2863,0.066799,4.0607,1.1887,0.060922,3.9884,0.89833,0.080653
3.7936,1.4983,1.7234,3.8119,1.3881,1.7515,3.9456,1.4308,1.5638,3.687,1.3697,1.5677,3.7222,1.413,1.6994,4.0288,1.3601,1.4584,3.6588,1.2714,1.4849,3.7209,1.5311,0.076917,3.8471,1.2863,0.066779,4.0605,1.1898,0.060433,3.987,0.90004,0.085495
3.7898,1.5034,1.7236,3.8083,1.3935,1.752,3.942,1.4365,1.5639,3.6841,1.3741,1.568,3.719,1.4177,1.6997,4.0258,1.3651,1.4594,3.6561,1.2758,1.485,3.7209,1.5311,0.076773,3.8471,1.2863,0.06674,4.0606,1.1906,0.060347,3.9856,0.90216,0.090096
3.7862,1.508,1.7239,3.805,1.3986,1.7524,3.9388,1.4416,1.5645,3.6811,1.3785,1.5684,3.7158,1.4231,1.6998,4.023,1.3701,1.4605,3.6535,1.2802,1.4853,3.7209,1.5311,0.076718,3.847,1.2863,0.066751,4.0606,1.1917,0.059933,3.9837,0.90429,0.095126
3.7831,1.5134,1.7241,3.8018,1.4037,1.753,3.9358,1.4463,1.5653,3.678,1.383,1.5688,3.7126,1.4279,1.7001,4.0203,1.375,1.4617,3.651,1.2848,1.4856,3.7209,1.5312,0.076602,3.8469,1.2863,0.06678,4.0606,1.1929,0.059466,3.9818,0.907,0.099524
3.7798,1.5182,1.7245,3.7987,1.4087,1.7536,3.9327,1.4511,1.5661,3.6751,1.3873,1.5693,3.7091,1.4322,1.7008,4.0175,1.3797,1.4632,3.6483,1.2892,1.486,3.7209,1.5313,0.07643,3.8468,1.2863,0.066794,4.0603,1.1939,0.059125,3.9792,0.90964,0.10452
3.7763,1.523,1.7249,3.7953,1.4137,1.7543,3.9302,1.4551,1.5673,3.6721,1.3914,1.5699,3.7059,1.4366,1.7011,4.0148,1.3846,1.4644,3.6458,1.2934,1.4866,3.7207,1.5314,0.076264,3.8467,1.2862,0.066851,4.06,1.195,0.05883,3.9762,0.91267,0.10868
3.7725,1.5275,1.7253,3.7919,1.4184,1.7551,3.9272,1.4595,1.5683,3.6692,1.3954,1.5705,3.7028,1.4409,1.7016,4.012,1.3891,1.4657,3.6434,1.2977,1.4872,3.7204,1.5315,0.07616,3.8465,1.2861,0.06698,4.0599,1.1962,0.058547,3.9729,0.9156,0.11313
3.769,1.5317,1.7261,3.7887,1.4227,1.7561,3.9237,1.4648,1.569,3.6665,1.3992,1.5712,3.6997,1.4449,1.7024,4.0095,1.3936,1.467,3.641,1.3015,1.488,3.7207,1.5316,0.076226,3.8462,1.286,0.067157,4.0602,1.1978,0.058148,3.969,0.91897,0.11699
3.7661,1.536,1.7267,3.7862,1.4273,1.7568,3.9213,1.4684,1.5705,3.6637,1.4029,1.5719,3.6965,1.449,1.7031,4.0068,1.3979,1.4684,3.6386,1.3052,1.4888,3.7206,1.5317,0.076001,3.846,1.2859,0.0673,4.0606,1.1994,0.057718,3.9648,0.92263,0.1204
3.7629,1.5402,1.7275,3.7826,1.4312,1.7581,3.9187,1.4721,1.5718,3.661,1.4063,1.5729,3.6938,1.4533,1.7037,4.0044,1.4023,1.4696,3.6363,1.3087,1.4898,3.7206,1.5318,0.075761,3.8457,1.2857,0.067582,4.0609,1.2009,0.057576,3.9602,0.92669,0.12318
3.7596,1.5441,1.7282,3.7796,1.4352,1.7592,3.9158,1.4762,1.573,3.6585,1.4096,1.5738,3.691,1.4565,1.7044,4.0019,1.4062,1.471,3.6341,1.312,1.4908,3.7205,1.5319,0.075511,3.8455,1.2855,0.067812,4.0619,1.2028,0.057917,3.9553,0.93084,0.12546
3.7561,1.5477,1.7293,3.777,1.4391,1.7602,3.9125,1.4813,1.5737,3.656,1.4128,1.5749,3.6882,1.4601,1.7054,3.9994,1.4106,1.4722,3.632,1.3154,1.4917,3.7205,1.532,0.075277,3.8466,1.2864,0.067255,4.0629,1.2058,0.057839,3.9508,0.93605,0.12698
3.753,1.5512,1.7305,3.7742,1.4427,1.7614,3.9105,1.4841,1.5754,3.6535,1.4158,1.5759,3.6854,1.4634,1.7065,3.9969,1.4146,1.4734,3.6298,1.3185,1.4927,3.7207,1.5315,0.074862,3.8463,1.2863,0.067461,4.0637,1.2094,0.057687,3.9463,0.94195,0.12741
3.7502,1.5542,1.7315,3.7717,1.4461,1.7626,3.9073,1.4887,1.5763,3.6512,1.4187,1.5771,3.6829,1.4665,1.7077,3.9947,1.4186,1.4746,3.6277,1.3216,1.4937,3.7204,1.5318,0.074688,3.8459,1.2861,0.067738,4.0644,1.2142,0.057901,3.9424,0.94814,0.12753
3.748,1.5577,1.7327,3.7695,1.4492,1.7637,3.9047,1.4925,1.5775,3.6488,1.4217,1.5782,3.6805,1.4693,1.7088,3.9923,1.4227,1.4758,3.6257,1.3247,1.4947,3.7202,1.5319,0.074449,3.8455,1.2859,0.068027,4.0654,1.2199,0.058297,3.9388,0.95549,0.12629
3.7453,1.5607,1.7339,3.767,1.4523,1.7649,3.9028,1.4951,1.5792,3.6466,1.4246,1.5794,3.6781,1.472,1.7101,3.9901,1.4266,1.4768,3.6239,1.3275,1.4957,3.7201,1.5322,0.074198,3.8453,1.2858,0.0682,4.0664,1.2248,0.058904,3.9361,0.96333,0.1244
3.7427,1.5635,1.7351,3.7648,1.455,1.766,3.8998,1.4998,1.5798,3.6444,1.4273,1.5806,3.6754,1.4745,1.7115,3.9879,1.4305,1.4779,3.6219,1.3304,1.4967,3.7201,1.532,0.074186,3.8452,1.2858,0.068265,4.0668,1.2328,0.059937,3.9346,0.97178,0.12209
3.7402,1.5663,1.7363,3.7626,1.4577,1.7671,3.8981,1.5021,1.5813,3.6423,1.43,1.5816,3.6732,1.477,1.7127,3.9859,1.4343,1.479,3.62,1.3335,1.4975,3.7197,1.5324,0.074007,3.8453,1.286,0.068199,4.0666,1.2421,0.060369,3.9333,0.98058,0.1194
3.7375,1.5684,1.7377,3.7607,1.4603,1.768,3.8961,1.5023,1.5839,3.6402,1.4326,1.5827,3.6711,1.4796,1.7137,3.9839,1.4379,1.4801,3.6182,1.3365,1.4983,3.7201,1.5311,0.073269,3.8457,1.2863,0.06799,4.0661,1.2523,0.061053,3.9332,0.99018,0.11654
3.7351,1.5711,1.739,3.7587,1.4632,1.7691,3.8936,1.5086,1.5833,3.6382,1.4353,1.5836,3.669,1.482,1.7148,3.9819,1.4415,1.481,3.6165,1.3394,1.4991,3.7197,1.5319,0.073128,3.8448,1.2857,0.068436,4.0651,1.2637,0.061608,3.9337,1.0004,0.11316
3.7329,1.574,1.7402,3.7569,1.4656,1.77,3.8908,1.5134,1.5837,3.6364,1.438,1.5845,3.6671,1.4843,1.7158,3.9799,1.4449,1.4819,3.6148,1.3425,1.4999,3.7199,1.5321,0.073341,3.8452,1.2861,0.068056,4.0632,1.2778,0.062159,3.9347,1.0107,0.1099
3.7309,1.5763,1.7412,3.7549,1.468,1.7709,3.8888,1.5166,1.5846,3.6348,1.4405,1.5854,3.6651,1.4869,1.7166,3.978,1.4485,1.4827,3.6131,1.3455,1.5006,3.7198,1.5323,0.073311,3.8457,1.2865,0.067838,4.061,1.2916,0.062918,3.9364,1.0215,0.10661
3.7287,1.5787,1.7422,3.7532,1.4707,1.7716,3.8879,1.5155,1.5875,3.6329,1.443,1.5861,3.6634,1.4893,1.7174,3.9762,1.4517,1.4834,3.6115,1.3485,1.5012,3.7197,1.5323,0.073174,3.8459,1.2865,0.067879,4.0585,1.3048,0.063397,3.9379,1.0322,0.10344
3.7268,1.5815,1.743,3.7514,1.4735,1.7724,3.8858,1.5214,1.5867,3.6311,1.4456,1.5869,3.6616,1.4916,1.7182,3.9745,1.4548,1.4841,3.6099,1.3515,1.5019,3.7197,1.532,0.072802,3.8458,1.2866,0.067877,4.0554,1.32,0.063702,3.9405,1.0439,0.099912
3.7248,1.5844,1.7437,3.7496,1.4759,1.7731,3.8831,1.5262,1.5871,3.6293,1.4481,1.5875,3.6598,1.4943,1.7188,3.9728,1.4577,1.4848,3.6084,1.3546,1.5025,3.7197,1.5321,0.07268,3.8458,1.2866,0.067961,4.0517,1.3346,0.064394,3.9436,1.0559,0.096705
3.7231,1.5867,1.7444,3.7481,1.4785,1.7736,3.8823,1.5271,1.5881,3.6278,1.4505,1.5881,3.6581,1.4969,1.7194,3.9712,1.4607,1.4853,3.6068,1.3574,1.503,3.7199,1.5324,0.072628,3.8458,1.2866,0.067958,4.0482,1.3502,0.064011,3.9464,1.0678,0.093888
3.7213,1.5892,1.745,3.7464,1.4815,1.7743,3.8809,1.527,1.5904,3.6266,1.4532,1.5887,3.6565,1.4993,1.7201,3.9698,1.4632,1.486,3.6055,1.3602,1.5036,3.7195,1.5325,0.072652,3.8458,1.2867,0.068044,4.0438,1.3653,0.063957,3.9497,1.0807,0.090748
3.7196,1.5921,1.7455,3.7449,1.484,1.7747,3.879,1.5331,1.5894,3.6247,1.4557,1.5891,3.6549,1.5018,1.7206,3.9683,1.4659,1.4863,3.604,1.363,1.504,3.7194,1.5325,0.07252,3.8458,1.2867,0.068095,4.0395,1.3809,0.064002,3.9531,1.0934,0.08815
3.7181,1.5944,1.7459,3.7434,1.4866,1.7752,3.8778,1.5353,1.59,3.6236,1.4582,1.5896,3.6537,1.5047,1.7209,3.9671,1.4682,1.4867,3.6027,1.3658,1.5044,3.7193,1.5326,0.07242,3.8458,1.2867,0.068189,4.035,1.3963,0.064019,3.9559,1.1067,0.085486
3.7165,1.5967,1.7464,3.7419,1.4893,1.7756,3.8763,1.5382,1.5905,3.6223,1.4607,1.5899,3.6519,1.5068,1.7214,3.9657,1.4706,1.4871,3.6014,1.3683,1.5049,3.7193,1.5327,0.072269,3.8458,1.2868,0.068248,4.0311,1.4116,0.064284,3.9593,1.1202,0.083422
3.7151,1.5993,1.7468,3.741,1.4921,1.7757,3.8751,1.5404,1.5909,3.6207,1.4632,1.5902,3.6506,1.5092,1.7218,3.9644,1.4728,1.4873,3.6002,1.3711,1.5052,3.7192,1.5328,0.07213,3.8458,1.2868,0.068345,4.0272,1.4265,0.064556,3.9619,1.1337,0.081651
3.714,1.6016,1.7471,3.7393,1.4941,1.7764,3.8736,1.5432,1.5913,3.6195,1.4655,1.5906,3.6492,1.5116,1.7222,3.9634,1.4748,1.4875,3.5991,1.3735,1.5056,3.7191,1.5328,0.072027,3.8458,1.2869,0.068366,4.0244,1.4405,0.064857,3.9644,1.147,0.080341
3.7124,1.6041,1.7475,3.7379,1.4964,1.7768,3.8726,1.5425,1.5931,3.6185,1.468,1.5909,3.6479,1.514,1.7224,3.9623,1.4772,1.4875,3.598,1.3758,1.506,3.719,1.5329,0.071914,3.8458,1.2869,0.068391,4.0209,1.4548,0.064899,3.967,1.1607,0.079047
3.7112,1.6065,1.7477,3.7367,1.4987,1.7771,3.8711,1.548,1.5918,3.6175,1.4702,1.5912,3.6469,1.5162,1.7227,3.9613,1.4794,1.4876,3.597,1.3781,1.5063,3.7189,1.533,0.07175,3.8459,1.287,0.068435,4.0179,1.4697,0.065612,3.9688,1.1742,0.078248
3.7103,1.6087,1.7479,3.7357,1.5008,1.7773,3.8703,1.5472,1.5938,3.6164,1.4723,1.5914,3.6457,1.5186,1.7228,3.9603,1.4816,1.4876,3.596,1.3801,1.5067,3.7189,1.5331,0.071546,3.8459,1.287,0.068524,4.0156,1.4843,0.066612,3.9711,1.189,0.076713
3.7091,1.6109,1.7482,3.7346,1.5031,1.7775,3.8689,1.5525,1.5923,3.6155,1.4744,1.5917,3.6447,1.5206,1.7231,3.9595,1.4833,1.4876,3.5952,1.3822,1.5071,3.719,1.5334,0.071244,3.846,1.287,0.068578,4.0137,1.4988,0.067984,3.972,1.2028,0.076158
3.7078,1.6132,1.7484,3.7336,1.5052,1.7778,3.8681,1.5545,1.5928,3.6145,1.4762,1.592,3.6437,1.5228,1.7232,3.9586,1.4856,1.4875,3.5944,1.384,1.5074,3.7187,1.5333,0.071163,3.846,1.2871,0.068633,4.0121,1.5133,0.069423,3.9726,1.2171,0.075186
3.7069,1.615,1.7486,3.7328,1.5074,1.778,3.8674,1.5538,1.5944,3.6137,1.4782,1.5922,3.6429,1.5244,1.7235,3.9578,1.4878,1.4873,3.5938,1.3858,1.5078,3.7186,1.5334,0.070984,3.846,1.2871,0.068709,4.0109,1.5279,0.071015,3.973,1.2312,0.074711
3.706,1.6173,1.7488,3.7321,1.5092,1.7783,3.8662,1.5591,1.5929,3.613,1.48,1.5926,3.6422,1.5264,1.7238,3.957,1.4902,1.487,3.5932,1.3874,1.5082,3.7185,1.5335,0.07078,3.846,1.2871,0.068792,4.0099,1.5424,0.072773,3.973,1.2453,0.074092
3.7053,1.6189,1.749,3.7316,1.5115,1.7785,3.8654,1.5615,1.5931,3.6123,1.4816,1.5929,3.6415,1.528,1.7241,3.9564,1.4923,1.4868,3.5927,1.389,1.5085,3.7184,1.5336,0.070645,3.8461,1.2872,0.068853,4.009,1.5568,0.074671,3.9727,1.2597,0.073683
3.7044,1.6209,1.7493,3.7311,1.5133,1.7787,3.8649,1.5604,1.5948,3.6117,1.4834,1.5932,3.6408,1.5299,1.7244,3.9556,1.4944,1.4865,3.5922,1.3904,1.5089,3.7183,1.5336,0.070476,3.8461,1.2872,0.068947,4.0083,1.5713,0.076799,3.972,1.2745,0.072997
3.7037,1.6226,1.7496,3.7308,1.5155,1.7789,3.8642,1.5624,1.5949,3.6111,1.4848,1.5936,3.6403,1.5316,1.7248,3.955,1.4967,1.4861,3.5918,1.3917,1.5092,3.7182,1.5337,0.070356,3.8461,1.2873,0.06908,4.0077,1.5861,0.079085,3.9717,1.2892,0.072325
3.7031,1.6243,1.7498,3.7304,1.517,1.7792,3.863,1.568,1.5933,3.6105,1.4864,1.594,3.6399,1.5331,1.7252,3.9544,1.499,1.4857,3.5914,1.3932,1.5095,3.718,1.5338,0.070212,3.8461,1.2873,0.069194,4.007,1.6006,0.081272,3.9705,1.3039,0.071624
3.7024,1.626,1.7501,3.7301,1.5186,1.7794,3.8628,1.5668,1.5951,3.6102,1.4878,1.5944,3.6396,1.5348,1.7255,3.9538,1.5012,1.4853,3.5912,1.3946,1.5098,3.7179,1.5339,0.07003,3.8462,1.2874,0.069248,4.0065,1.6153,0.083673,3.9694,1.3192,0.07051
3.7025,1.6276,1.7504,3.7304,1.5206,1.7794,3.8619,1.5717,1.5934,3.6098,1.4893,1.5948,3.6393,1.5361,1.7259,3.9533,1.5036,1.4848,3.5909,1.3959,1.5101,3.7179,1.5341,0.069766,3.8463,1.2875,0.069344,4.0057,1.6298,0.086093,3.9682,1.3339,0.069814
3.7022,1.6292,1.7507,3.7299,1.5218,1.7798,3.8616,1.5736,1.5937,3.6095,1.491,1.5952,3.6391,1.5374,1.7264,3.9527,1.5059,1.4845,3.5907,1.3974,1.5102,3.7178,1.5343,0.069501,3.8464,1.2876,0.069433,4.0045,1.6462,0.089376,3.9667,1.3491,0.068647
3.7019,1.6309,1.7511,3.73,1.5234,1.78,3.861,1.5757,1.5936,3.6092,1.4924,1.5956,3.6389,1.5386,1.7268,3.9522,1.5082,1.484,3.5905,1.3989,1.5104,3.7177,1.5345,0.069243,3.8465,1.2877,0.069541,4.0036,1.661,0.092231,3.965,1.3643,0.067734
3.7014,1.6319,1.7517,3.7301,1.5248,1.7801,3.8607,1.5748,1.5951,3.6089,1.4938,1.5961,3.6388,1.54,1.7271,3.9515,1.511,1.4833,3.5903,1.4001,1.5105,3.7176,1.5346,0.069022,3.8466,1.2878,0.069655,4.0021,1.6757,0.094668,3.9633,1.3793,0.066723
3.7012,1.6333,1.7522,3.7303,1.5262,1.7803,3.8603,1.5768,1.5951,3.6086,1.4954,1.5964,3.6388,1.5413,1.7276,3.951,1.5134,1.4828,3.5902,1.4014,1.5106,3.7175,1.5347,0.068782,3.8466,1.2879,0.069738,4.0005,1.6909,0.097758,3.9612,1.3943,0.065465
3.7011,1.6347,1.7526,3.7304,1.5273,1.7806,3.8596,1.5817,1.5933,3.6083,1.4967,1.5968,3.6388,1.5428,1.728,3.9504,1.516,1.4822,3.59,1.4028,1.5106,3.7174,1.5348,0.068664,3.8467,1.288,0.069796,3.998,1.7058,0.10016,3.9594,1.4094,0.063998
3.7014,1.6361,1.7528,3.7306,1.5287,1.7807,3.8595,1.5807,1.5949,3.608,1.4981,1.5973,3.6389,1.5442,1.7284,3.9498,1.5186,1.4815,3.5897,1.4042,1.5105,3.7173,1.5349,0.068573,3.8467,1.2881,0.069951,3.995,1.7206,0.10275,3.9575,1.4253,0.062612
3.7014,1.6375,1.7533,3.7309,1.5302,1.7809,3.8588,1.586,1.5932,3.6078,1.4998,1.5977,3.639,1.5453,1.7289,3.9492,1.5213,1.481,3.5895,1.4054,1.5105,3.7172,1.535,0.068453,3.8467,1.2881,0.070116,3.9915,1.7353,0.10522,3.9557,1.4401,0.061887
3.7009,1.639,1.7538,3.7311,1.5317,1.781,3.8586,1.5878,1.5932,3.6077,1.5014,1.5981,3.639,1.5466,1.7293,3.9486,1.5238,1.4805,3.5894,1.4069,1.5104,3.7172,1.5351,0.068345,3.8467,1.2882,0.070255,3.9873,1.7499,0.10727,3.9529,1.4542,0.060805
3.7008,1.6404,1.7544,3.7312,1.533,1.7812,3.8582,1.59,1.593,3.6074,1.5032,1.5985,3.639,1.548,1.7297,3.948,1.5267,1.4798,3.5892,1.4085,1.5102,3.7171,1.5352,0.068249,3.8468,1.2883,0.070353,3.983,1.7644,0.10966,3.9513,1.469,0.060115
3.7008,1.6417,1.755,3.7314,1.5346,1.7812,3.8579,1.5892,1.5945,3.6073,1.5051,1.5987,3.6391,1.5496,1.7301,3.9473,1.5295,1.4793,3.5889,1.4099,1.5102,3.717,1.5352,0.068124,3.8468,1.2883,0.070508,3.9776,1.779,0.11232,3.9497,1.4829,0.059938
3.7011,1.6436,1.7552,3.7316,1.5362,1.7812,3.8567,1.5932,1.5923,3.607,1.5068,1.5992,3.6392,1.5511,1.7305,3.9466,1.5324,1.4788,3.5887,1.4116,1.51,3.717,1.5353,0.068009,3.8468,1.2884,0.070614,3.9717,1.7935,0.11475,3.9489,1.4986,0.058072
3.7011,1.6452,1.7556,3.7318,1.5376,1.7813,3.8571,1.5942,1.5943,3.6069,1.5087,1.5994,3.6396,1.5529,1.7306,3.9459,1.5353,1.4782,3.5885,1.4134,1.5099,3.7169,1.5354,0.067903,3.8468,1.2885,0.070743,3.965,1.8074,0.11717,3.9475,1.5105,0.059739
3.7007,1.6464,1.756,3.7321,1.5396,1.7812,3.8563,1.5996,1.5922,3.6069,1.511,1.5994,3.6392,1.5544,1.7311,3.9452,1.5385,1.4778,3.5882,1.4151,1.5096,3.7169,1.5355,0.067811,3.8468,1.2885,0.070897,3.9581,1.8213,0.11968,3.9459,1.5209,0.061827
3.7006,1.6486,1.7564,3.7324,1.5416,1.7811,3.8553,1.5996,1.5932,3.6066,1.5131,1.5996,3.6391,1.5558,1.7314,3.9446,1.5414,1.4773,3.5879,1.417,1.5094,3.7168,1.5356,0.067688,3.8469,1.2886,0.071004,3.9505,1.8346,0.12222,3.9438,1.5356,0.060774
3.7005,1.6504,1.7566,3.7323,1.5428,1.7811,3.855,1.6027,1.5916,3.6063,1.5152,1.5997,3.6395,1.5578,1.7314,3.9438,1.5446,1.4768,3.5876,1.4189,1.5092,3.7167,1.5356,0.067625,3.8469,1.2887,0.071112,3.9427,1.8476,0.12458,3.9416,1.5497,0.059773
3.7004,1.6523,1.7569,3.7324,1.5448,1.781,3.8544,1.6054,1.5914,3.606,1.5172,1.5999,3.6394,1.5598,1.7315,3.9432,1.5479,1.4765,3.5873,1.4212,1.5089,3.7167,1.5357,0.067559,3.8469,1.2888,0.071227,3.9346,1.8602,0.12682,3.9394,1.5625,0.059588
3.7004,1.6543,1.7569,3.7325,1.5471,1.7809,3.8539,1.6073,1.5927,3.6053,1.5189,1.6002,3.639,1.5615,1.7318,3.9425,1.5508,1.4761,3.587,1.4234,1.5086,3.7167,1.5358,0.06746,3.8469,1.2888,0.071358,3.9267,1.8722,0.129,3.9368,1.5749,0.059325
3.6997,1.656,1.7572,3.7322,1.5486,1.7809,3.8535,1.6097,1.5925,3.605,1.521,1.6003,3.6388,1.5635,1.7319,3.9419,1.554,1.4756,3.5867,1.4258,1.5082,3.7167,1.5358,0.067453,3.8469,1.2889,0.071466,3.9185,1.8837,0.13124,3.9334,1.5926,0.055617
3.6993,1.6583,1.7574,3.7321,1.5508,1.7807,3.853,1.6129,1.591,3.6046,1.5235,1.6003,3.6386,1.5654,1.7319,3.9413,1.5571,1.4752,3.5863,1.4281,1.5079,3.7166,1.5359,0.067339,3.8469,1.289,0.071603,3.9105,1.8946,0.1331,3.9299,1.6044,0.055173
3.6989,1.6604,1.7577,3.7319,1.5529,1.7805,3.8524,1.6152,1.592,3.6043,1.5259,1.6001,3.6383,1.5675,1.7318,3.9407,1.56,1.4748,3.586,1.4307,1.5074,3.7166,1.536,0.067246,3.8469,1.2892,0.071792,3.9031,1.9052,0.13484,3.9257,1.616,0.055078
3.6983,1.6625,1.7577,3.7318,1.5553,1.7803,3.8518,1.6185,1.5905,3.604,1.5286,1.5999,3.6381,1.5698,1.7318,3.9402,1.5634,1.4744,3.5856,1.4332,1.507,3.7166,1.5361,0.067232,3.8469,1.2893,0.071978,3.8959,1.9153,0.13639,3.9213,1.6275,0.053336
3.6981,1.6648,1.7577,3.7321,1.5582,1.7798,3.8514,1.6213,1.5904,3.6035,1.5309,1.5998,3.6378,1.5723,1.7316,3.9399,1.566,1.474,3.5854,1.4359,1.5066,3.7165,1.5361,0.067162,3.8469,1.2894,0.072179,3.8893,1.9249,0.13785,3.9162,1.6372,0.052934
3.6974,1.6672,1.7577,3.7314,1.5602,1.7797,3.8509,1.6239,1.5915,3.6031,1.5334,1.5996,3.6374,1.5744,1.7315,3.9394,1.5693,1.4736,3.5851,1.4386,1.506,3.7165,1.5362,0.067097,3.8468,1.2896,0.072518,3.8829,1.9338,0.13909,3.9105,1.6466,0.051973
3.6971,1.6696,1.7576,3.731,1.5625,1.7794,3.8502,1.6273,1.5898,3.6027,1.5359,1.5993,3.6371,1.5768,1.7312,3.9391,1.5718,1.4731,3.5848,1.4413,1.5056,3.7165,1.5363,0.067021,3.8467,1.2897,0.072834,3.8766,1.9419,0.14025,3.9049,1.6554,0.051008
3.6966,1.6727,1.7572,3.7311,1.5656,1.7788,3.8497,1.6305,1.5896,3.6026,1.5387,1.5989,3.6366,1.5792,1.731,3.9387,1.575,1.4728,3.5845,1.4441,1.505,3.7164,1.5364,0.066934,3.8466,1.2899,0.073202,3.8706,1.9495,0.14096,3.8984,1.6631,0.0504
3.6961,1.6751,1.7571,3.7303,1.5679,1.7787,3.8491,1.6345,1.5892,3.6023,1.5415,1.5986,3.6363,1.582,1.7306,3.9384,1.5779,1.4723,3.5842,1.4469,1.5046,3.7164,1.5365,0.066886,3.8465,1.2899,0.073652,3.8647,1.9563,0.14127,3.8919,1.6704,0.049598
3.6953,1.6778,1.757,3.73,1.571,1.7783,3.8487,1.6368,1.5903,3.6018,1.544,1.5983,3.636,1.5846,1.7303,3.9381,1.581,1.4719,3.584,1.45,1.504,3.7165,1.5365,0.066848,3.8464,1.2901,0.074158,3.8587,1.9626,0.14093,3.885,1.6766,0.048922
3.6949,1.6807,1.7566,3.7296,1.5738,1.7779,3.8482,1.6404,1.5886,3.6016,1.5468,1.5979,3.6356,1.5875,1.7299,3.9378,1.5841,1.4714,3.5837,1.4528,1.5036,3.716,1.5364,0.067089,3.8464,1.2903,0.074689,3.8532,1.9683,0.14052,3.8782,1.6821,0.048116
3.6945,1.6836,1.7562,3.7297,1.5769,1.7774,3.8476,1.6442,1.5882,3.6013,1.5498,1.5975,3.6352,1.5902,1.7296,3.9374,1.5873,1.4709,3.5835,1.4557,1.5029,3.7157,1.5368,0.066517,3.8463,1.2905,0.075307,3.8474,1.9733,0.13971,3.8716,1.6874,0.04726
3.6939,1.687,1.7559,3.7289,1.5799,1.7772,3.8472,1.6478,1.5878,3.6009,1.5527,1.5971,3.6348,1.5929,1.7293,3.9371,1.5909,1.4705,3.5833,1.4586,1.5023,3.7156,1.5369,0.066454,3.8462,1.2908,0.075879,3.842,1.9778,0.13841,3.8649,1.6918,0.046353
3.6932,1.6898,1.7555,3.7287,1.5831,1.7767,3.8468,1.6508,1.5875,3.6006,1.5556,1.5967,3.6345,1.5964,1.7288,3.9367,1.5943,1.47,3.5832,1.4615,1.5018,3.7155,1.5369,0.066357,3.8463,1.2911,0.076498,3.8363,1.982,0.13672,3.8582,1.6954,0.045447
3.6926,1.6926,1.7552,3.7283,1.5859,1.7764,3.8461,1.6542,1.5871,3.6002,1.5584,1.5963,3.6341,1.5992,1.7284,3.9362,1.5983,1.4694,3.5832,1.4643,1.5013,3.7155,1.537,0.066293,3.846,1.2912,0.077355,3.8308,1.9852,0.13461,3.8518,1.6982,0.044617
3.6922,1.696,1.7549,3.728,1.5893,1.7761,3.8456,1.658,1.5867,3.6,1.5616,1.5959,3.6337,1.6021,1.7281,3.9357,1.6025,1.4689,3.5832,1.4669,1.5007,3.7154,1.5371,0.066211,3.8457,1.2915,0.078228,3.8252,1.9882,0.13215,3.845,1.7008,0.043535
3.6916,1.6993,1.7546,3.7277,1.5924,1.7757,3.8451,1.6617,1.5863,3.5997,1.5648,1.5955,3.6334,1.605,1.7277,3.9352,1.6068,1.4684,3.5833,1.4697,1.5002,3.7153,1.5373,0.06613,3.8455,1.2917,0.079163,3.8198,1.9912,0.12943,3.8383,1.7026,0.042314
3.6911,1.702,1.7542,3.7275,1.5958,1.7752,3.8432,1.6694,1.5858,3.5993,1.5676,1.5951,3.6331,1.6083,1.7272,3.9346,1.611,1.4678,3.5836,1.4725,1.4998,3.7152,1.5374,0.066041,3.8451,1.2918,0.080257,3.8143,1.9934,0.12637,3.8322,1.7046,0.040934
3.6904,1.705,1.7541,3.7271,1.5987,1.7749,3.844,1.6693,1.5854,3.5992,1.5709,1.595,3.6327,1.6112,1.727,3.934,1.6158,1.4673,3.5839,1.4751,1.4993,3.7152,1.5375,0.065957,3.8449,1.2922,0.081193,3.8089,1.9955,0.12332,3.8263,1.7062,0.038994
3.6901,1.7088,1.7539,3.727,1.6018,1.7747,3.8437,1.673,1.5854,3.599,1.5741,1.5946,3.6323,1.6142,1.7267,3.9334,1.6209,1.4668,3.5844,1.4777,1.499,3.7151,1.5376,0.065869,3.8448,1.2926,0.082219,3.8036,1.9969,0.11997,3.8203,1.7071,0.037275
3.6895,1.7117,1.7536,3.727,1.6054,1.7742,3.8428,1.6781,1.585,3.5988,1.5774,1.5941,3.6321,1.6171,1.7263,3.9329,1.6259,1.4661,3.5849,1.4805,1.4985,3.715,1.5377,0.065807,3.8446,1.2929,0.083498,3.7984,1.998,0.11636,3.8149,1.7077,0.035821
3.6888,1.7147,1.7535,3.7267,1.6083,1.7738,3.8411,1.6847,1.5845,3.5985,1.5805,1.5937,3.6319,1.6205,1.7259,3.9323,1.6313,1.4655,3.5855,1.4832,1.4982,3.7149,1.5378,0.065684,3.8442,1.2933,0.084705,3.7896,2,0.11095,3.8159,1.7084,0.037474
3.688,1.7183,1.7535,3.7264,1.6117,1.7734,3.8413,1.6874,1.5844,3.5984,1.5838,1.5933,3.6316,1.6234,1.7255,3.9317,1.6373,1.4649,3.5861,1.4861,1.4976,3.7149,1.5379,0.065602,3.8436,1.2936,0.085992,3.7809,2.0009,0.10612,3.8169,1.7097,0.038273
3.6872,1.7212,1.7534,3.7263,1.6152,1.773,3.8415,1.6898,1.5843,3.5982,1.5872,1.5929,3.6313,1.6263,1.7252,3.9308,1.6435,1.4638,3.5867,1.4888,1.4973,3.7148,1.538,0.065524,3.8435,1.2941,0.086935,3.7747,2.0028,0.10115,3.8182,1.7111,0.039616
3.6868,1.7247,1.7533,3.726,1.6186,1.7727,3.8392,1.6982,1.584,3.598,1.5906,1.5925,3.6311,1.6298,1.725,3.93,1.6492,1.4631,3.5873,1.4917,1.497,3.7148,1.5381,0.065434,3.8432,1.2945,0.088333,3.7687,2.004,0.096482,3.8197,1.7127,0.040666
3.6863,1.7284,1.7531,3.7259,1.6226,1.7724,3.8392,1.7009,1.5839,3.5982,1.5945,1.5921,3.6308,1.6329,1.7248,3.9292,1.6553,1.4623,3.5879,1.4949,1.4967,3.7147,1.5382,0.065364,3.8428,1.2948,0.09007,3.7639,2.0052,0.091899,3.8208,1.7142,0.041648
3.6852,1.7318,1.7533,3.7262,1.6264,1.772,3.8376,1.7082,1.5837,3.5978,1.5976,1.592,3.6304,1.6361,1.7246,3.9284,1.6616,1.4616,3.5883,1.4982,1.4962,3.7147,1.5383,0.065257,3.8422,1.2952,0.091507,3.7596,2.0059,0.088521,3.8216,1.715,0.042515
3.6844,1.7357,1.7535,3.7257,1.63,1.7718,3.8374,1.712,1.5836,3.5976,1.6014,1.5917,3.6303,1.6401,1.7244,3.9274,1.6676,1.4608,3.5888,1.5016,1.4962,3.7147,1.5384,0.065175,3.8417,1.2956,0.093061,3.7561,2.0063,0.086024,3.8226,1.7159,0.043001
3.6834,1.7397,1.7536,3.7255,1.6346,1.7716,3.8373,1.7146,1.5834,3.5975,1.6054,1.5916,3.6301,1.6436,1.7243,3.9265,1.6746,1.4601,3.5893,1.5051,1.4961,3.7147,1.5385,0.065006,3.8414,1.2961,0.09492,3.7536,2.0066,0.083591,3.8232,1.7167,0.043565
3.6826,1.7436,1.7534,3.7249,1.6386,1.7713,3.8362,1.7215,1.5835,3.5975,1.6097,1.5913,3.6296,1.6473,1.7244,3.9256,1.6801,1.4594,3.5897,1.5091,1.4961,3.7146,1.5386,0.06498,3.8409,1.2968,0.096567,3.7521,2.0071,0.081171,3.8233,1.7172,0.044095
3.682,1.7484,1.7533,3.7246,1.643,1.7714,3.8351,1.7276,1.5833,3.597,1.6134,1.5914,3.6297,1.6517,1.7242,3.9246,1.6871,1.4588,3.59,1.5132,1.4962,3.7146,1.5387,0.064899,3.8414,1.2975,0.098442,3.7516,2.0083,0.079059,3.8228,1.7173,0.045133
3.6815,1.7521,1.7535,3.7245,1.6477,1.771,3.8331,1.7358,1.5831,3.5967,1.618,1.5912,3.629,1.6555,1.7242,3.9237,1.6929,1.4583,3.5902,1.5175,1.4965,3.7146,1.5389,0.064781,3.8398,1.2984,0.10066,3.7516,2.009,0.076751,3.8222,1.7177,0.046069
3.6801,1.7566,1.7538,3.7244,1.6528,1.7707,3.8329,1.7398,1.583,3.5964,1.6222,1.5913,3.6286,1.66,1.7243,3.9225,1.7013,1.4578,3.5904,1.522,1.4967,3.7145,1.539,0.064646,3.8408,1.2991,0.10254,3.7525,2.0099,0.074807,3.8221,1.7181,0.046524
3.6792,1.7623,1.7538,3.7234,1.6578,1.7709,3.8321,1.7455,1.5829,3.5961,1.6268,1.5912,3.6283,1.6647,1.7242,3.9215,1.7073,1.4573,3.5903,1.5268,1.497,3.7145,1.5391,0.064555,3.8401,1.2999,0.105,3.7528,2.0105,0.07387,3.8222,1.7186,0.046803
3.6779,1.7668,1.7539,3.7237,1.6631,1.7704,3.83,1.7552,1.5829,3.5955,1.6317,1.5911,3.6277,1.6698,1.724,3.9205,1.7142,1.4569,3.5904,1.5315,1.4974,3.7145,1.5392,0.064469,3.839,1.3012,0.1069,3.753,2.0109,0.072792,3.8223,1.7189,0.047062
3.6772,1.772,1.7539,3.7237,1.6685,1.77,3.8299,1.7574,1.5824,3.5952,1.6367,1.5911,3.6272,1.6745,1.7242,3.9195,1.7208,1.4565,3.5903,1.5365,1.4979,3.7145,1.5393,0.064384,3.8393,1.3021,0.10943,3.7534,2.0114,0.072125,3.8225,1.7191,0.047226
3.6761,1.7774,1.7538,3.7227,1.6741,1.7702,3.8277,1.7672,1.5826,3.5946,1.6415,1.5913,3.6266,1.6796,1.7243,3.9185,1.7265,1.4561,3.5903,1.5415,1.4983,3.7144,1.5395,0.064365,3.8387,1.3033,0.11163,3.7536,2.0115,0.072063,3.8227,1.7191,0.047147
3.6752,1.783,1.7536,3.722,1.6801,1.7704,3.8268,1.7732,1.5827,3.5941,1.6467,1.5915,3.626,1.6852,1.7244,3.9175,1.7331,1.4559,3.5901,1.5464,1.499,3.7144,1.5397,0.064331,3.8381,1.3044,0.1145,3.7537,2.0115,0.071839,3.8227,1.7191,0.047131
3.6732,1.789,1.7542,3.7217,1.6865,1.7706,3.8255,1.7797,1.5828,3.5935,1.652,1.5918,3.6251,1.6907,1.7246,3.9165,1.7392,1.4557,3.59,1.5513,1.4999,3.7143,1.5399,0.064275,3.8375,1.3059,0.11711,3.7538,2.0116,0.07165,3.8228,1.7192,0.047145
3.6719,1.7951,1.7541,3.7205,1.6926,1.771,3.8244,1.7859,1.5829,3.5929,1.6572,1.5922,3.6243,1.6964,1.7249,3.9155,1.7451,1.4557,3.5897,1.556,1.5009,3.7142,1.5401,0.064225,3.8372,1.3074,0.1202,3.7539,2.0117,0.071529,3.8228,1.7192,0.047139
3.6708,1.8013,1.7541,3.7192,1.6991,1.7716,3.8231,1.7923,1.5831,3.5921,1.6623,1.5929,3.6232,1.7022,1.7255,3.9143,1.7518,1.4558,3.5895,1.5608,1.502,3.7141,1.5405,0.064132,3.8364,1.3089,0.12376,3.754,2.0118,0.071425,3.8228,1.7192,0.047096
3.669,1.8078,1.7545,3.7186,1.7058,1.7721,3.8217,1.7988,1.5834,3.5914,1.6675,1.5935,3.6223,1.7081,1.7259,3.9133,1.7584,1.4559,3.5892,1.5657,1.5033,3.714,1.5408,0.064017,3.8357,1.3111,0.12726,3.754,2.0118,0.071357,3.8228,1.7192,0.04712
3.6676,1.8139,1.7547,3.7175,1.7123,1.7726,3.8204,1.8046,1.5838,3.5907,1.6727,1.5942,3.6214,1.7147,1.7262,3.9121,1.7642,1.4561,3.5886,1.5705,1.5045,3.7139,1.5412,0.063892,3.8352,1.3135,0.13108,3.754,2.0118,0.071301,3.8228,1.7192,0.047117
3.6659,1.8202,1.7549,3.7164,1.719,1.7733,3.819,1.811,1.584,3.5898,1.6779,1.595,3.62,1.7203,1.7268,3.9107,1.7695,1.4565,3.588,1.5756,1.5057,3.7137,1.5417,0.063721,3.8346,1.3162,0.13504,3.754,2.0119,0.071251,3.8228,1.7192,0.047079
3.6645,1.8265,1.7552,3.7153,1.7253,1.7741,3.8176,1.8173,1.5843,3.5889,1.6832,1.5958,3.6189,1.7261,1.7276,3.9093,1.7756,1.4569,3.5872,1.5806,1.507,3.7135,1.5422,0.063524,3.8338,1.3189,0.13965,3.754,2.0119,0.071229,3.8229,1.7192,0.047044
3.6629,1.8325,1.7555,3.7141,1.732,1.7746,3.8162,1.8234,1.5845,3.5878,1.6887,1.5967,3.6177,1.732,1.7283,3.9079,1.7822,1.4574,3.5865,1.5856,1.5081,3.7134,1.5429,0.063292,3.8329,1.3221,0.14436,3.754,2.0118,0.071206,3.8229,1.7192,0.047018
3.6612,1.839,1.7559,3.7133,1.7385,1.7752,3.8146,1.8296,1.5849,3.5868,1.6941,1.5976,3.6165,1.7381,1.7289,3.9064,1.7885,1.4579,3.5857,1.5907,1.5094,3.7132,1.5435,0.063331,3.8321,1.3255,0.14919,3.754,2.0119,0.071215,3.823,1.7192,0.047
3.6603,1.845,1.756,3.7119,1.7445,1.7758,3.8132,1.835,1.5852,3.5855,1.6995,1.5983,3.6152,1.7438,1.7296,3.9047,1.7944,1.4584,3.5846,1.5956,1.5105,3.7129,1.5443,0.063129,3.8313,1.329,0.15415,3.754,2.0119,0.071215,3.823,1.7192,0.046979
3.6583,1.8507,1.7566,3.7104,1.7505,1.7765,3.8116,1.8412,1.5856,3.5844,1.7054,1.5989,3.6138,1.7495,1.7302,3.903,1.8003,1.459,3.5837,1.6006,1.5116,3.7127,1.5452,0.062934,3.8304,1.3328,0.15929,3.754,2.0118,0.071225,3.823,1.7191,0.046923
3.6563,1.8565,1.7568,3.7091,1.7563,1.777,3.8099,1.8467,1.586,3.5828,1.7104,1.5996,3.6123,1.7552,1.7308,3.9013,1.8068,1.4595,3.5825,1.6055,1.5128,3.7123,1.5461,0.062722,3.8292,1.3371,0.16458,3.754,2.0118,0.07123,3.8231,1.7191,0.046888
3.6551,1.8621,1.7574,3.7077,1.7621,1.7773,3.8082,1.8527,1.5863,3.5813,1.7158,1.6002,3.6109,1.7606,1.7312,3.8993,1.813,1.46,3.5815,1.6102,1.5138,3.7118,1.5471,0.062593,3.8283,1.3412,0.17029,3.754,2.0118,0.071238,3.8231,1.7191,0.046869
3.6532,1.8675,1.7578,3.7061,1.7676,1.7777,3.8065,1.8582,1.5867,3.5799,1.7209,1.6006,3.6093,1.7661,1.7316,3.8973,1.8194,1.4605,3.5805,1.6153,1.5146,3.7112,1.5484,0.062384,3.8275,1.3462,0.17554,3.754,2.0118,0.071252,3.8232,1.7191,0.046813
3.6514,1.8725,1.7582,3.7042,1.7729,1.7781,3.8048,1.8635,1.5871,3.5783,1.7261,1.6009,3.6076,1.7713,1.7319,3.8953,1.8258,1.4609,3.5793,1.6201,1.5153,3.7107,1.5502,0.061961,3.826,1.3507,0.18193,3.7541,2.0117,0.071258,3.8233,1.7191,0.046745
3.6494,1.878,1.7584,3.7026,1.778,1.7784,3.803,1.8694,1.5874,3.5764,1.7307,1.6007,3.6059,1.7763,1.7321,3.8932,1.8318,1.4612,3.5782,1.6249,1.516,3.7099,1.5519,0.061756,3.8252,1.3562,0.18798,3.7541,2.0117,0.071248,3.8233,1.7191,0.046751
3.6467,1.883,1.7586,3.7006,1.7833,1.7785,3.8006,1.8754,1.5875,3.5749,1.7357,1.6008,3.6041,1.7813,1.7322,3.8911,1.838,1.4616,3.577,1.6296,1.5166,3.7091,1.5538,0.061413,3.8238,1.3619,0.19469,3.7541,2.0117,0.071233,3.8234,1.7191,0.046719
3.6448,1.8878,1.7587,3.6992,1.7886,1.7784,3.7986,1.881,1.5877,3.5733,1.7407,1.6007,3.6024,1.7861,1.7322,3.8888,1.844,1.4616,3.5757,1.6342,1.5171,3.708,1.5557,0.061213,3.8226,1.3681,0.20128,3.7542,2.0117,0.071232,3.8234,1.7191,0.046705
3.6425,1.8925,1.7587,3.6971,1.7935,1.7784,3.7972,1.8853,1.588,3.5715,1.7456,1.6005,3.6005,1.7908,1.7321,3.8866,1.8522,1.4615,3.5744,1.6388,1.5174,3.706,1.5572,0.060689,3.8212,1.3751,0.20795,3.7542,2.0117,0.0712,3.8235,1.7191,0.046784
3.6405,1.8974,1.7586,3.695,1.7984,1.7783,3.7951,1.8908,1.588,3.5698,1.7503,1.6003,3.5986,1.7954,1.7318,3.8843,1.8577,1.4617,3.5731,1.6434,1.5177,3.7047,1.5596,0.060248,3.8197,1.3821,0.2152,3.7542,2.0118,0.071162,3.8236,1.7192,0.046741
3.6384,1.9023,1.7583,3.6931,1.803,1.7781,3.7934,1.8938,1.5877,3.5681,1.7549,1.5999,3.5966,1.8002,1.7316,3.8821,1.8621,1.4617,3.5718,1.6477,1.5179,3.7036,1.5621,0.059616,3.8178,1.3899,0.22221,3.7548,2.0129,0.071555,3.8237,1.7193,0.046725
3.6359,1.9069,1.758,3.6911,1.8079,1.7777,3.7908,1.9008,1.5876,3.5667,1.76,1.5991,3.5947,1.8048,1.7312,3.8799,1.8678,1.4614,3.5704,1.6521,1.5179,3.7021,1.5644,0.059118,3.8161,1.3982,0.22942,3.7549,2.0133,0.071513,3.8235,1.7191,0.046684
3.6333,1.9117,1.7576,3.6891,1.8129,1.7774,3.7885,1.9064,1.5871,3.5645,1.7636,1.599,3.5926,1.8092,1.7307,3.8777,1.8734,1.4611,3.569,1.6561,1.5179,3.7006,1.5672,0.058246,3.8143,1.4072,0.2363,3.755,2.0134,0.07142,3.8235,1.7191,0.046676
3.6309,1.9163,1.7572,3.6871,1.8179,1.7768,3.786,1.9115,1.5868,3.5627,1.7678,1.5983,3.5906,1.8137,1.7301,3.8754,1.8788,1.4606,3.5677,1.6602,1.5178,3.6988,1.5696,0.057682,3.8122,1.4165,0.24326,3.7549,2.0133,0.071363,3.8245,1.7199,0.045914
3.6283,1.9209,1.7565,3.6848,1.8227,1.7763,3.7845,1.9139,1.5862,3.5609,1.7721,1.5977,3.5883,1.8179,1.7296,3.8732,1.8862,1.4598,3.5663,1.6643,1.5176,3.6966,1.5722,0.057233,3.8105,1.4258,0.24977,3.7548,2.0132,0.071289,3.8243,1.72,0.046079
3.6255,1.9254,1.7557,3.6826,1.8276,1.7755,3.7813,1.9212,1.5855,3.559,1.7761,1.5971,3.5863,1.8223,1.7288,3.8708,1.8908,1.4593,3.5649,1.6682,1.5174,3.694,1.5747,0.056468,3.8098,1.4354,0.25575,3.7546,2.0129,0.071255,3.8235,1.7193,0.046575
3.6229,1.93,1.7549,3.6803,1.8323,1.7749,3.7791,1.9245,1.5848,3.5571,1.7801,1.5963,3.5841,1.8264,1.7281,3.8683,1.8949,1.4587,3.5635,1.6719,1.5172,3.6912,1.5772,0.055616,3.8085,1.4449,0.26081,3.7546,2.0127,0.071105,3.8235,1.7193,0.046481
3.6201,1.9345,1.754,3.6782,1.8374,1.774,3.7759,1.9313,1.5838,3.5551,1.784,1.5957,3.5819,1.8308,1.7273,3.8659,1.8998,1.4579,3.5621,1.6757,1.5169,3.6878,1.5807,0.054977,3.8068,1.454,0.26455,3.7548,2.0129,0.070939,3.8237,1.7194,0.046444
3.6173,1.9388,1.753,3.6758,1.8424,1.7732,3.7734,1.9348,1.583,3.5535,1.7886,1.5946,3.5795,1.835,1.7266,3.8635,1.9053,1.457,3.5612,1.6795,1.5168,3.684,1.5865,0.056115,3.8055,1.4625,0.26673,3.7549,2.0129,0.070688,3.8235,1.7192,0.046749
3.6143,1.9431,1.752,3.6735,1.8474,1.7725,3.7706,1.939,1.5821,3.5511,1.7917,1.5942,3.5771,1.8392,1.7257,3.8611,1.912,1.456,3.5598,1.683,1.5165,3.6798,1.5944,0.058777,3.8039,1.4703,0.26809,3.7549,2.0129,0.070622,3.8234,1.7192,0.046778
3.6113,1.9477,1.751,3.6711,1.8519,1.7717,3.7676,1.9448,1.5812,3.5491,1.7954,1.5936,3.5747,1.8434,1.7249,3.8585,1.916,1.4554,3.5585,1.6866,1.5161,3.6749,1.6049,0.062381,3.8025,1.4777,0.26845,3.7549,2.0131,0.070442,3.8231,1.7192,0.046692
3.6082,1.9523,1.7499,3.6684,1.8567,1.7711,3.7649,1.9472,1.5801,3.5469,1.7991,1.593,3.5722,1.8475,1.7242,3.8558,1.9202,1.4546,3.557,1.6899,1.5158,3.6702,1.6167,0.066565,3.8009,1.4851,0.26756,3.7548,2.013,0.070251,3.8234,1.7195,0.046986
3.605,1.9566,1.7491,3.6656,1.8615,1.7706,3.7618,1.9519,1.5791,3.5447,1.8025,1.5925,3.5701,1.8518,1.7233,3.8531,1.9251,1.454,3.5556,1.6931,1.5157,3.6646,1.6295,0.070463,3.7988,1.4928,0.26563,3.7548,2.013,0.070167,3.8234,1.7195,0.047022
3.6013,1.9609,1.748,3.6628,1.8662,1.7701,3.7589,1.9564,1.5786,3.5427,1.8061,1.5919,3.5671,1.8555,1.723,3.8505,1.9299,1.4535,3.554,1.6961,1.5154,3.6589,1.6429,0.07378,3.7965,1.501,0.26288,3.7548,2.013,0.070079,3.8226,1.7206,0.046773
3.5979,1.965,1.7474,3.66,1.8708,1.7696,3.7555,1.9615,1.5778,3.5404,1.8096,1.5916,3.5642,1.8595,1.7224,3.8476,1.9347,1.453,3.5525,1.6994,1.5152,3.6525,1.6567,0.07673,3.7936,1.5099,0.25937,3.7547,2.0131,0.069956,3.8233,1.7204,0.046624
3.5944,1.9691,1.7465,3.6572,1.8752,1.7692,3.7529,1.9652,1.5776,3.5381,1.8128,1.5913,3.5616,1.8632,1.722,3.8449,1.9396,1.4527,3.5509,1.7025,1.5151,3.6457,1.6701,0.079292,3.7905,1.5192,0.25515,3.7547,2.013,0.069829,3.8246,1.7167,0.04857
3.591,1.9732,1.7458,3.6541,1.8797,1.7689,3.749,1.9705,1.5768,3.5358,1.8157,1.5911,3.5588,1.867,1.7215,3.842,1.944,1.4525,3.5493,1.7056,1.5151,3.6379,1.6841,0.08112,3.7871,1.5293,0.24996,3.7546,2.013,0.069748,3.8265,1.7095,0.052651
3.5874,1.9773,1.7452,3.6512,1.8841,1.7687,3.7459,1.9744,1.5765,3.5333,1.8189,1.5908,3.5562,1.8708,1.721,3.8392,1.9487,1.4524,3.5477,1.7087,1.5151,3.6294,1.6975,0.08265,3.7834,1.5401,0.24443,3.7546,2.013,0.069728,3.8276,1.7043,0.055695
3.5838,1.9809,1.7448,3.6481,1.8883,1.7684,3.7424,1.9792,1.5762,3.5309,1.822,1.5905,3.5528,1.8742,1.7208,3.8363,1.9532,1.4523,3.546,1.7117,1.5151,3.6203,1.7111,0.08354,3.7791,1.5517,0.23828,3.7546,2.013,0.06963,3.8269,1.7064,0.054673
3.5801,1.9845,1.7443,3.6449,1.8923,1.7683,3.7391,1.9831,1.5759,3.5283,1.8252,1.5904,3.5498,1.8777,1.7207,3.8333,1.9577,1.4525,3.5443,1.7147,1.5152,3.6111,1.7247,0.083606,3.7734,1.5635,0.23202,3.7545,2.013,0.069597,3.825,1.7139,0.050548
3.5764,1.988,1.7439,3.6418,1.8962,1.7682,3.7355,1.9874,1.5758,3.5257,1.8284,1.5901,3.5469,1.881,1.7204,3.8301,1.9621,1.4524,3.5427,1.7177,1.5152,3.601,1.7378,0.083358,3.7681,1.5757,0.22558,3.7545,2.013,0.069539,3.8249,1.714,0.050553
3.5727,1.9914,1.7436,3.6387,1.9001,1.7678,3.732,1.9912,1.5757,3.5231,1.8314,1.5899,3.5437,1.8843,1.7201,3.8269,1.9667,1.4526,3.5409,1.7205,1.5153,3.5906,1.7512,0.082495,3.7622,1.5887,0.21881,3.7545,2.013,0.069537,3.8249,1.714,0.050561
3.5689,1.9946,1.7434,3.635,1.9038,1.7678,3.7283,1.9955,1.5756,3.5203,1.8344,1.5897,3.5403,1.8873,1.72,3.8238,1.971,1.4529,3.5389,1.7233,1.5154,3.5796,1.7642,0.081846,3.7562,1.6023,0.21169,3.7545,2.013,0.069497,3.8249,1.714,0.050579
3.5651,1.9981,1.7431,3.6315,1.9073,1.7677,3.7248,1.9993,1.5756,3.5174,1.8373,1.5895,3.5372,1.8904,1.7196,3.8204,1.9757,1.453,3.537,1.7261,1.5154,3.5684,1.7777,0.081006,3.7496,1.616,0.20435,3.7545,2.013,0.069447,3.8242,1.7185,0.046343
3.5611,2.0011,1.7428,3.628,1.9107,1.7676,3.7214,2.0023,1.5756,3.5144,1.84,1.5894,3.5339,1.8933,1.7195,3.8171,1.98,1.4532,3.5351,1.729,1.5154,3.5568,1.7908,0.080308,3.7427,1.6296,0.19684,3.7541,2.013,0.069442,3.8241,1.72,0.045515
3.5572,2.004,1.7428,3.6246,1.9143,1.7675,3.717,2.0073,1.5754,3.5115,1.8428,1.5891,3.5304,1.8963,1.7192,3.8135,1.9847,1.4535,3.5331,1.7317,1.5153,3.5447,1.8041,0.079934,3.7353,1.6433,0.18947,3.7545,2.0136,0.069868,3.8241,1.72,0.04555
3.5531,2.007,1.7425,3.621,1.9175,1.7673,3.7126,2.0099,1.5752,3.5086,1.8456,1.5886,3.527,1.8989,1.7189,3.81,1.989,1.4537,3.531,1.7344,1.5153,3.5324,1.8175,0.079707,3.7275,1.6578,0.18119,3.7545,2.0135,0.069824,3.8238,1.719,0.046381
3.5491,2.0099,1.7422,3.6172,1.9206,1.7672,3.7086,2.0138,1.5752,3.5056,1.8481,1.5883,3.5236,1.9015,1.7187,3.8066,1.993,1.4539,3.5289,1.7371,1.5152,3.5199,1.8307,0.079562,3.7196,1.6717,0.17347,3.7545,2.0135,0.0698,3.8236,1.7197,0.046315
3.545,2.0128,1.7419,3.6137,1.9239,1.7668,3.7046,2.0212,1.5755,3.5026,1.8505,1.5881,3.5201,1.9044,1.7184,3.8028,1.9976,1.4541,3.5267,1.7398,1.5149,3.5073,1.8439,0.079996,3.7107,1.6851,0.16615,3.7543,2.0137,0.069645,3.8235,1.7199,0.046692
3.5408,2.0154,1.7417,3.61,1.9269,1.7666,3.7004,2.0218,1.5748,3.4994,1.8532,1.5876,3.5166,1.9069,1.7179,3.799,2.0018,1.454,3.5244,1.7425,1.5146,3.4948,1.8568,0.080147,3.7014,1.6991,0.15835,3.7546,2.0139,0.069951,3.8235,1.7199,0.046748
3.5366,2.0182,1.7412,3.6064,1.93,1.7663,3.6963,2.0244,1.5745,3.4962,1.8554,1.5866,3.513,1.9095,1.7175,3.7952,2.0062,1.4541,3.5221,1.7453,1.5142,3.4813,1.8705,0.080903,3.6918,1.7123,0.15146,3.754,2.0069,0.066271,3.8235,1.7199,0.046793
3.5323,2.0208,1.7407,3.6024,1.9328,1.7659,3.6924,2.0319,1.5748,3.4934,1.8587,1.5858,3.5093,1.9122,1.717,3.7913,2.01,1.454,3.5198,1.748,1.5137,3.4686,1.8826,0.081401,3.6817,1.7263,0.14403,3.7532,2.0106,0.067723,3.8234,1.7199,0.046797
3.5279,2.0233,1.7402,3.5988,1.936,1.7654,3.6878,2.0321,1.5738,3.4894,1.8602,1.5856,3.5055,1.9147,1.7165,3.7873,2.0149,1.4541,3.5172,1.7505,1.5133,3.4548,1.8957,0.082317,3.6715,1.74,0.13714,3.7523,2.0109,0.067432,3.8235,1.7199,0.046837
3.5238,2.0261,1.7396,3.5949,1.9387,1.7649,3.6836,2.035,1.5736,3.4862,1.8627,1.585,3.5019,1.9172,1.7158,3.7833,2.0186,1.4539,3.5146,1.753,1.5128,3.4421,1.9078,0.083337,3.6614,1.7534,0.13059,3.7522,2.0108,0.067312,3.8234,1.72,0.046854
3.5192,2.0286,1.7389,3.5906,1.9417,1.7644,3.6792,2.0384,1.573,3.4834,1.8659,1.5839,3.4981,1.9196,1.7151,3.7794,2.0209,1.4535,3.512,1.7556,1.5122,3.4286,1.9199,0.084701,3.6509,1.7675,0.12367,3.752,2.011,0.067204,3.8234,1.72,0.046904
3.5141,2.0304,1.7386,3.5866,1.9447,1.7638,3.6748,2.0421,1.5725,3.4792,1.8672,1.5835,3.4943,1.922,1.7144,3.7751,2.0269,1.4537,3.5096,1.7587,1.5114,3.4148,1.9312,0.086284,3.6405,1.7811,0.11758,3.7521,2.0109,0.067121,3.8234,1.72,0.046897
3.5098,2.0332,1.7379,3.5827,1.9478,1.763,3.6704,2.0458,1.5721,3.4758,1.8697,1.5827,3.4904,1.9244,1.7135,3.771,2.0291,1.4529,3.5065,1.761,1.511,3.4015,1.9427,0.088165,3.6295,1.7946,0.11146,3.752,2.0109,0.067035,3.8233,1.72,0.046967
3.5051,2.0356,1.737,3.5781,1.9505,1.7625,3.6659,2.0485,1.5715,3.4722,1.8719,1.582,3.4864,1.9266,1.7128,3.7669,2.0332,1.4528,3.5036,1.7635,1.5104,3.3884,1.9538,0.089994,3.6187,1.8078,0.10592,3.7526,2.011,0.06715,3.8233,1.72,0.047019
3.5006,2.0381,1.7364,3.574,1.9537,1.7617,3.6613,2.052,1.571,3.4686,1.8743,1.5812,3.4825,1.9295,1.712,3.7625,2.0374,1.4523,3.5005,1.7659,1.5097,3.3755,1.9648,0.09229,3.6075,1.8214,0.10049,3.7529,2.0113,0.067443,3.8232,1.7199,0.047103
3.4955,2.0401,1.7355,3.5696,1.9564,1.7612,3.6568,2.055,1.5704,3.4655,1.8776,1.5798,3.4783,1.9318,1.7111,3.7584,2.041,1.4519,3.4974,1.7685,1.509,3.3629,1.9758,0.09431,3.5966,1.8344,0.095458,3.7524,2.0119,0.067242,3.8232,1.72,0.047102
3.491,2.0428,1.7347,3.5652,1.9594,1.7605,3.6521,2.0583,1.5698,3.4612,1.8788,1.5794,3.4744,1.9345,1.7101,3.754,2.0449,1.4514,3.4943,1.7711,1.5081,3.3506,1.9862,0.096475,3.586,1.8475,0.090425,3.7524,2.0123,0.067658,3.8231,1.72,0.047157
3.4862,2.0454,1.7339,3.5608,1.9621,1.7597,3.6473,2.066,1.5697,3.4576,1.8813,1.5785,3.4699,1.9362,1.7093,3.7496,2.0489,1.4509,3.4909,1.7735,1.5075,3.3388,1.9963,0.099204,3.5753,1.86,0.085981,3.7528,2.0128,0.067773,3.8232,1.72,0.047125
3.4814,2.0476,1.7331,3.5566,1.9649,1.759,3.6428,2.0653,1.5686,3.4535,1.8834,1.5778,3.4657,1.9387,1.7086,3.7451,2.0523,1.4503,3.4875,1.7759,1.5066,3.3267,2.0063,0.10071,3.5642,1.872,0.081904,3.7527,2.0128,0.06766,3.8231,1.72,0.047244
3.4771,2.0505,1.7321,3.552,1.9673,1.7582,3.6381,2.072,1.5686,3.4497,1.8854,1.5772,3.4607,1.9408,1.708,3.7407,2.055,1.4498,3.484,1.7784,1.5058,3.3152,2.0156,0.103,3.5534,1.884,0.078067,3.7527,2.0129,0.067592,3.823,1.72,0.047341
3.4722,2.0526,1.7314,3.5478,1.9701,1.7574,3.6335,2.0718,1.5673,3.4456,1.8875,1.5763,3.4566,1.9433,1.7072,3.7361,2.0587,1.4493,3.4805,1.7808,1.505,3.3045,2.0248,0.10554,3.5432,1.8948,0.074387,3.7526,2.0129,0.067511,3.823,1.72,0.047398
3.4675,2.055,1.7306,3.5431,1.9724,1.7569,3.6288,2.0732,1.5665,3.4422,1.8906,1.575,3.4521,1.9452,1.7065,3.7317,2.0612,1.4487,3.4767,1.7831,1.5041,3.2943,2.0338,0.10754,3.5319,1.9039,0.071226,3.7522,2.0124,0.067221,3.8229,1.7199,0.047492
3.463,2.0575,1.7297,3.5386,1.9749,1.7561,3.6239,2.0762,1.5659,3.4376,1.8915,1.5748,3.4478,1.9474,1.7057,3.7269,2.0654,1.4482,3.4729,1.7854,1.5034,3.2846,2.0425,0.10915,3.5221,1.9134,0.068504,3.7521,2.0124,0.067126,3.8228,1.7199,0.047561
3.4578,2.0591,1.7292,3.5341,1.9774,1.7554,3.6192,2.0787,1.5651,3.4333,1.8937,1.5739,3.4433,1.9496,1.705,3.7226,2.068,1.4477,3.4692,1.7876,1.5025,3.2758,2.0504,0.111,3.5129,1.9216,0.065952,3.7524,2.013,0.067265,3.8228,1.72,0.047643
3.4529,2.0612,1.7284,3.5295,1.9795,1.7548,3.6147,2.0802,1.5645,3.429,1.8956,1.5733,3.4388,1.9514,1.7042,3.7176,2.0711,1.4473,3.4651,1.7898,1.5016,3.2677,2.0576,0.11256,3.5035,1.9286,0.063463,3.7524,2.013,0.067112,3.8226,1.7199,0.04779
3.4481,2.0631,1.7277,3.5248,1.9816,1.754,3.6102,2.0824,1.564,3.4247,1.8973,1.5726,3.4344,1.9534,1.7035,3.713,2.0735,1.4468,3.4611,1.7919,1.5007,3.2605,2.0635,0.1142,3.496,1.9348,0.061274,3.7524,2.0131,0.066969,3.8225,1.7199,0.047935
3.4432,2.0649,1.7271,3.5203,1.9837,1.7534,3.6049,2.0856,1.5631,3.4203,1.8994,1.5718,3.4298,1.9552,1.7027,3.708,2.0766,1.4464,3.457,1.7939,1.4998,3.2538,2.0688,0.11489,3.4887,1.9409,0.059359,3.7525,2.0129,0.066955,3.8225,1.72,0.048035
3.4384,2.0666,1.7263,3.5155,1.9858,1.7527,3.6003,2.0876,1.5626,3.4159,1.9012,1.571,3.4251,1.9568,1.702,3.7036,2.0787,1.4461,3.4527,1.7958,1.4987,3.2481,2.0733,0.11464,3.4841,1.9465,0.05897,3.7522,2.0129,0.066947,3.8223,1.72,0.048288
3.4344,2.0692,1.7254,3.5108,1.9875,1.7521,3.5955,2.0893,1.5619,3.4113,1.9027,1.5704,3.4206,1.9588,1.7013,3.6986,2.0814,1.4458,3.4485,1.7977,1.4977,3.2435,2.0761,0.11313,3.481,1.9514,0.058835,3.7524,2.0134,0.066621,3.8222,1.72,0.048565
3.4295,2.0706,1.7248,3.5062,1.9892,1.7513,3.5907,2.091,1.5614,3.4068,1.9043,1.5697,3.4159,1.9602,1.7006,3.694,2.0831,1.4454,3.4442,1.7997,1.4966,3.2404,2.0779,0.10958,3.4798,1.9546,0.060033,3.7523,2.0136,0.066583,3.822,1.72,0.048866
3.4243,2.0712,1.7244,3.5014,1.9906,1.7508,3.5861,2.0929,1.5609,3.4022,1.9061,1.5689,3.4111,1.9617,1.6999,3.6894,2.0856,1.4454,3.4396,1.8013,1.4954,3.2389,2.0788,0.10425,3.4785,1.9552,0.060943,3.7521,2.0138,0.066414,3.8218,1.7202,0.049299
3.4192,2.0727,1.724,3.4966,1.9922,1.7504,3.5813,2.0946,1.5606,3.3977,1.9074,1.5684,3.4064,1.9634,1.6993,3.6846,2.0874,1.4451,3.4351,1.803,1.4942,3.2376,2.0795,0.098245,3.4773,1.9551,0.061591,3.752,2.0139,0.066146,3.8216,1.7203,0.049842
3.4144,2.0738,1.7237,3.4917,1.9934,1.75,3.5765,2.0963,1.5602,3.3928,1.9088,1.5678,3.4016,1.9644,1.699,3.6799,2.0893,1.4451,3.4304,1.8048,1.493,3.236,2.0815,0.092623,3.4765,1.9552,0.062345,3.7519,2.0141,0.065894,3.8215,1.7204,0.050376
3.4096,2.0753,1.7235,3.487,1.9947,1.7498,3.5716,2.0976,1.5601,3.388,1.9103,1.5675,3.3967,1.9658,1.6987,3.6751,2.0912,1.4449,3.4256,1.8065,1.4918,3.2349,2.0832,0.089424,3.4754,1.9555,0.063327,3.7517,2.0143,0.065761,3.821,1.7206,0.051057
3.4046,2.0767,1.7235,3.482,1.996,1.7496,3.5666,2.099,1.5601,3.3831,1.9121,1.5672,3.3918,1.9672,1.6985,3.6702,2.0933,1.4449,3.4206,1.8083,1.4907,3.2341,2.0843,0.087193,3.4746,1.9558,0.064,3.7513,2.0145,0.065579,3.8207,1.7206,0.052018
3.3995,2.0778,1.7235,3.477,1.9972,1.7494,3.5615,2.1005,1.5601,3.3778,1.9137,1.5669,3.3869,1.9687,1.6983,3.6653,2.0951,1.4451,3.4157,1.8102,1.4895,3.2339,2.085,0.085287,3.474,1.956,0.064435,3.7512,2.0148,0.065455,3.8205,1.7209,0.053091
3.395,2.0794,1.7234,3.4718,1.9982,1.7492,3.5563,2.1067,1.5608,3.3726,1.9152,1.5667,3.3817,1.9698,1.6981,3.6602,2.097,1.4451,3.4106,1.8121,1.4885,3.2336,2.086,0.082999,3.4734,1.956,0.06481,3.7508,2.0151,0.065142,3.8204,1.7211,0.054497
3.3894,2.0801,1.7236,3.4669,1.9995,1.7489,3.5512,2.105,1.5601,3.3674,1.9168,1.5662,3.3766,1.9709,1.6979,3.6552,2.0991,1.4455,3.4055,1.8141,1.4874,3.2329,2.0869,0.080438,3.4727,1.9561,0.06519,3.7505,2.0153,0.064792,3.82,1.7212,0.056265
3.3849,2.0819,1.7236,3.4618,2.0005,1.7486,3.5455,2.1063,1.56,3.362,1.9186,1.5658,3.3714,1.9722,1.6977,3.6499,2.1016,1.4458,3.4005,1.8161,1.4866,3.2322,2.0872,0.079049,3.4724,1.9561,0.065433,3.7504,2.0156,0.064589,3.8194,1.7214,0.057799
3.3795,2.083,1.7236,3.4564,2.0016,1.7485,3.5402,2.1076,1.5599,3.3569,1.9203,1.5655,3.3662,1.9735,1.6975,3.6448,2.1035,1.4463,3.3956,1.8179,1.4858,3.2317,2.0875,0.078263,3.4721,1.9561,0.065619,3.7499,2.016,0.064311,3.8187,1.7216,0.059752
3.3739,2.0842,1.7237,3.4512,2.0029,1.7483,3.5347,2.1091,1.5602,3.3516,1.9218,1.5651,3.3608,1.9747,1.6973,3.6394,2.1061,1.4468,3.3905,1.82,1.4851,3.2316,2.0879,0.077468,3.472,1.956,0.065714,3.7495,2.0164,0.063988,3.818,1.7221,0.061917
3.3684,2.0856,1.7237,3.4454,2.0043,1.7485,3.5297,2.1099,1.5607,3.3464,1.9231,1.565,3.3553,1.9762,1.6972,3.6342,2.1081,1.4476,3.3857,1.8219,1.4845,3.2314,2.0884,0.076403,3.472,1.9554,0.065848,3.749,2.017,0.063699,3.8173,1.7227,0.064295
3.3626,2.087,1.7237,3.4396,2.0058,1.7488,3.524,2.1128,1.5613,3.3414,1.9245,1.5649,3.3498,1.9777,1.6971,3.6288,2.1106,1.4484,3.3809,1.8236,1.4842,3.2311,2.0886,0.075884,3.4719,1.9554,0.065873,3.7486,2.0176,0.063368,3.8163,1.723,0.06715
3.3566,2.0884,1.7239,3.4338,2.0077,1.7493,3.5189,2.1147,1.5621,3.3364,1.926,1.5651,3.3442,1.9789,1.6972,3.6238,2.1117,1.4488,3.376,1.8255,1.4838,3.2308,2.0888,0.075485,3.4717,1.9555,0.065866,3.748,2.018,0.063015,3.8153,1.7236,0.070343
3.351,2.0899,1.7241,3.4285,2.0095,1.7497,3.5136,2.1166,1.563,3.3322,1.9285,1.565,3.3387,1.9805,1.6976,3.6187,2.114,1.45,3.3713,1.8273,1.4837,3.2308,2.0888,0.075459,3.4716,1.9556,0.065803,3.7475,2.0187,0.062558,3.8136,1.7244,0.07396
3.3452,2.0914,1.7245,3.4226,2.0111,1.7506,3.5082,2.1206,1.5634,3.3273,1.9299,1.5652,3.3333,1.9822,1.6979,3.6137,2.1164,1.4511,3.3664,1.8291,1.4837,3.2307,2.0889,0.075181,3.4715,1.9557,0.065812,3.747,2.0195,0.061801,3.8118,1.7253,0.077893
3.3395,2.0929,1.7251,3.4169,2.0128,1.7514,3.5027,2.1204,1.5646,3.3219,1.9306,1.5661,3.328,1.9836,1.6984,3.6087,2.1181,1.4525,3.3617,1.8309,1.4838,3.2307,2.0889,0.074998,3.4715,1.9557,0.065766,3.746,2.0201,0.061474,3.8097,1.726,0.082169
3.3341,2.0944,1.7258,3.4116,2.0143,1.7523,3.4975,2.1223,1.5657,3.3175,1.9329,1.5664,3.3227,1.985,1.6991,3.6039,2.12,1.4538,3.3569,1.8328,1.4841,3.2307,2.089,0.074889,3.4715,1.9557,0.065766,3.7451,2.0208,0.061169,3.8076,1.727,0.086427
3.3291,2.0961,1.7266,3.4067,2.0161,1.7531,3.4925,2.1244,1.5667,3.3127,1.9345,1.5673,3.3176,1.9865,1.6999,3.5989,2.1217,1.4552,3.3522,1.8345,1.4845,3.2308,2.0891,0.074827,3.4715,1.9556,0.065749,3.7444,2.0215,0.060838,3.8049,1.7279,0.090604
3.324,2.0976,1.7276,3.4015,2.0174,1.7542,3.4875,2.1258,1.5678,3.3073,1.935,1.5686,3.3127,1.9883,1.7008,3.5941,2.124,1.4568,3.3475,1.8364,1.4849,3.2308,2.0891,0.074811,3.4714,1.9558,0.065643,3.7436,2.0223,0.060343,3.8019,1.729,0.094974
3.3189,2.0989,1.7287,3.3966,2.019,1.7552,3.4829,2.1294,1.5687,3.3025,1.9363,1.5696,3.3078,1.9897,1.7019,3.5892,2.1256,1.4582,3.3429,1.8381,1.4854,3.2308,2.0891,0.074799,3.4713,1.9559,0.065568,3.7431,2.0231,0.059776,3.7985,1.7297,0.099282
3.314,2.1005,1.7298,3.3917,2.0204,1.7564,3.4778,2.1319,1.5699,3.2985,1.9396,1.5698,3.303,1.9911,1.7029,3.5842,2.1282,1.4598,3.3383,1.8399,1.4861,3.2309,2.089,0.074814,3.4715,1.9554,0.065858,3.7423,2.0241,0.059472,3.7944,1.7306,0.10322
3.3093,2.1021,1.7309,3.3868,2.0219,1.7576,3.473,2.1332,1.5712,3.2929,1.9396,1.5718,3.2984,1.9927,1.7041,3.5795,2.1295,1.4614,3.3338,1.8416,1.4869,3.2308,2.089,0.07479,3.4713,1.9557,0.065785,3.7415,2.0248,0.059494,3.79,1.7312,0.1072
3.3046,2.1037,1.732,3.3822,2.0236,1.7587,3.4685,2.1342,1.5723,3.2885,1.9411,1.573,3.2936,1.9941,1.7053,3.5747,2.1317,1.4629,3.3294,1.8432,1.4878,3.2308,2.0889,0.07474,3.4714,1.9547,0.065692,3.7408,2.0258,0.059312,3.785,1.7321,0.11055
3.2999,2.1049,1.7333,3.3775,2.0251,1.76,3.4638,2.1336,1.5737,3.2839,1.9426,1.5742,3.2891,1.9956,1.7065,3.5699,2.1337,1.4645,3.325,1.8448,1.4887,3.2308,2.0889,0.074673,3.4711,1.9551,0.065491,3.7403,2.0269,0.05893,3.7798,1.733,0.11364
3.2954,2.1066,1.7345,3.373,2.0268,1.7612,3.4593,2.1364,1.5752,3.2794,1.944,1.5754,3.2845,1.9972,1.7077,3.5652,2.1352,1.466,3.3208,1.8463,1.4901,3.2308,2.0889,0.074609,3.4713,1.9549,0.065887,3.7387,2.0282,0.058881,3.7746,1.7345,0.11571
3.291,2.1081,1.7357,3.3688,2.0285,1.7624,3.455,2.1391,1.5763,3.2752,1.9456,1.5767,3.2801,1.9986,1.709,3.5606,2.1373,1.4675,3.3167,1.8478,1.4912,3.2308,2.0889,0.074541,3.4711,1.9552,0.065939,3.7368,2.0301,0.059175,3.7689,1.7356,0.11769
3.2866,2.1097,1.7369,3.3642,2.0295,1.7636,3.4508,2.1404,1.5776,3.271,1.9469,1.5779,3.2758,2.0003,1.7102,3.556,2.1392,1.469,3.3127,1.8493,1.4923,3.2307,2.0891,0.074486,3.4709,1.9555,0.065759,3.7337,2.0328,0.059391,3.7636,1.7382,0.11886
3.2822,2.1111,1.7382,3.3599,2.0313,1.7651,3.4467,2.1418,1.5789,3.2674,1.9493,1.5789,3.2716,2.0016,1.7115,3.5514,2.1412,1.4705,3.3087,1.8509,1.4935,3.2309,2.089,0.074596,3.471,1.9549,0.065785,3.7292,2.0359,0.059622,3.758,1.7411,0.11936
3.2781,2.1124,1.7394,3.3557,2.0326,1.7663,3.4422,2.1409,1.5802,3.2627,1.9497,1.5804,3.2675,2.0029,1.7126,3.5468,2.1431,1.4719,3.305,1.8524,1.4948,3.2309,2.089,0.074548,3.4709,1.9549,0.065813,3.7231,2.04,0.0599,3.7532,1.7451,0.11905
3.274,2.1138,1.7407,3.3518,2.0339,1.7675,3.4384,2.1448,1.5815,3.2588,1.9511,1.5816,3.2635,2.0042,1.7139,3.5426,2.1448,1.4733,3.3012,1.8539,1.4959,3.2309,2.0888,0.074338,3.4712,1.9546,0.066168,3.7157,2.0443,0.059954,3.7487,1.7502,0.11826
3.2701,2.1146,1.7418,3.3479,2.0348,1.7687,3.4341,2.1438,1.5827,3.255,1.9523,1.5826,3.2597,2.0051,1.7151,3.5385,2.1468,1.4746,3.2974,1.8553,1.497,3.2307,2.0889,0.074281,3.471,1.9551,0.066098,3.7073,2.0494,0.059897,3.7441,1.7555,0.1171
3.2662,2.1162,1.7432,3.3441,2.0365,1.7697,3.4301,2.1467,1.5842,3.2513,1.9536,1.5839,3.256,2.0065,1.7162,3.5343,2.1485,1.4759,3.2937,1.8569,1.4978,3.2306,2.0889,0.074196,3.4709,1.9551,0.066133,3.6978,2.0554,0.059811,3.7394,1.7619,0.11543
3.2625,2.1171,1.7443,3.3405,2.0378,1.7707,3.4265,2.1495,1.585,3.2476,1.9549,1.5848,3.2523,2.008,1.7172,3.5303,2.1504,1.4772,3.2899,1.8585,1.4988,3.2306,2.0889,0.074118,3.4709,1.9551,0.066176,3.6879,2.0621,0.0597,3.7348,1.7688,0.11344
3.2589,2.1184,1.7454,3.3369,2.0391,1.7717,3.4226,2.1512,1.586,3.2439,1.9566,1.5856,3.2487,2.0091,1.7181,3.5264,2.1519,1.4783,3.2862,1.8602,1.4995,3.2306,2.089,0.074029,3.4709,1.955,0.066143,3.6777,2.0691,0.059761,3.7298,1.7768,0.11079
3.2553,2.1197,1.7462,3.3335,2.0401,1.7725,3.419,2.1525,1.5869,3.2403,1.9579,1.5865,3.2453,2.0105,1.719,3.5227,2.1537,1.4794,3.2824,1.8618,1.5003,3.2306,2.089,0.073952,3.4708,1.955,0.066199,3.6678,2.0774,0.060531,3.7246,1.785,0.10783
3.2518,2.1212,1.7471,3.33,2.0416,1.7734,3.4154,2.1532,1.5881,3.2375,1.9603,1.5869,3.2418,2.0117,1.7197,3.5191,2.1551,1.4805,3.2788,1.8634,1.5009,3.2305,2.089,0.073888,3.4708,1.955,0.066193,3.6583,2.0854,0.060696,3.719,1.7938,0.10485
3.2484,2.1224,1.7479,3.3265,2.0431,1.7741,3.4123,2.1554,1.5885,3.2335,1.9606,1.588,3.2384,2.0133,1.7206,3.5157,2.1566,1.4814,3.275,1.8651,1.5011,3.2305,2.0891,0.073817,3.4708,1.955,0.066201,3.649,2.0942,0.061319,3.7132,1.8025,0.10182
3.2451,2.1239,1.7485,3.3231,2.0443,1.7748,3.4086,2.156,1.5895,3.2301,1.9622,1.5885,3.2349,2.0146,1.7211,3.5124,2.1581,1.4824,3.2716,1.8667,1.5017,3.2305,2.0891,0.073686,3.4708,1.955,0.066204,3.6398,2.1034,0.061657,3.7073,1.812,0.098403
3.2417,2.1255,1.749,3.3199,2.0456,1.7754,3.4055,2.1568,1.5901,3.227,1.9638,1.589,3.2317,2.0161,1.7216,3.5095,2.1591,1.4832,3.2682,1.8685,1.5022,3.2304,2.0891,0.073584,3.4708,1.955,0.066235,3.6299,2.1123,0.062272,3.7011,1.8217,0.095163
3.2385,2.1269,1.7495,3.3166,2.0471,1.7759,3.4028,2.1594,1.5904,3.2238,1.9647,1.5896,3.2284,2.0174,1.7221,3.5064,2.1607,1.484,3.2649,1.87,1.5027,3.2303,2.0892,0.073471,3.4708,1.955,0.066253,3.6202,2.1219,0.062736,3.695,1.8316,0.09185
3.2354,2.1283,1.7499,3.3133,2.0486,1.7764,3.3995,2.1584,1.591,3.2214,1.9675,1.5896,3.2252,2.0189,1.7225,3.5036,2.1617,1.4846,3.2618,1.8716,1.5032,3.2303,2.0892,0.073333,3.4708,1.955,0.066225,3.6102,2.1298,0.062459,3.6887,1.8421,0.088683
3.2323,2.1297,1.7502,3.3103,2.0499,1.7769,3.3968,2.1615,1.5919,3.2179,1.9679,1.5903,3.2222,2.0205,1.7229,3.501,2.1628,1.4852,3.2587,1.8733,1.5036,3.2302,2.0892,0.0732,3.4708,1.955,0.066245,3.6001,2.1397,0.063048,3.6827,1.8524,0.085788
3.2294,2.1312,1.7505,3.3073,2.0513,1.7773,3.3942,2.1635,1.5921,3.215,1.969,1.5906,3.2192,2.0218,1.7231,3.4985,2.164,1.4857,3.2557,1.8747,1.504,3.2301,2.0893,0.073053,3.4708,1.955,0.066363,3.5902,2.1491,0.063619,3.6762,1.8626,0.083213
3.2267,2.1324,1.7508,3.3046,2.053,1.7776,3.3915,2.1631,1.5928,3.2124,1.9706,1.591,3.2164,2.023,1.7235,3.4959,2.1652,1.4862,3.2528,1.8761,1.5044,3.2299,2.0893,0.072913,3.4708,1.9551,0.0664,3.5803,2.1586,0.064153,3.6698,1.8732,0.080933
3.224,2.1338,1.7511,3.3015,2.0538,1.778,3.3893,2.1657,1.5931,3.2097,1.9719,1.5913,3.2136,2.0245,1.7238,3.4938,2.166,1.4866,3.25,1.8777,1.5049,3.2297,2.0895,0.072688,3.4708,1.9551,0.06646,3.5702,2.1679,0.06467,3.6636,1.8837,0.078898
3.2215,2.1352,1.7514,3.2988,2.0551,1.7785,3.3866,2.1661,1.5939,3.2071,1.9731,1.5915,3.2109,2.0258,1.724,3.4915,2.1671,1.4869,3.2473,1.8791,1.5053,3.2296,2.0895,0.072358,3.4707,1.9552,0.066503,3.5602,2.1772,0.06527,3.6574,1.894,0.077374
3.219,2.1362,1.7517,3.2963,2.0562,1.7787,3.3844,2.1671,1.5942,3.2047,1.9745,1.5918,3.2085,2.0269,1.7243,3.4895,2.1681,1.4872,3.2447,1.8804,1.5056,3.2295,2.0895,0.072056,3.4707,1.9552,0.066579,3.5502,2.1863,0.065843,3.651,1.9047,0.075855
3.2167,2.1378,1.752,3.294,2.0575,1.7791,3.3824,2.1692,1.5944,3.2025,1.9756,1.5921,3.2061,2.0283,1.7246,3.4874,2.1692,1.4875,3.2423,1.8818,1.506,3.2294,2.0895,0.071912,3.4707,1.9552,0.066617,3.5409,2.1925,0.06553,3.6449,1.9151,0.074311
3.2146,2.1386,1.7523,3.2918,2.0588,1.7794,3.3802,2.1705,1.5949,3.2003,1.977,1.5923,3.2044,2.0301,1.7247,3.4854,2.1702,1.4877,3.2399,1.8831,1.5063,3.2293,2.0896,0.071863,3.4707,1.9553,0.066662,3.5311,2.2021,0.066717,3.6385,1.9254,0.073535
3.2126,2.1401,1.7526,3.2897,2.0598,1.7797,3.3783,2.1702,1.5953,3.198,1.9779,1.5926,3.2019,2.0306,1.7252,3.4834,2.1709,1.4878,3.2376,1.8842,1.5066,3.2293,2.089,0.071404,3.4703,1.9551,0.06689,3.5211,2.2152,0.069472,3.632,1.9362,0.072414
3.2107,2.141,1.7529,3.2879,2.0611,1.78,3.3762,2.1713,1.5956,3.1963,1.9795,1.5929,3.2,2.0317,1.7255,3.4815,2.1722,1.4879,3.2355,1.8855,1.5069,3.2291,2.0894,0.071546,3.4699,1.9554,0.066744,3.5108,2.2257,0.072223,3.6252,1.9465,0.07165
3.2089,2.1423,1.7532,3.286,2.062,1.7803,3.3744,2.1724,1.5958,3.1949,1.9814,1.5929,3.1981,2.033,1.7258,3.4796,2.1731,1.4879,3.2334,1.8867,1.5072,3.229,2.0895,0.071422,3.4699,1.9556,0.066752,3.5013,2.2354,0.072671,3.6183,1.9572,0.070752
3.2073,2.1432,1.7536,3.2843,2.0633,1.7806,3.3727,2.1749,1.5959,3.1929,1.9826,1.5933,3.1964,2.0341,1.7262,3.4776,2.1744,1.4879,3.2314,1.8878,1.5076,3.2288,2.0899,0.071193,3.4695,1.9557,0.066725,3.4924,2.2443,0.073902,3.611,1.9675,0.070129
3.2056,2.1445,1.7539,3.2829,2.0644,1.7809,3.371,2.1732,1.5958,3.1908,1.9827,1.5941,3.1948,2.0353,1.7266,3.4758,2.1754,1.4879,3.2296,1.8889,1.5079,3.2288,2.0894,0.071013,3.4695,1.955,0.067416,3.4832,2.2537,0.075281,3.6037,1.9776,0.069747
3.2041,2.1458,1.7542,3.2813,2.0658,1.7811,3.3694,2.1769,1.596,3.189,1.9839,1.5944,3.1937,2.0369,1.7268,3.474,2.1763,1.4878,3.2279,1.8898,1.5083,3.2287,2.0895,0.07106,3.4695,1.955,0.067523,3.4737,2.2624,0.077068,3.5962,1.9881,0.069102
3.2029,2.1468,1.7545,3.2799,2.0666,1.7815,3.3676,2.1765,1.5962,3.1875,1.9847,1.5949,3.1923,2.0382,1.7272,3.4722,2.1774,1.4878,3.2262,1.8908,1.5086,3.2287,2.0895,0.071265,3.4696,1.9552,0.067434,3.4655,2.2725,0.077939,3.5885,1.9981,0.068585
3.2014,2.1481,1.7549,3.2787,2.0679,1.7817,3.3661,2.179,1.5962,3.1859,1.9859,1.5954,3.1904,2.0387,1.7278,3.4704,2.1786,1.4876,3.2246,1.8918,1.5089,3.2286,2.0895,0.071136,3.4696,1.9553,0.067477,3.457,2.2823,0.079653,3.5804,2.0084,0.068021
3.2006,2.1499,1.7551,3.2775,2.0689,1.7819,3.3647,2.1785,1.5965,3.1846,1.9869,1.5959,3.1892,2.0396,1.7283,3.4687,2.18,1.4875,3.2231,1.8929,1.5092,3.2286,2.0895,0.070977,3.4695,1.9552,0.067605,3.4485,2.2922,0.081652,3.5723,2.0183,0.067707
3.199,2.1502,1.7556,3.2765,2.07,1.7823,3.3635,2.1809,1.5963,3.1836,1.9887,1.596,3.1879,2.0408,1.7287,3.4669,2.1811,1.4873,3.2217,1.8937,1.5096,3.2284,2.0895,0.070865,3.4696,1.9553,0.067649,3.4402,2.3021,0.083536,3.564,2.0284,0.066972
3.1978,2.1512,1.756,3.2753,2.0713,1.7826,3.3618,2.1805,1.5966,3.1822,1.9895,1.5965,3.1868,2.0417,1.7292,3.4652,2.1823,1.4871,3.2203,1.8945,1.5099,3.2283,2.0896,0.070691,3.4695,1.9554,0.067737,3.4317,2.3116,0.086102,3.5558,2.0384,0.066577
3.1968,2.1521,1.7564,3.2742,2.0721,1.7828,3.3604,2.1807,1.5965,3.1809,1.9906,1.597,3.1858,2.0426,1.7296,3.4634,2.1833,1.4869,3.219,1.8955,1.5101,3.2282,2.0896,0.070555,3.4695,1.9554,0.067832,3.4235,2.322,0.087604,3.5477,2.0484,0.0659
3.1961,2.1539,1.7567,3.2735,2.0729,1.7831,3.3591,2.184,1.5966,3.179,1.9907,1.5978,3.1846,2.0438,1.7301,3.4617,2.1845,1.4866,3.2178,1.8965,1.5103,3.2282,2.0896,0.070407,3.4696,1.9555,0.067757,3.4151,2.3317,0.089565,3.5388,2.0587,0.063813
3.1951,2.1549,1.7572,3.2725,2.0741,1.7833,3.3577,2.1845,1.597,3.178,1.9916,1.5983,3.1837,2.0447,1.7305,3.4599,2.1861,1.4864,3.2165,1.8973,1.5105,3.2281,2.0897,0.070269,3.4696,1.9555,0.067849,3.4064,2.3415,0.092234,3.5305,2.0678,0.064113
3.1941,2.1559,1.7576,3.2716,2.0751,1.7836,3.3562,2.1848,1.5969,3.1765,1.9925,1.5986,3.1828,2.0457,1.7309,3.4583,2.1872,1.4861,3.2152,1.8982,1.5106,3.228,2.0897,0.070129,3.4704,1.9557,0.067844,3.3978,2.3511,0.093626,3.5219,2.0787,0.062391
3.1929,2.156,1.7581,3.271,2.076,1.7838,3.3549,2.1864,1.5971,3.1754,1.9935,1.5992,3.1819,2.0467,1.7313,3.4566,2.1885,1.4859,3.214,1.8992,1.5107,3.2279,2.0897,0.070034,3.4708,1.9557,0.067877,3.3892,2.3603,0.096036,3.5133,2.0887,0.061441
3.192,2.1568,1.7585,3.2699,2.0772,1.784,3.3537,2.1876,1.5972,3.1742,1.9944,1.5997,3.1809,2.0477,1.7317,3.4548,2.1901,1.4856,3.2127,1.9002,1.5107,3.2278,2.0897,0.069915,3.4709,1.9558,0.06791,3.38,2.3703,0.097982,3.5048,2.0984,0.060679
3.191,2.158,1.7588,3.2691,2.0783,1.7841,3.3523,2.1871,1.5967,3.1729,1.9956,1.6,3.18,2.0487,1.7321,3.4531,2.1914,1.4853,3.2115,1.9012,1.5107,3.2277,2.0898,0.069779,3.4709,1.9558,0.067977,3.3707,2.3793,0.099756,3.4963,2.1075,0.060213
3.19,2.1591,1.7591,3.2684,2.0792,1.7842,3.3509,2.188,1.5966,3.1718,1.9967,1.6003,3.179,2.0497,1.7324,3.4513,2.1929,1.485,3.2101,1.9023,1.5107,3.2276,2.0898,0.069629,3.4709,1.956,0.068025,3.3609,2.3884,0.10162,3.4887,2.1134,0.062812
3.1891,2.1599,1.7594,3.2675,2.0804,1.7843,3.3497,2.1892,1.5964,3.1705,1.9976,1.6005,3.1781,2.0507,1.7326,3.4495,2.1944,1.4847,3.2088,1.9033,1.5106,3.2275,2.0899,0.069424,3.4709,1.956,0.068083,3.3508,2.3972,0.1035,3.4801,2.1238,0.061461
3.1882,2.1613,1.7596,3.2666,2.0817,1.7844,3.3484,2.1932,1.5963,3.1698,2.0001,1.6003,3.1771,2.0519,1.7329,3.4478,2.1961,1.4844,3.2075,1.9045,1.5104,3.2273,2.09,0.069274,3.4712,1.9564,0.067825,3.3404,2.4051,0.10532,3.4718,2.1333,0.060803
3.1873,2.1625,1.7598,3.2658,2.0827,1.7844,3.3469,2.194,1.5966,3.1679,2.0001,1.601,3.1761,2.053,1.7331,3.4459,2.1976,1.484,3.2061,1.9058,1.5103,3.2272,2.09,0.069132,3.4709,1.9566,0.067907,3.33,2.4133,0.10726,3.4636,2.143,0.059841
3.1863,2.1634,1.76,3.2648,2.0841,1.7844,3.3457,2.1955,1.596,3.1666,2.0017,1.6011,3.1751,2.0542,1.7333,3.4441,2.1988,1.4836,3.2046,1.907,1.51,3.2271,2.0901,0.068977,3.4709,1.9566,0.067941,3.319,2.4208,0.10899,3.4545,2.1573,0.055918
3.1851,2.1651,1.7602,3.2639,2.0852,1.7843,3.3438,2.1963,1.5963,3.1652,2.003,1.6012,3.174,2.0557,1.7334,3.4422,2.2007,1.4832,3.2031,1.9083,1.5097,3.227,2.0903,0.068818,3.4709,1.9567,0.068017,3.3079,2.4278,0.11082,3.4484,2.1636,0.057743
3.184,2.1664,1.7604,3.2629,2.0865,1.7842,3.3425,2.1976,1.5959,3.1637,2.0046,1.6013,3.1733,2.0575,1.7334,3.4401,2.2023,1.4828,3.2014,1.9096,1.5094,3.2267,2.0903,0.06883,3.4709,1.9567,0.068101,3.2964,2.4346,0.11271,3.4379,2.1764,0.054716
3.1829,2.1678,1.7607,3.2617,2.0881,1.7841,3.3407,2.1989,1.5956,3.162,2.0059,1.6013,3.1721,2.0592,1.7335,3.4382,2.204,1.4824,3.1998,1.9112,1.5092,3.2263,2.0904,0.068826,3.4709,1.9567,0.068213,3.2849,2.441,0.1145,3.4302,2.1857,0.054029
3.1816,2.1695,1.7608,3.2607,2.0894,1.7839,3.3391,2.2004,1.5954,3.1605,2.0077,1.6014,3.1704,2.0599,1.7338,3.4362,2.206,1.482,3.1982,1.9126,1.5089,3.2262,2.0905,0.068762,3.4709,1.9568,0.068247,3.2733,2.4467,0.11613,3.4223,2.1948,0.052928
3.1805,2.1708,1.7609,3.2593,2.0911,1.7839,3.3376,2.2027,1.5953,3.1587,2.0091,1.6015,3.169,2.0616,1.7339,3.434,2.208,1.4816,3.1964,1.9142,1.5086,3.2262,2.0905,0.068694,3.4709,1.9568,0.068341,3.2615,2.4516,0.11741,3.4148,2.2026,0.052556
3.1789,2.1726,1.761,3.2581,2.0925,1.7838,3.3357,2.2043,1.5951,3.157,2.011,1.6016,3.1675,2.0631,1.7339,3.432,2.2096,1.4813,3.1947,1.9158,1.5083,3.2261,2.0905,0.068604,3.4708,1.9568,0.06844,3.2501,2.4571,0.11907,3.407,2.2107,0.051934
3.1775,2.1741,1.7611,3.2565,2.0943,1.7837,3.334,2.207,1.5946,3.1554,2.0125,1.6016,3.1661,2.065,1.7339,3.4298,2.2116,1.4809,3.1929,1.9176,1.508,3.226,2.0906,0.068506,3.4708,1.9569,0.068553,3.2388,2.4618,0.12071,3.3995,2.2188,0.050837
3.176,2.1758,1.7612,3.2551,2.096,1.7835,3.3322,2.2088,1.5944,3.1535,2.0145,1.6015,3.1645,2.0665,1.7339,3.4277,2.2137,1.4805,3.1911,1.9193,1.5076,3.226,2.0905,0.068631,3.4707,1.9569,0.068674,3.2279,2.4669,0.12256,3.392,2.2262,0.049864
3.1744,2.1774,1.7611,3.2537,2.0979,1.7832,3.3302,2.2098,1.5943,3.1517,2.0164,1.6015,3.1629,2.0683,1.7338,3.4256,2.216,1.4802,3.1892,1.9213,1.5074,3.2259,2.0905,0.068514,3.4707,1.9569,0.068823,3.2171,2.4711,0.12386,3.3835,2.2323,0.049956
3.1727,2.1793,1.7611,3.252,2.0995,1.783,3.3283,2.2128,1.5938,3.1499,2.0184,1.6013,3.1613,2.0699,1.7338,3.4236,2.2179,1.4799,3.1872,1.9233,1.5071,3.2257,2.0908,0.067916,3.4707,1.957,0.068964,3.2066,2.475,0.12509,3.3754,2.2385,0.049246
3.1711,2.1811,1.761,3.2505,2.1014,1.7827,3.3262,2.2143,1.594,3.1479,2.0204,1.6011,3.1595,2.0718,1.7337,3.4215,2.22,1.4795,3.1852,1.9254,1.5067,3.2257,2.0909,0.067801,3.4706,1.957,0.069119,3.1967,2.4786,0.12618,3.3672,2.2441,0.048267
3.1693,2.183,1.7609,3.2487,2.1034,1.7824,3.3242,2.217,1.5934,3.146,2.0223,1.601,3.1578,2.0738,1.7334,3.4198,2.2219,1.4791,3.1831,1.9278,1.5063,3.2256,2.091,0.067654,3.4705,1.957,0.069289,3.1875,2.4821,0.12718,3.359,2.2489,0.047531
3.1674,2.1849,1.7608,3.247,2.1052,1.7821,3.3221,2.2188,1.5933,3.1447,2.0254,1.6003,3.156,2.0758,1.7331,3.4178,2.2243,1.4788,3.181,1.93,1.5059,3.2255,2.091,0.067577,3.4708,1.9573,0.069369,3.1785,2.4856,0.12774,3.3508,2.2535,0.046614
3.1655,2.1871,1.7606,3.2452,2.1074,1.7818,3.3199,2.2204,1.5927,3.1419,2.0266,1.6003,3.1541,2.0779,1.7328,3.416,2.2261,1.4785,3.1788,1.9323,1.5054,3.2254,2.0911,0.067519,3.4709,1.9576,0.069436,3.1702,2.4885,0.12787,3.3426,2.2576,0.045906
3.1636,2.1892,1.7604,3.2432,2.1096,1.7813,3.3178,2.2229,1.5925,3.14,2.0292,1.5999,3.1521,2.08,1.7326,3.4141,2.2282,1.4782,3.1765,1.9346,1.5049,3.2253,2.0911,0.067438,3.4708,1.9577,0.069642,3.1621,2.492,0.12825,3.3372,2.2629,0.044511
3.1617,2.1914,1.7601,3.2412,2.1115,1.7809,3.3158,2.2264,1.5918,3.1385,2.0322,1.5993,3.1503,2.0823,1.7322,3.4123,2.2305,1.4778,3.1742,1.9371,1.5042,3.2252,2.0911,0.067377,3.4708,1.9578,0.069849,3.1541,2.4943,0.12807,3.3231,2.2599,0.046399
3.1596,2.1939,1.7596,3.2394,2.1142,1.7805,3.3135,2.2279,1.5916,3.1359,2.0336,1.5992,3.1482,2.0848,1.7318,3.4103,2.2327,1.4773,3.1719,1.9394,1.5036,3.2251,2.0912,0.06727,3.4707,1.9578,0.070162,3.1473,2.4968,0.12762,3.3158,2.2625,0.045121
3.1575,2.1962,1.7592,3.2373,2.1166,1.78,3.3114,2.2308,1.5913,3.1335,2.0363,1.5985,3.1461,2.0871,1.7313,3.4084,2.2348,1.4768,3.1697,1.9419,1.503,3.225,2.0912,0.067181,3.4706,1.9579,0.070468,3.1407,2.499,0.12689,3.3087,2.2646,0.043329
3.1556,2.1983,1.7588,3.2351,2.1185,1.7795,3.3092,2.2322,1.5905,3.1314,2.0389,1.598,3.1439,2.0893,1.7308,3.4063,2.2372,1.4762,3.1677,1.9442,1.5026,3.2257,2.0911,0.067071,3.4705,1.958,0.0708,3.1344,2.5005,0.12592,3.3007,2.2646,0.043081
3.1533,2.201,1.7583,3.233,2.1212,1.7788,3.3072,2.2359,1.5903,3.1293,2.0412,1.5975,3.1418,2.0919,1.7302,3.4043,2.2396,1.4756,3.1657,1.9468,1.5021,3.2255,2.0908,0.067316,3.4704,1.9582,0.071144,3.1286,2.5019,0.12455,3.2933,2.2649,0.041959
3.1509,2.2037,1.7578,3.2307,2.1239,1.7784,3.3051,2.2381,1.5897,3.1272,2.0438,1.5969,3.1397,2.0945,1.7296,3.4021,2.2424,1.475,3.1637,1.9493,1.5016,3.2252,2.0907,0.067295,3.4703,1.9583,0.071545,3.1231,2.5029,0.12305,3.2868,2.2651,0.040611
3.1489,2.2063,1.7572,3.2286,2.1265,1.7777,3.3029,2.2416,1.5891,3.1253,2.0465,1.5964,3.1375,2.0971,1.7291,3.3996,2.2455,1.4743,3.1619,1.9518,1.5012,3.2252,2.091,0.066875,3.4701,1.9584,0.071951,3.118,2.5039,0.12105,3.2808,2.2653,0.039254
3.1467,2.2089,1.7566,3.2265,2.1291,1.7773,3.3007,2.2446,1.5886,3.1237,2.0502,1.5953,3.1353,2.0999,1.7284,3.3972,2.2486,1.4736,3.1601,1.9544,1.5008,3.2252,2.0908,0.067147,3.47,1.9585,0.072395,3.1132,2.5043,0.11897,3.275,2.2645,0.037921
3.1445,2.2113,1.756,3.2244,2.1316,1.7768,3.2987,2.2469,1.588,3.1212,2.0517,1.5951,3.1334,2.1025,1.7279,3.3946,2.2517,1.4727,3.1583,1.9569,1.5004,3.2251,2.0909,0.067037,3.4697,1.9586,0.072883,3.1088,2.5043,0.11642,3.2695,2.2636,0.036831
3.1422,2.2142,1.7555,3.2223,2.1346,1.7762,3.2964,2.2495,1.5879,3.1198,2.0551,1.5943,3.1313,2.105,1.7274,3.3919,2.255,1.4718,3.1566,1.9594,1.5001,3.225,2.0909,0.066913,3.4695,1.9587,0.073465,3.1031,2.5033,0.11221,3.2703,2.2653,0.036351
3.1401,2.2171,1.755,3.2202,2.1376,1.7757,3.2944,2.2528,1.5869,3.1173,2.057,1.5941,3.1293,2.1079,1.7269,3.3892,2.258,1.471,3.1549,1.962,1.4998,3.2249,2.0909,0.066772,3.4693,1.9587,0.074163,3.0961,2.5009,0.10748,3.2695,2.2658,0.038488
3.1381,2.2197,1.7546,3.2183,2.1404,1.7753,3.2919,2.2557,1.5863,3.1153,2.0599,1.5937,3.1273,2.1106,1.7265,3.3864,2.2616,1.4701,3.1533,1.9645,1.4996,3.2248,2.091,0.066646,3.469,1.9588,0.074963,3.091,2.4995,0.10354,3.2708,2.2678,0.03844
3.1359,2.2224,1.7543,3.2164,2.1432,1.7749,3.2894,2.258,1.5862,3.1138,2.0635,1.5931,3.1253,2.1133,1.7261,3.3833,2.2656,1.4694,3.1517,1.9672,1.4994,3.2246,2.091,0.066502,3.4687,1.9589,0.075855,3.0865,2.4979,0.099996,3.2715,2.2692,0.03926
3.1338,2.2252,1.754,3.2144,2.1464,1.7744,3.2869,2.2611,1.5855,3.1113,2.0652,1.5931,3.1235,2.116,1.7258,3.3805,2.2692,1.4686,3.1501,1.9699,1.4993,3.2245,2.0911,0.066382,3.4683,1.9589,0.076972,3.0825,2.4971,0.09647,3.2712,2.2702,0.04059
3.1315,2.2281,1.7537,3.2124,2.1493,1.7741,3.2844,2.2644,1.5852,3.1092,2.0683,1.5928,3.1215,2.1189,1.7255,3.3773,2.2731,1.4677,3.1484,1.9726,1.4992,3.2244,2.0911,0.066243,3.4678,1.9589,0.077965,3.0796,2.4967,0.092694,3.2731,2.2728,0.039969
3.1298,2.2317,1.7535,3.2106,2.1524,1.7737,3.2819,2.2689,1.5846,3.1071,2.0714,1.5927,3.1195,2.122,1.7255,3.3742,2.277,1.4669,3.1466,1.9757,1.4991,3.2243,2.0911,0.066102,3.4674,1.959,0.07907,3.0769,2.4965,0.089028,3.274,2.2746,0.04077
3.1272,2.2343,1.7536,3.2086,2.156,1.7733,3.2791,2.2726,1.5844,3.1049,2.0744,1.5926,3.1175,2.1251,1.7254,3.3708,2.2813,1.4663,3.1448,1.9787,1.4992,3.2241,2.0912,0.066015,3.4669,1.9591,0.080195,3.0751,2.4967,0.085412,3.2742,2.2757,0.041841
3.1248,2.2375,1.7536,3.2064,2.1592,1.7732,3.2765,2.2761,1.5838,3.1026,2.0773,1.5926,3.1155,2.128,1.7253,3.3676,2.2853,1.4656,3.1429,1.9816,1.4998,3.2238,2.0914,0.06552,3.4664,1.9594,0.081647,3.0737,2.4968,0.082362,3.274,2.2763,0.042594
3.1229,2.2413,1.7535,3.2045,2.1628,1.773,3.2735,2.28,1.5837,3.1003,2.0809,1.5924,3.1133,2.1313,1.7253,3.3644,2.2892,1.4649,3.1409,1.9849,1.4999,3.2236,2.0914,0.0654,3.4658,1.9595,0.083211,3.0729,2.4972,0.080345,3.2737,2.2766,0.042984
3.12,2.244,1.7538,3.2023,2.1663,1.7728,3.2706,2.2837,1.5833,3.0981,2.0841,1.5926,3.1111,2.1347,1.7254,3.361,2.2936,1.4644,3.1387,1.9882,1.5001,3.2235,2.0915,0.0653,3.4651,1.9596,0.084732,3.0728,2.4978,0.078409,3.273,2.2764,0.043682
3.1175,2.2474,1.7538,3.1999,2.1699,1.7728,3.2674,2.2879,1.5833,3.0962,2.0885,1.5923,3.1088,2.138,1.7254,3.3577,2.2978,1.4637,3.1365,1.9917,1.5004,3.2233,2.0915,0.065188,3.4644,1.9599,0.086511,3.073,2.4987,0.077297,3.2726,2.2765,0.044191
3.1148,2.251,1.7539,3.1975,2.1737,1.7728,3.2642,2.292,1.5832,3.093,2.0911,1.5928,3.1064,2.1416,1.7255,3.3542,2.3021,1.4634,3.1341,1.9952,1.5008,3.2232,2.0915,0.065112,3.4637,1.96,0.088256,3.0729,2.4992,0.076411,3.2724,2.2767,0.044573
3.112,2.2544,1.7541,3.1949,2.1774,1.7728,3.2611,2.296,1.583,3.0904,2.0946,1.5929,3.1038,2.1453,1.7256,3.3507,2.3066,1.463,3.1318,1.9987,1.5013,3.223,2.0915,0.064997,3.4629,1.9602,0.090372,3.0728,2.4996,0.075616,3.2724,2.277,0.044783
3.109,2.2582,1.7542,3.1923,2.1816,1.7728,3.2578,2.3,1.5829,3.0878,2.0982,1.5932,3.1012,2.1489,1.7258,3.3472,2.3109,1.4626,3.1293,2.0025,1.5018,3.2229,2.0915,0.064869,3.4621,1.9605,0.092395,3.0729,2.4999,0.075113,3.2725,2.2774,0.04479
3.1061,2.262,1.7543,3.1895,2.1853,1.7728,3.2546,2.3038,1.5827,3.0857,2.1027,1.5931,3.0984,2.1527,1.726,3.3437,2.3153,1.4623,3.1267,2.0061,1.5023,3.2228,2.0916,0.064677,3.4611,1.9607,0.094689,3.0729,2.5001,0.074803,3.2724,2.2773,0.044785
3.1029,2.2658,1.7545,3.1867,2.1894,1.773,3.2505,2.312,1.5839,3.0822,2.1056,1.5935,3.0956,2.1565,1.7262,3.3402,2.3196,1.4622,3.1241,2.0099,1.503,3.2227,2.0917,0.064506,3.46,1.9609,0.097033,3.0729,2.5003,0.074543,3.2724,2.2773,0.044843
3.0996,2.2699,1.7547,3.1835,2.1942,1.7731,3.2478,2.3124,1.5829,3.0794,2.1096,1.5938,3.0928,2.1606,1.7265,3.3368,2.3239,1.4621,3.1214,2.0137,1.5036,3.2225,2.0918,0.064341,3.4591,1.9614,0.099629,3.0728,2.5004,0.074301,3.2723,2.2773,0.044911
3.0963,2.2741,1.7547,3.1804,2.1983,1.7733,3.2441,2.3171,1.583,3.0766,2.1142,1.5941,3.0896,2.1646,1.7267,3.3333,2.328,1.4616,3.1186,2.0175,1.5045,3.2224,2.0918,0.064201,3.4579,1.9618,0.1022,3.0728,2.5005,0.074086,3.2723,2.2774,0.044942
3.0927,2.2781,1.7549,3.1769,2.2024,1.7737,3.2406,2.3212,1.5832,3.0742,2.119,1.5941,3.0863,2.1688,1.727,3.3299,2.3321,1.4615,3.1155,2.0208,1.505,3.2222,2.0919,0.064067,3.4567,1.9624,0.10495,3.0728,2.5006,0.073899,3.2723,2.2774,0.044971
3.0891,2.2824,1.7551,3.1737,2.2069,1.774,3.2369,2.3258,1.5835,3.0706,2.1219,1.5948,3.0831,2.1728,1.7274,3.3265,2.3366,1.4618,3.1126,2.0246,1.5058,3.222,2.0919,0.06398,3.4553,1.963,0.10789,3.0728,2.5007,0.073762,3.2723,2.2774,0.044957
3.0854,2.2866,1.7553,3.17,2.2113,1.7744,3.2333,2.33,1.5836,3.0673,2.1253,1.5954,3.0796,2.1768,1.7278,3.3232,2.3402,1.4619,3.1096,2.0285,1.5068,3.2218,2.092,0.063849,3.4539,1.9636,0.11097,3.0728,2.5007,0.073641,3.2723,2.2774,0.044975
3.0815,2.2909,1.7554,3.1663,2.2161,1.7749,3.2297,2.3341,1.5839,3.064,2.1289,1.596,3.0761,2.1812,1.7282,3.3198,2.3446,1.4622,3.1066,2.0323,1.5077,3.2215,2.0921,0.063755,3.4525,1.9642,0.11449,3.0727,2.5008,0.073545,3.2722,2.2774,0.044974
3.0776,2.2951,1.7556,3.1627,2.2206,1.7754,3.2261,2.3379,1.5842,3.0618,2.1345,1.5958,3.0725,2.1854,1.7287,3.3163,2.3467,1.4618,3.1035,2.0361,1.5087,3.2212,2.0923,0.063682,3.4507,1.9653,0.11786,3.0727,2.5008,0.073457,3.2723,2.2774,0.04496
3.0738,2.2995,1.7558,3.1589,2.2249,1.776,3.2224,2.3421,1.5845,3.0584,2.1379,1.5967,3.0689,2.1895,1.7292,3.3131,2.3491,1.4619,3.1004,2.0397,1.5096,3.2208,2.0924,0.063577,3.449,1.9663,0.12148,3.0727,2.5008,0.073389,3.2723,2.2774,0.044951
3.07,2.3036,1.756,3.1551,2.2295,1.7766,3.2181,2.3501,1.586,3.0547,2.1413,1.5977,3.0652,2.1938,1.7297,3.3094,2.3545,1.4625,3.0973,2.0434,1.5107,3.2205,2.0927,0.063447,3.4471,1.9675,0.12533,3.0726,2.5008,0.073323,3.2723,2.2775,0.044919
3.0659,2.308,1.7564,3.1512,2.2339,1.7772,3.2152,2.3502,1.5853,3.0511,2.1446,1.5984,3.0617,2.1978,1.7303,3.3058,2.3582,1.4629,3.094,2.0471,1.5117,3.2202,2.093,0.063282,3.445,1.9686,0.12953,3.0726,2.5007,0.0733,3.2724,2.2776,0.044824
3.0621,2.3117,1.7567,3.1474,2.2382,1.7777,3.2115,2.3526,1.5855,3.0483,2.1495,1.5984,3.0578,2.2017,1.7308,3.3024,2.3606,1.4631,3.0908,2.0508,1.5126,3.2198,2.0933,0.063183,3.4429,1.9701,0.13341,3.0726,2.5007,0.073292,3.2724,2.2776,0.044766
3.0582,2.3159,1.7571,3.1435,2.2423,1.7783,3.2074,2.3571,1.5863,3.0448,2.1532,1.599,3.0541,2.2058,1.7313,3.2985,2.3654,1.4637,3.0875,2.054,1.5132,3.2194,2.0935,0.063067,3.4407,1.9714,0.1377,3.0725,2.5007,0.073275,3.2727,2.2779,0.044943
3.0544,2.3201,1.7574,3.1399,2.2462,1.7788,3.2038,2.3615,1.5868,3.0407,2.1563,1.6001,3.0504,2.2098,1.7318,3.2948,2.3686,1.4641,3.084,2.0577,1.5141,3.219,2.0937,0.06298,3.4382,1.9732,0.14206,3.0724,2.5005,0.073277,3.2728,2.278,0.044926
3.0504,2.3237,1.7578,3.1361,2.2501,1.7793,3.1998,2.3649,1.5871,3.037,2.1596,1.6006,3.0467,2.2135,1.7322,3.2909,2.3732,1.4647,3.0807,2.0612,1.5149,3.2184,2.0941,0.062836,3.4356,1.9748,0.14647,3.0722,2.5003,0.073282,3.2728,2.2779,0.044854
3.047,2.327,1.7582,3.1321,2.2541,1.7798,3.1962,2.3686,1.5877,3.0334,2.1633,1.6011,3.0429,2.2172,1.7326,3.2871,2.3765,1.4652,3.0773,2.0647,1.5159,3.2179,2.0945,0.062614,3.4328,1.9767,0.15134,3.0722,2.5003,0.073239,3.2728,2.278,0.044814
3.043,2.3312,1.7586,3.1283,2.2578,1.7802,3.1922,2.3736,1.5881,3.03,2.1672,1.6013,3.0391,2.221,1.733,3.2831,2.3812,1.4658,3.0739,2.0684,1.5166,3.2173,2.0949,0.062407,3.4296,1.9785,0.15622,3.0726,2.5006,0.073297,3.2729,2.278,0.044757
3.0389,2.3346,1.7588,3.1244,2.2614,1.7806,3.1886,2.3771,1.5884,3.0266,2.1713,1.6016,3.0353,2.2244,1.7332,3.2791,2.3841,1.466,3.0706,2.0719,1.5174,3.2167,2.0952,0.062725,3.4262,1.981,0.16151,3.0726,2.5006,0.073307,3.2729,2.278,0.044737
3.0351,2.3379,1.759,3.1206,2.2651,1.7809,3.1848,2.3796,1.5888,3.0226,2.174,1.602,3.0316,2.2277,1.7335,3.2751,2.388,1.4665,3.0673,2.0753,1.5181,3.2161,2.0958,0.062593,3.4225,1.9833,0.16691,3.0727,2.5006,0.073286,3.273,2.278,0.044682
3.031,2.3416,1.7593,3.1166,2.2683,1.7812,3.1809,2.3825,1.5892,3.0198,2.1783,1.6015,3.0278,2.2312,1.7337,3.271,2.3927,1.467,3.064,2.0787,1.5188,3.2153,2.0965,0.062434,3.4186,1.986,0.17246,3.0727,2.5006,0.073299,3.273,2.2781,0.044638
3.027,2.3448,1.7594,3.1127,2.2719,1.7814,3.177,2.3863,1.5895,3.016,2.1812,1.6019,3.024,2.2346,1.7339,3.2669,2.3973,1.4674,3.0607,2.0821,1.5193,3.2141,2.0975,0.06185,3.4143,1.9889,0.17838,3.0728,2.5007,0.073284,3.2731,2.278,0.044595
3.0228,2.348,1.7595,3.109,2.2753,1.7815,3.1732,2.3907,1.5899,3.0122,2.1842,1.6021,3.0202,2.2378,1.734,3.263,2.3997,1.4673,3.0574,2.0854,1.5198,3.2126,2.0983,0.061662,3.4098,1.9921,0.18464,3.0728,2.5007,0.073223,3.2731,2.2781,0.044571
3.019,2.3514,1.7596,3.1051,2.2784,1.7817,3.1692,2.395,1.5898,3.0087,2.1877,1.6022,3.0165,2.241,1.734,3.259,2.4033,1.4674,3.0542,2.0887,1.5201,3.2114,2.0993,0.061774,3.4049,1.9953,0.19138,3.0728,2.5007,0.073203,3.2731,2.2781,0.044563
3.0151,2.3542,1.7595,3.1012,2.2819,1.7817,3.1653,2.3975,1.5902,3.0055,2.1914,1.6016,3.0127,2.2441,1.7339,3.2549,2.4082,1.4678,3.0509,2.0919,1.5204,3.2094,2.1002,0.061288,3.3998,1.9989,0.19815,3.0729,2.5007,0.073147,3.2728,2.278,0.044853
3.011,2.3577,1.7595,3.0973,2.2854,1.7817,3.1612,2.4007,1.5901,3.0018,2.1941,1.6017,3.0089,2.2474,1.7338,3.2511,2.4116,1.4678,3.0477,2.0951,1.5207,3.2073,2.1015,0.0606,3.3939,2.0027,0.20547,3.0729,2.5008,0.073127,3.2732,2.2782,0.044507
3.007,2.3607,1.7592,3.0934,2.2887,1.7815,3.1572,2.4038,1.59,2.9982,2.1974,1.6018,3.0051,2.2506,1.7336,3.2469,2.4159,1.4679,3.0445,2.0982,1.5207,3.205,2.1029,0.060105,3.3879,2.007,0.21262,3.0729,2.5008,0.07309,3.2732,2.2781,0.044479
3.0029,2.3639,1.7588,3.0894,2.2919,1.7813,3.1533,2.4071,1.5898,2.9948,2.2006,1.6011,3.0013,2.2537,1.7334,3.2431,2.4191,1.4677,3.0413,2.1012,1.5208,3.2026,2.1041,0.059641,3.3809,2.0114,0.22009,3.0729,2.5007,0.073039,3.2732,2.2782,0.044445
2.9988,2.3671,1.7584,3.0855,2.2951,1.781,3.1492,2.411,1.5894,2.9912,2.2034,1.601,2.9975,2.2568,1.7329,3.2393,2.4215,1.4675,3.0382,2.1042,1.5207,3.1996,2.1054,0.059162,3.3739,2.0163,0.22778,3.0729,2.5008,0.072978,3.2733,2.2782,0.044407
2.9947,2.37,1.7581,3.0816,2.2984,1.7806,3.1452,2.4154,1.589,2.9872,2.2057,1.601,2.9937,2.2598,1.7326,3.2351,2.4254,1.4672,3.0352,2.107,1.5206,3.1967,2.1067,0.058649,3.3659,2.0213,0.23526,3.0729,2.5008,0.072929,3.2732,2.2782,0.044432
2.9906,2.3732,1.7574,3.0776,2.3015,1.7802,3.1411,2.4172,1.5886,2.9836,2.2086,1.6005,2.9899,2.2626,1.7322,3.2313,2.4283,1.4669,3.032,2.1097,1.5203,3.1937,2.1078,0.05851,3.3576,2.0264,0.24279,3.0728,2.5008,0.072861,3.2732,2.2782,0.044422
2.9865,2.3759,1.7567,3.0736,2.3046,1.7798,3.1371,2.4205,1.5881,2.9799,2.2111,1.6,2.986,2.2656,1.7315,3.2273,2.4318,1.4667,3.029,2.1123,1.5201,3.1908,2.1101,0.056703,3.349,2.032,0.25032,3.0728,2.5008,0.07278,3.2732,2.2782,0.0444
2.9822,2.3789,1.756,3.0696,2.3075,1.7793,3.1331,2.4231,1.5875,2.977,2.2147,1.5989,2.9821,2.2682,1.7309,3.2232,2.4356,1.4663,3.026,2.1148,1.5199,3.1877,2.1113,0.055726,3.3409,2.0378,0.25731,3.0728,2.5008,0.072693,3.2732,2.2782,0.044395
2.978,2.3813,1.7551,3.0655,2.3104,1.7786,3.1291,2.4269,1.587,2.973,2.2167,1.5985,2.9782,2.2711,1.7303,3.2194,2.4377,1.4657,3.023,2.1174,1.5195,3.1841,2.1127,0.054702,3.3326,2.0428,0.26382,3.0728,2.5008,0.072603,3.2732,2.2782,0.044398
2.9738,2.3843,1.7543,3.0614,2.3135,1.778,3.1252,2.4323,1.5869,2.9698,2.2197,1.5977,2.9743,2.2737,1.7295,3.2155,2.4407,1.4652,3.02,2.1198,1.5191,3.1806,2.1139,0.053516,3.3251,2.0477,0.2696,3.0727,2.5008,0.072498,3.273,2.2781,0.044491
2.9695,2.3868,1.7535,3.0572,2.3167,1.7774,3.1209,2.4332,1.5857,2.9663,2.2221,1.597,2.9704,2.2763,1.7288,3.2114,2.444,1.4647,3.0169,2.1224,1.5187,3.1759,2.1151,0.052485,3.318,2.0525,0.27417,3.0727,2.5009,0.072377,3.2725,2.2776,0.044762
2.9654,2.3893,1.7526,3.0531,2.3192,1.7768,3.1168,2.4361,1.585,2.9628,2.2247,1.5962,2.9665,2.2788,1.728,3.2075,2.447,1.4642,3.014,2.1247,1.5183,3.1668,2.1167,0.055059,3.3111,2.0565,0.27619,3.0726,2.5009,0.072288,3.2722,2.2773,0.044823
2.9609,2.392,1.7517,3.0489,2.3223,1.7761,3.1128,2.4388,1.5844,2.9593,2.227,1.5955,2.9626,2.2813,1.7272,3.2034,2.4491,1.4635,3.0109,2.1268,1.5178,3.1585,2.1227,0.057525,3.3053,2.0597,0.27727,3.0726,2.5009,0.072169,3.272,2.2771,0.044973
2.957,2.3941,1.7508,3.0448,2.3248,1.7755,3.1087,2.4412,1.5837,2.9557,2.2292,1.5948,2.9585,2.2836,1.7265,3.1994,2.4528,1.463,3.0079,2.1289,1.5173,3.1474,2.1297,0.061146,3.3001,2.0628,0.27688,3.0725,2.5009,0.072051,3.272,2.2771,0.044917
2.953,2.3964,1.7499,3.0407,2.3274,1.775,3.1047,2.4434,1.583,2.9523,2.2314,1.5942,2.9545,2.2862,1.7258,3.1955,2.455,1.4624,3.0049,2.1309,1.5169,3.1359,2.1376,0.065649,3.2945,2.0659,0.27512,3.0725,2.5009,0.071937,3.2717,2.2769,0.045007
2.9487,2.3981,1.7491,3.0366,2.3298,1.7745,3.1006,2.4458,1.5824,2.9487,2.2334,1.5937,2.9508,2.2882,1.7253,3.1915,2.4581,1.462,3.0018,2.133,1.5164,3.1229,2.146,0.069338,3.2883,2.0694,0.27237,3.0724,2.5009,0.071846,3.2721,2.2772,0.045327
2.9444,2.4007,1.7483,3.0324,2.3323,1.7739,3.0964,2.4484,1.5818,2.9451,2.2354,1.5932,2.9466,2.2907,1.7246,3.1874,2.4596,1.4613,2.9987,2.1348,1.516,3.1098,2.1545,0.073134,3.2814,2.0734,0.26846,3.0724,2.501,0.071756,3.2718,2.2777,0.045362
2.9399,2.4037,1.7476,3.0283,2.3348,1.7735,3.0922,2.4508,1.5812,2.9413,2.2374,1.5928,2.9427,2.2926,1.7241,3.1835,2.4619,1.4609,2.9956,2.1367,1.5154,3.0956,2.163,0.075966,3.2743,2.0782,0.26333,3.0724,2.501,0.071652,3.2722,2.2765,0.045139
2.9357,2.4053,1.747,3.0242,2.3373,1.773,3.088,2.4527,1.5805,2.9375,2.2391,1.5925,2.9385,2.2949,1.7237,3.1796,2.4642,1.4606,2.9925,2.1384,1.515,3.0809,2.1709,0.078314,3.2665,2.0834,0.25765,3.0726,2.5015,0.071787,3.2727,2.2755,0.044632
2.9313,2.4075,1.7464,3.0199,2.3395,1.7725,3.0838,2.455,1.58,2.9338,2.2411,1.592,2.9347,2.2968,1.7233,3.1752,2.467,1.4603,2.9894,2.1402,1.5147,3.0653,2.1784,0.080153,3.2581,2.0892,0.25099,3.0727,2.5015,0.071737,3.2724,2.2759,0.044955
2.9266,2.4095,1.7459,3.0156,2.3416,1.7721,3.0795,2.4571,1.5795,2.93,2.2428,1.5916,2.9306,2.2988,1.7227,3.1711,2.469,1.46,2.9862,2.1419,1.5144,3.0487,2.1856,0.080931,3.249,2.0958,0.24335,3.0726,2.5015,0.071667,3.2724,2.2759,0.044967
2.9221,2.4116,1.7453,3.0114,2.344,1.7717,3.0751,2.4593,1.5791,2.9262,2.2445,1.5913,2.9267,2.3009,1.7224,3.1669,2.4714,1.4599,2.9831,2.1436,1.5141,3.032,2.1918,0.082135,3.2394,2.1028,0.23547,3.0726,2.5015,0.071632,3.2724,2.2759,0.045003
2.9176,2.4134,1.7447,3.0071,2.346,1.7713,3.0707,2.4615,1.5787,2.9224,2.2463,1.5908,2.9224,2.3025,1.7218,3.1624,2.4739,1.4597,2.98,2.1453,1.5139,3.0148,2.1977,0.08241,3.2292,2.1103,0.22718,3.0726,2.5015,0.071584,3.2724,2.2759,0.045019
2.9134,2.4151,1.7441,3.0028,2.348,1.771,3.0663,2.4636,1.5783,2.9186,2.248,1.5904,2.9182,2.3042,1.7214,3.1583,2.4759,1.4596,2.9768,2.1468,1.5136,2.9975,2.2026,0.081863,3.2182,2.1184,0.21869,3.0725,2.5015,0.071542,3.2724,2.2759,0.045041
2.9087,2.4165,1.7435,2.9983,2.35,1.7706,3.0619,2.4655,1.578,2.9146,2.2495,1.59,2.9141,2.3058,1.7209,3.1538,2.4782,1.4596,2.9736,2.1484,1.5133,2.9801,2.2079,0.08083,3.2065,2.1266,0.21033,3.0725,2.5015,0.071492,3.2724,2.2759,0.045056
2.9041,2.4184,1.743,2.9938,2.3515,1.7702,3.0575,2.4671,1.5776,2.9108,2.251,1.5894,2.9097,2.3074,1.7203,3.1493,2.4804,1.4595,2.9703,2.15,1.5131,2.9621,2.2123,0.079365,3.194,2.1354,0.2016,3.0724,2.5015,0.071473,3.2717,2.276,0.04476
2.8993,2.4196,1.7425,2.9893,2.3534,1.7699,3.0531,2.4684,1.5774,2.9069,2.2522,1.589,2.9055,2.3089,1.7199,3.1446,2.4827,1.4594,2.967,2.1516,1.5128,2.9441,2.2174,0.078368,3.181,2.144,0.19286,3.0724,2.5015,0.071392,3.2717,2.276,0.044772
2.8947,2.4212,1.7419,2.9848,2.3551,1.7695,3.0486,2.47,1.5771,2.903,2.2535,1.5885,2.9013,2.3103,1.7193,3.1403,2.4847,1.4593,2.9637,2.153,1.5124,2.9259,2.2223,0.077398,3.1678,2.1525,0.18388,3.0723,2.5015,0.071366,3.2717,2.2759,0.044819
2.89,2.4222,1.7414,2.9803,2.3565,1.7691,3.044,2.4724,1.5768,2.8991,2.2548,1.588,2.8966,2.3113,1.7189,3.1356,2.4869,1.4592,2.9603,2.1545,1.5121,2.9077,2.2277,0.077157,3.1534,2.161,0.17478,3.0723,2.5015,0.07126,3.2714,2.2761,0.044829
2.8852,2.4235,1.7408,2.9757,2.3578,1.7687,3.0388,2.4777,1.5775,2.8952,2.2561,1.5875,2.8926,2.3126,1.7182,3.1314,2.489,1.4591,2.9569,2.1559,1.5118,2.8897,2.2333,0.077183,3.1394,2.168,0.16575,3.0723,2.5015,0.071201,3.2715,2.2764,0.045114
2.8805,2.4244,1.7403,2.9711,2.3594,1.7682,3.0348,2.4756,1.5762,2.8912,2.2576,1.5867,2.8882,2.3139,1.7176,3.1266,2.4911,1.4589,2.9534,2.1573,1.5114,2.8714,2.2396,0.077596,3.1248,2.1764,0.15774,3.0722,2.5016,0.07114,3.2714,2.2767,0.045194
2.8757,2.4254,1.7396,2.9666,2.3608,1.7678,3.0301,2.4775,1.576,2.8873,2.2586,1.5862,2.8839,2.315,1.7171,3.122,2.4931,1.4587,2.9498,2.1587,1.511,2.8536,2.2467,0.078243,3.1097,2.1817,0.14885,3.0721,2.5016,0.07101,3.2714,2.2769,0.045304
2.8709,2.4264,1.7391,2.9619,2.3623,1.7673,3.0253,2.479,1.5755,2.8834,2.2595,1.5856,2.8795,2.3158,1.7164,3.1175,2.495,1.4585,2.9462,2.16,1.5106,2.836,2.2537,0.07912,3.0939,2.1877,0.1408,3.0723,2.5017,0.07121,3.2713,2.2769,0.045382
2.8661,2.4273,1.7383,2.9573,2.3634,1.7668,3.0202,2.4835,1.5759,2.8793,2.2604,1.585,2.8748,2.317,1.7159,3.1129,2.4967,1.4583,2.9425,2.1613,1.5101,2.8186,2.2615,0.08007,3.0779,2.1929,0.1332,3.0722,2.5017,0.071179,3.2713,2.2769,0.045392
2.8614,2.4279,1.7378,2.9527,2.3648,1.7663,3.0157,2.4821,1.5747,2.8753,2.2616,1.5844,2.8703,2.3181,1.7152,3.1083,2.4986,1.458,2.9386,2.1627,1.5095,2.8016,2.2691,0.081212,3.0612,2.1973,0.12607,3.0722,2.5018,0.071086,3.2713,2.2769,0.045432
2.8563,2.4286,1.7372,2.948,2.366,1.7657,3.0109,2.4837,1.5744,2.8712,2.2628,1.5836,2.866,2.3191,1.7147,3.1038,2.5002,1.4578,2.9347,2.164,1.509,2.7849,2.2769,0.082518,3.0447,2.2023,0.11896,3.072,2.5015,0.070952,3.2713,2.2769,0.045472
2.8516,2.4301,1.7364,2.9433,2.3675,1.7651,3.0061,2.4849,1.5736,2.867,2.2638,1.5829,2.8617,2.32,1.7138,3.0993,2.5018,1.4575,2.9307,2.1652,1.5084,2.7684,2.2847,0.084431,3.0284,2.2067,0.11245,3.0717,2.5015,0.070392,3.2712,2.2768,0.045489
2.8468,2.4311,1.7357,2.9386,2.3686,1.7645,3.0011,2.4864,1.5732,2.8628,2.2646,1.5822,2.8572,2.3211,1.7131,3.0945,2.5032,1.457,2.9268,2.1665,1.5079,2.7522,2.2919,0.086225,3.0123,2.2113,0.10619,3.0719,2.5002,0.069884,3.2712,2.2768,0.045547
2.8416,2.4315,1.7352,2.9338,2.3698,1.7639,2.9963,2.4875,1.5725,2.8586,2.2653,1.5817,2.8523,2.3221,1.7126,3.0899,2.5049,1.4566,2.9226,2.1676,1.5073,2.7362,2.2991,0.088361,2.9959,2.2155,0.10029,3.0719,2.5003,0.069833,3.2712,2.2768,0.045572
2.8369,2.4331,1.7342,2.929,2.3708,1.7632,2.9914,2.4886,1.5719,2.8543,2.2663,1.581,2.8476,2.3224,1.712,3.0852,2.5063,1.4563,2.9184,2.1689,1.5067,2.7206,2.306,0.090748,2.9803,2.2197,0.094781,3.0718,2.5003,0.069773,3.2711,2.2768,0.045634
2.8319,2.4339,1.7335,2.9242,2.3719,1.7626,2.9863,2.4903,1.5715,2.8499,2.2673,1.5803,2.8429,2.3233,1.7113,3.0803,2.5076,1.4557,2.9142,2.1699,1.506,2.7053,2.3122,0.093146,2.9645,2.2237,0.089916,3.0718,2.5003,0.069675,3.271,2.2767,0.045671
2.8269,2.4346,1.7327,2.9192,2.373,1.762,2.9814,2.4912,1.5707,2.8454,2.2683,1.5795,2.8382,2.324,1.7106,3.0755,2.509,1.4553,2.9098,2.171,1.5053,2.6903,2.3182,0.095665,2.9487,2.2283,0.084872,3.0717,2.5003,0.069548,3.271,2.2767,0.045744
2.822,2.4354,1.732,2.9144,2.3739,1.7614,2.9764,2.4923,1.5703,2.841,2.269,1.5789,2.8336,2.3247,1.7099,3.0708,2.5101,1.4548,2.9054,2.1719,1.5047,2.6757,2.3238,0.098246,2.9333,2.233,0.080507,3.0716,2.5003,0.069443,3.271,2.2767,0.045774
2.8169,2.4362,1.7312,2.9094,2.3749,1.7607,2.9715,2.4933,1.5695,2.8363,2.2696,1.5781,2.8287,2.3254,1.7092,3.0659,2.5113,1.4543,2.9011,2.173,1.5039,2.6615,2.3294,0.10103,2.9182,2.2372,0.076377,3.0715,2.5003,0.069369,3.2708,2.2767,0.045876
2.8119,2.4368,1.7304,2.9046,2.3755,1.76,2.9664,2.4942,1.569,2.8318,2.2704,1.5775,2.8238,2.3261,1.7083,3.0609,2.5128,1.4538,2.8965,2.1741,1.5032,2.6479,2.3347,0.10373,2.9035,2.241,0.072599,3.0714,2.5002,0.069255,3.2708,2.2766,0.04596
2.8068,2.4373,1.7296,2.8996,2.3762,1.7592,2.9612,2.4955,1.5683,2.8271,2.2711,1.5766,2.8191,2.3268,1.7076,3.0561,2.5137,1.4533,2.8919,2.1748,1.5026,2.6352,2.3397,0.10658,2.8893,2.2447,0.068873,3.0713,2.5002,0.06913,3.2707,2.2766,0.046057
2.8018,2.438,1.7288,2.8946,2.3769,1.7586,2.9565,2.4959,1.5675,2.8225,2.2717,1.5758,2.8141,2.3273,1.7068,3.0512,2.5144,1.4527,2.8872,2.1757,1.5018,2.6232,2.3448,0.10942,2.8757,2.2481,0.06543,3.0713,2.5001,0.069017,3.2706,2.2765,0.046127
2.7967,2.4387,1.728,2.8896,2.3775,1.7577,2.9513,2.4969,1.5669,2.8178,2.2723,1.5749,2.8092,2.328,1.706,3.0463,2.5155,1.4523,2.8824,2.1763,1.5011,2.6125,2.3498,0.11231,2.8631,2.251,0.06227,3.0715,2.5002,0.069242,3.2705,2.2765,0.046239
2.7915,2.4393,1.7271,2.8846,2.378,1.757,2.9463,2.4976,1.5663,2.813,2.2727,1.5741,2.8042,2.3285,1.7051,3.0415,2.5164,1.4518,2.8777,2.177,1.5003,2.6025,2.3545,0.11501,2.8513,2.2538,0.05937,3.0711,2.5009,0.069493,3.2704,2.2765,0.046384
2.7865,2.4399,1.7263,2.8794,2.3787,1.7562,2.9416,2.4979,1.5656,2.8082,2.273,1.5734,2.7992,2.3289,1.7044,3.0365,2.5167,1.4512,2.8729,2.1776,1.4995,2.5937,2.3592,0.11703,2.8412,2.2569,0.0591,3.071,2.5007,0.069291,3.2703,2.2764,0.046524
2.7813,2.4402,1.7254,2.8743,2.3794,1.7556,2.9365,2.4988,1.5648,2.8034,2.2736,1.5726,2.7942,2.3295,1.7035,3.0317,2.5172,1.4507,2.8679,2.1783,1.4984,2.5857,2.3637,0.11731,2.833,2.26,0.058574,3.0708,2.5007,0.069198,3.2702,2.2764,0.046694
2.7762,2.4408,1.7245,2.8691,2.38,1.7549,2.9316,2.4992,1.5644,2.7985,2.2741,1.5718,2.7891,2.33,1.7026,3.0269,2.5176,1.4503,2.8631,2.1784,1.4979,2.58,2.3671,0.11633,2.8271,2.2627,0.059024,3.0706,2.5007,0.069034,3.2701,2.2764,0.046907
2.7712,2.4409,1.7237,2.8638,2.3803,1.7542,2.927,2.4991,1.5636,2.7937,2.2745,1.571,2.7841,2.3303,1.7019,3.0222,2.518,1.4499,2.8581,2.1787,1.497,2.5758,2.3697,0.11325,2.8234,2.2648,0.059846,3.0703,2.5008,0.068817,3.2699,2.2763,0.047189
2.766,2.4413,1.7228,2.8587,2.3805,1.7536,2.9221,2.4995,1.5631,2.7886,2.2748,1.5703,2.7788,2.3306,1.7012,3.0176,2.5182,1.4495,2.8529,2.1795,1.4957,2.5739,2.3718,0.10829,2.822,2.2653,0.060908,3.0701,2.5009,0.068638,3.2697,2.2762,0.047525
2.7611,2.4416,1.7222,2.8536,2.3809,1.753,2.9173,2.4998,1.5627,2.7836,2.2751,1.5697,2.7737,2.331,1.7006,3.0131,2.5181,1.449,2.8477,2.1798,1.4948,2.5734,2.3739,0.10264,2.821,2.2655,0.061635,3.07,2.501,0.068408,3.2696,2.2761,0.04787
2.756,2.4418,1.7216,2.8484,2.381,1.7525,2.9125,2.4996,1.5621,2.7783,2.2752,1.569,2.7685,2.3313,1.6999,3.0086,2.5179,1.4487,2.8423,2.18,1.4938,2.573,2.376,0.098353,2.8203,2.2655,0.062052,3.0702,2.5013,0.068192,3.2693,2.276,0.048298
2.7508,2.442,1.7212,2.8433,2.3811,1.752,2.9078,2.4994,1.5616,2.7732,2.2756,1.5684,2.7633,2.3316,1.6994,3.0039,2.5178,1.4483,2.8371,2.1803,1.4927,2.5725,2.3777,0.096623,2.8197,2.2657,0.062565,3.07,2.5014,0.06798,3.269,2.2759,0.048772
2.7458,2.4421,1.7209,2.8379,2.3811,1.7517,2.9028,2.4993,1.5614,2.7676,2.2758,1.5681,2.7579,2.3318,1.6991,2.9992,2.5184,1.4482,2.8315,2.1804,1.4917,2.572,2.3785,0.095266,2.8192,2.266,0.063067,3.0699,2.5015,0.067787,3.2686,2.2758,0.049363
2.7404,2.4425,1.7208,2.8325,2.381,1.7515,2.8976,2.4994,1.5613,2.762,2.2762,1.5677,2.7524,2.332,1.6987,2.9945,2.5179,1.4478,2.8259,2.1806,1.4908,2.5711,2.3787,0.093104,2.8187,2.2662,0.063587,3.0697,2.5016,0.067542,3.2683,2.2756,0.050025
2.7353,2.4427,1.7205,2.8271,2.3809,1.7512,2.8923,2.4996,1.5613,2.7561,2.2766,1.5674,2.7469,2.332,1.6985,2.9897,2.5177,1.4477,2.8203,2.1808,1.4898,2.5702,2.3788,0.090787,2.8183,2.2662,0.064049,3.0698,2.5015,0.067345,3.2679,2.2755,0.050662
2.7299,2.4429,1.7204,2.8217,2.3806,1.7509,2.887,2.4993,1.5609,2.7503,2.2769,1.5671,2.7412,2.3323,1.6982,2.9847,2.5178,1.4477,2.8146,2.1811,1.489,2.5695,2.3793,0.088813,2.8178,2.2661,0.064478,3.0694,2.5017,0.067254,3.2676,2.2752,0.05137
2.7247,2.4431,1.7203,2.8163,2.3804,1.7505,2.8815,2.4995,1.5607,2.7443,2.2765,1.5664,2.7356,2.3324,1.6978,2.9795,2.5176,1.4477,2.8089,2.1814,1.4882,2.5688,2.3797,0.08731,2.8174,2.2661,0.064762,3.069,2.5019,0.067167,3.2672,2.2751,0.052266
2.7192,2.4435,1.7202,2.8108,2.3804,1.7502,2.8761,2.4994,1.5604,2.7382,2.2769,1.5659,2.7298,2.3326,1.6975,2.9741,2.5175,1.4477,2.803,2.1816,1.4874,2.5684,2.3805,0.085775,2.8171,2.2661,0.065007,3.0686,2.502,0.066935,3.2668,2.2752,0.053285
2.7137,2.4435,1.7201,2.8051,2.3804,1.7499,2.8706,2.4998,1.5604,2.7322,2.277,1.5657,2.724,2.3328,1.6973,2.9685,2.5182,1.448,2.7972,2.1819,1.4869,2.5683,2.3812,0.084636,2.8169,2.266,0.065182,3.0682,2.502,0.066737,3.2663,2.2751,0.054398
2.708,2.4437,1.7199,2.7992,2.3805,1.7498,2.8652,2.4995,1.5603,2.7261,2.2772,1.5656,2.7181,2.3331,1.6971,2.9629,2.5181,1.4483,2.7916,2.182,1.4862,2.5683,2.3818,0.083722,2.8167,2.266,0.065264,3.0678,2.5021,0.066506,3.2657,2.2749,0.055856
2.7022,2.4439,1.7198,2.7931,2.3807,1.7499,2.8597,2.4997,1.5604,2.7202,2.2775,1.5655,2.7119,2.3336,1.697,2.9572,2.5183,1.4486,2.7857,2.1822,1.4858,2.5682,2.3822,0.082838,2.8165,2.2659,0.065346,3.0674,2.5022,0.066275,3.2647,2.2745,0.057681
2.6961,2.4446,1.7197,2.7868,2.3808,1.7501,2.8544,2.4994,1.5606,2.7142,2.2779,1.5655,2.7058,2.3339,1.6971,2.9513,2.5185,1.4492,2.7801,2.1824,1.4854,2.5682,2.3827,0.082064,2.8164,2.2659,0.065394,3.067,2.5023,0.066062,3.2637,2.2742,0.059791
2.6902,2.4455,1.7198,2.7807,2.3812,1.7504,2.8489,2.4998,1.5611,2.7082,2.2784,1.5659,2.6996,2.3343,1.6973,2.9456,2.5188,1.4497,2.7742,2.1827,1.4852,2.5683,2.3831,0.081574,2.8163,2.2659,0.06543,3.0664,2.5025,0.0658,3.2624,2.2737,0.062433
2.6843,2.4462,1.7199,2.7747,2.3819,1.7508,2.8438,2.4994,1.5613,2.7023,2.2789,1.5662,2.6935,2.3351,1.6976,2.94,2.5188,1.4505,2.7686,2.1828,1.485,2.5683,2.3835,0.081196,2.8162,2.2658,0.065436,3.0659,2.5028,0.065429,3.2608,2.2733,0.065067
2.6785,2.4464,1.7204,2.7687,2.3824,1.7513,2.8382,2.4997,1.562,2.6963,2.2795,1.5665,2.6875,2.336,1.6979,2.9341,2.5192,1.4513,2.7628,2.1829,1.4849,2.5684,2.3838,0.080797,2.8162,2.2658,0.065439,3.0652,2.5032,0.064922,3.2587,2.2725,0.068377
2.673,2.4472,1.7209,2.7627,2.3829,1.7518,2.833,2.4996,1.5623,2.6902,2.28,1.5672,2.6819,2.3369,1.6982,2.9283,2.519,1.4522,2.7569,2.1831,1.4851,2.5684,2.384,0.080463,2.8162,2.2658,0.065434,3.0646,2.5036,0.064457,3.2564,2.2718,0.072045
2.6675,2.4477,1.7213,2.7571,2.3834,1.7524,2.8274,2.5001,1.5631,2.6842,2.2805,1.5677,2.6759,2.3377,1.6989,2.9226,2.5193,1.4531,2.751,2.1833,1.4852,2.5683,2.3842,0.08021,2.8162,2.2659,0.065411,3.064,2.504,0.063957,3.2536,2.2706,0.075691
2.6621,2.4487,1.7219,2.7514,2.3838,1.753,2.8223,2.5,1.5634,2.6781,2.2809,1.5686,2.67,2.3383,1.6995,2.9166,2.5227,1.4556,2.7449,2.1836,1.4854,2.5682,2.3842,0.079966,2.8162,2.2659,0.065422,3.0635,2.5043,0.063457,3.2507,2.2697,0.079555
2.6567,2.4495,1.7223,2.7458,2.3841,1.7535,2.8169,2.5003,1.564,2.672,2.2817,1.5692,2.664,2.3385,1.7004,2.9112,2.5226,1.4566,2.7389,2.184,1.4856,2.5681,2.3844,0.079746,2.8162,2.2659,0.065428,3.0627,2.5048,0.063068,3.2471,2.2682,0.083403
2.6513,2.4496,1.7231,2.7403,2.3845,1.7541,2.8119,2.5003,1.5644,2.6661,2.283,1.5702,2.6586,2.3396,1.7008,2.9054,2.5228,1.4579,2.7331,2.1844,1.486,2.568,2.3845,0.079534,2.8162,2.2659,0.065431,3.0622,2.505,0.062833,3.2432,2.2668,0.087251
2.6461,2.4511,1.7238,2.7349,2.3849,1.7547,2.8069,2.5005,1.565,2.6603,2.2835,1.5708,2.6528,2.3403,1.7016,2.9,2.5229,1.459,2.7273,2.1849,1.4864,2.5679,2.3846,0.079298,2.8162,2.2659,0.065452,3.0617,2.5055,0.062464,3.2386,2.2646,0.091031
2.6408,2.4513,1.7242,2.7294,2.3855,1.7554,2.8019,2.5008,1.5658,2.6546,2.2842,1.5716,2.6475,2.3409,1.702,2.8946,2.5229,1.4602,2.7216,2.1855,1.4869,2.5677,2.3848,0.079034,2.8161,2.2659,0.065482,3.0611,2.5061,0.06215,3.2335,2.2623,0.094472
2.6358,2.4527,1.7249,2.724,2.386,1.756,2.7973,2.5006,1.5665,2.6491,2.2849,1.5722,2.6419,2.3419,1.7027,2.8895,2.5235,1.4615,2.7162,2.186,1.4875,2.5676,2.3849,0.078781,2.8161,2.266,0.06553,3.0607,2.5067,0.061912,3.2281,2.2599,0.097612
2.6307,2.4536,1.7253,2.7186,2.3866,1.7568,2.7926,2.5008,1.5673,2.6437,2.2854,1.5729,2.6366,2.3425,1.7032,2.8844,2.5236,1.4626,2.7109,2.1865,1.4881,2.5675,2.385,0.07854,2.8161,2.266,0.065589,3.0603,2.5072,0.061704,3.222,2.2571,0.10042
2.6256,2.4542,1.7258,2.7131,2.3871,1.7576,2.7881,2.501,1.5682,2.6385,2.286,1.5735,2.6312,2.3433,1.7039,2.8796,2.5237,1.4637,2.7058,2.1869,1.4888,2.5673,2.3851,0.078305,2.816,2.2662,0.065546,3.0596,2.5073,0.061352,3.2153,2.254,0.10285
2.6209,2.4551,1.7264,2.7079,2.3875,1.7585,2.784,2.5009,1.5689,2.6337,2.2866,1.5744,2.6259,2.344,1.7046,2.8749,2.5235,1.4648,2.701,2.1874,1.4896,2.5672,2.3852,0.078069,2.8161,2.2661,0.065817,3.0588,2.508,0.061503,3.2083,2.2511,0.10475
2.6162,2.4559,1.7269,2.7029,2.3881,1.7594,2.7798,2.501,1.5699,2.6288,2.2869,1.5752,2.6211,2.3447,1.7052,2.8706,2.524,1.466,2.6964,2.1878,1.4905,2.5671,2.3853,0.07782,2.8161,2.2661,0.065874,3.0576,2.5087,0.061632,3.201,2.2482,0.10596
2.6114,2.4562,1.7278,2.6981,2.3887,1.7603,2.7756,2.5016,1.5711,2.6243,2.2876,1.576,2.6163,2.3455,1.7061,2.8663,2.5239,1.467,2.692,2.1881,1.4915,2.567,2.3854,0.077603,2.8161,2.266,0.065915,3.0554,2.5097,0.062168,3.1936,2.2464,0.10659
2.607,2.4566,1.7284,2.6936,2.3892,1.7613,2.7717,2.5018,1.5721,2.6198,2.2882,1.5767,2.6119,2.3459,1.7068,2.8622,2.524,1.4679,2.6877,2.1885,1.4924,2.5668,2.3854,0.077383,2.8159,2.2661,0.06583,3.0522,2.5103,0.06297,3.1857,2.2445,0.10694
2.6031,2.4575,1.7292,2.6893,2.3898,1.7623,2.7678,2.502,1.5731,2.6156,2.2888,1.5777,2.6077,2.3468,1.7078,2.8583,2.5243,1.469,2.6836,2.1887,1.4936,2.5667,2.3855,0.077166,2.8159,2.2661,0.06588,3.0471,2.5109,0.063314,3.1779,2.2436,0.10676
2.5992,2.4583,1.7301,2.6853,2.3902,1.7633,2.7641,2.5021,1.5742,2.6115,2.2893,1.5788,2.6034,2.3474,1.7088,2.8545,2.5246,1.4699,2.6796,2.1888,1.4945,2.5665,2.3855,0.076953,2.8157,2.2663,0.065937,3.0405,2.5117,0.063703,3.1699,2.2432,0.10597
2.5955,2.459,1.731,2.6815,2.3905,1.7643,2.7605,2.5023,1.5751,2.6075,2.2895,1.58,2.5994,2.3479,1.7099,2.8508,2.5246,1.4709,2.6758,2.1891,1.4956,2.5664,2.3856,0.076752,2.8158,2.2664,0.066039,3.0329,2.5125,0.063977,3.1616,2.2435,0.10497
2.5919,2.459,1.7323,2.678,2.3911,1.7654,2.7571,2.5024,1.576,2.6038,2.2901,1.5812,2.5961,2.3482,1.7109,2.8473,2.5245,1.4717,2.672,2.1894,1.4966,2.5662,2.3856,0.076542,2.8157,2.2659,0.065882,3.0244,2.5136,0.063986,3.153,2.2443,0.10389
2.5889,2.4599,1.7332,2.6746,2.3915,1.7664,2.7537,2.5026,1.577,2.6001,2.2907,1.5822,2.5926,2.3488,1.7121,2.8438,2.5248,1.4727,2.6682,2.1899,1.4975,2.5661,2.3856,0.076317,2.8157,2.2665,0.065875,3.0145,2.5144,0.06363,3.1444,2.2459,0.10227
2.5858,2.4606,1.7343,2.6715,2.3916,1.7674,2.7505,2.503,1.578,2.5964,2.291,1.5835,2.5891,2.3494,1.7132,2.8405,2.5251,1.4737,2.6645,2.1904,1.4985,2.566,2.3856,0.076154,2.8156,2.266,0.066013,3.0044,2.5162,0.063713,3.1359,2.2483,0.10025
2.583,2.4613,1.7354,2.6685,2.3921,1.7685,2.7474,2.5032,1.5788,2.5929,2.2913,1.5845,2.586,2.3498,1.7143,2.8374,2.5253,1.4746,2.6609,2.1908,1.4995,2.5658,2.3855,0.075928,2.8156,2.2661,0.066286,2.9939,2.5173,0.063349,3.1274,2.2509,0.098051
2.5798,2.4613,1.7366,2.6655,2.3923,1.7694,2.7445,2.5034,1.5797,2.5895,2.2921,1.5857,2.5829,2.3504,1.7154,2.8343,2.5251,1.4755,2.6571,2.1912,1.5005,2.5657,2.3855,0.075706,2.8155,2.2661,0.06635,2.9821,2.519,0.063017,3.1184,2.2542,0.095829
2.5773,2.4621,1.7377,2.6627,2.393,1.7704,2.7416,2.5036,1.5805,2.5864,2.2926,1.5866,2.58,2.3509,1.7165,2.8315,2.5253,1.4764,2.6536,2.1919,1.5014,2.5654,2.3857,0.075446,2.8155,2.2661,0.066409,2.9705,2.5218,0.063338,3.1091,2.2577,0.093406
2.5747,2.4628,1.7387,2.6599,2.3932,1.7713,2.7389,2.5038,1.5813,2.5831,2.2932,1.5877,2.577,2.3515,1.7175,2.8288,2.525,1.4773,2.6499,2.1925,1.5022,2.5655,2.3857,0.075413,2.8154,2.2661,0.066487,2.9586,2.5245,0.063437,3.0998,2.2619,0.090737
2.5722,2.4634,1.7397,2.6573,2.3937,1.7722,2.7362,2.5041,1.5822,2.5799,2.2937,1.5887,2.5743,2.352,1.7184,2.8262,2.5251,1.4781,2.6463,2.1931,1.5029,2.5652,2.3854,0.075011,2.8154,2.2661,0.066554,2.9462,2.5278,0.06391,3.0904,2.2666,0.087881
2.5696,2.4638,1.7408,2.6546,2.3939,1.7731,2.7338,2.5042,1.583,2.577,2.2942,1.5895,2.5715,2.3525,1.7194,2.8239,2.5249,1.479,2.6427,2.194,1.5036,2.5651,2.3854,0.074815,2.8153,2.2662,0.066616,2.9338,2.5312,0.064136,3.0804,2.2713,0.08531
2.5672,2.4645,1.7416,2.6521,2.3944,1.7739,2.7314,2.5045,1.5838,2.574,2.2952,1.5904,2.5688,2.3534,1.7203,2.8217,2.5251,1.4799,2.6392,2.1949,1.5043,2.5649,2.3853,0.07466,2.8152,2.2662,0.066686,2.9211,2.5354,0.065079,3.0704,2.2765,0.082354
2.5649,2.4653,1.7425,2.6496,2.3947,1.7746,2.7291,2.5049,1.5848,2.5712,2.2957,1.5912,2.5662,2.3538,1.721,2.8198,2.5246,1.4806,2.6357,2.1955,1.5048,2.5649,2.3853,0.074532,2.8151,2.2664,0.06666,2.9086,2.5392,0.06538,3.0605,2.2821,0.079563
2.5628,2.4661,1.7431,2.6472,2.3954,1.7755,2.727,2.5051,1.5855,2.5684,2.2967,1.5919,2.5635,2.3549,1.7218,2.8179,2.5245,1.4814,2.6323,2.1964,1.5054,2.5648,2.3853,0.074403,2.8149,2.2663,0.06683,2.8961,2.5439,0.066251,3.0502,2.2876,0.076825
2.5607,2.4669,1.7439,2.6448,2.3958,1.7762,2.7255,2.5038,1.5859,2.5656,2.2974,1.5926,2.5611,2.3556,1.7225,2.8162,2.5241,1.4821,2.6289,2.1975,1.5059,2.5647,2.3852,0.074292,2.8146,2.2666,0.066797,2.8837,2.5486,0.066982,3.0398,2.2931,0.074404
2.5587,2.468,1.7446,2.6425,2.3961,1.7768,2.7232,2.5058,1.587,2.5631,2.298,1.5932,2.5587,2.3563,1.7231,2.8147,2.5239,1.4827,2.6255,2.1982,1.5063,2.5646,2.3851,0.074171,2.8145,2.2666,0.066874,2.8717,2.5529,0.067626,3.0292,2.2985,0.072499
2.5564,2.4681,1.7454,2.6402,2.3967,1.7775,2.7215,2.506,1.5876,2.5605,2.2992,1.5937,2.5562,2.3573,1.7237,2.8134,2.5237,1.4834,2.6223,2.1993,1.5068,2.5646,2.3851,0.074066,2.8145,2.2666,0.066926,2.8599,2.558,0.068525,3.0189,2.3044,0.070159
2.5548,2.4693,1.7458,2.6381,2.397,1.7781,2.7196,2.5064,1.5883,2.558,2.2998,1.5944,2.5539,2.3578,1.7244,2.812,2.5233,1.484,2.619,2.2001,1.5072,2.5645,2.3851,0.073949,2.8143,2.267,0.066722,2.8486,2.5638,0.06994,3.0086,2.3103,0.068236
2.5529,2.4699,1.7465,2.636,2.3977,1.7786,2.7183,2.5064,1.5889,2.5556,2.301,1.5946,2.5518,2.3588,1.7249,2.8108,2.523,1.4845,2.6159,2.2011,1.5075,2.5643,2.3852,0.073855,2.8146,2.2664,0.067193,2.8373,2.57,0.071796,2.9981,2.3161,0.066545
2.5513,2.4712,1.747,2.6341,2.3981,1.7791,2.7167,2.5069,1.5896,2.5533,2.3019,1.595,2.5496,2.3596,1.7253,2.8097,2.5229,1.485,2.6128,2.2019,1.5079,2.5646,2.3848,0.073782,2.8145,2.2665,0.06724,2.8258,2.5758,0.073254,2.9873,2.3217,0.06524
2.5498,2.472,1.7474,2.6321,2.3986,1.7796,2.7153,2.5071,1.5902,2.551,2.3028,1.5955,2.5476,2.3604,1.7257,2.8083,2.5241,1.4857,2.6097,2.2029,1.5082,2.5643,2.385,0.073629,2.8145,2.2665,0.067299,2.8144,2.5809,0.07404,2.9771,2.3277,0.063764
2.5483,2.4731,1.7479,2.6303,2.3992,1.78,2.714,2.5075,1.5907,2.5488,2.304,1.5959,2.5455,2.3616,1.7262,2.8073,2.5238,1.4861,2.6068,2.2039,1.5084,2.5642,2.3852,0.073655,2.8145,2.2665,0.067354,2.8037,2.5864,0.075155,2.9666,2.3334,0.062483
2.5471,2.4739,1.7483,2.6285,2.3998,1.7804,2.7128,2.5079,1.5912,2.5466,2.3048,1.5963,2.5436,2.3626,1.7265,2.8064,2.5234,1.4864,2.6038,2.2048,1.5086,2.5641,2.3848,0.07328,2.8144,2.2665,0.067442,2.7931,2.5919,0.076324,2.956,2.3392,0.061451
2.5454,2.4751,1.7487,2.6267,2.4003,1.7808,2.7116,2.508,1.5916,2.5444,2.3059,1.5965,2.5417,2.3636,1.7269,2.8055,2.5231,1.4866,2.601,2.2058,1.5088,2.5639,2.3854,0.073216,2.8143,2.2666,0.067499,2.7824,2.5976,0.077557,2.9456,2.3451,0.060516
2.5441,2.4761,1.7491,2.6251,2.4012,1.7812,2.7105,2.5083,1.592,2.5425,2.3069,1.5969,2.54,2.3645,1.7271,2.8046,2.523,1.4868,2.5983,2.2068,1.5091,2.5641,2.3848,0.07314,2.8139,2.2663,0.067718,2.7725,2.6033,0.078932,2.9351,2.3507,0.059649
2.5429,2.4773,1.7494,2.6236,2.402,1.7815,2.7094,2.5089,1.5924,2.5405,2.308,1.5972,2.5383,2.366,1.7275,2.8039,2.5229,1.487,2.5959,2.2077,1.5093,2.5639,2.385,0.073071,2.8139,2.2664,0.067789,2.7628,2.6092,0.080419,2.9245,2.3563,0.059171
2.5416,2.4782,1.7497,2.622,2.4028,1.7818,2.7084,2.5092,1.5927,2.5387,2.3092,1.5976,2.5365,2.3669,1.7278,2.8031,2.5226,1.4871,2.5933,2.2086,1.5095,2.5638,2.385,0.072945,2.8139,2.2664,0.067897,2.7533,2.6153,0.081932,2.9134,2.3616,0.058766
2.5406,2.4794,1.7499,2.6205,2.4034,1.7821,2.7074,2.5097,1.593,2.5368,2.3102,1.5979,2.5349,2.3683,1.7281,2.8024,2.5224,1.4872,2.5909,2.2096,1.5098,2.5637,2.385,0.072831,2.8139,2.2664,0.06799,2.744,2.6217,0.083473,2.903,2.3673,0.058174
2.5395,2.4803,1.7501,2.619,2.4042,1.7824,2.7064,2.5101,1.5932,2.5351,2.3114,1.5981,2.5333,2.3692,1.7283,2.8016,2.5222,1.4873,2.5887,2.2107,1.51,2.5636,2.385,0.072738,2.8147,2.2662,0.068002,2.7348,2.6279,0.08514,2.8928,2.3731,0.057591
2.5384,2.4818,1.7504,2.6178,2.4053,1.7827,2.7056,2.5106,1.5934,2.5322,2.3112,1.5989,2.5319,2.3705,1.7286,2.8009,2.5219,1.4873,2.5864,2.2116,1.5102,2.5636,2.385,0.072646,2.8147,2.2663,0.068038,2.7261,2.6341,0.08676,2.883,2.378,0.05749
2.5375,2.4827,1.7506,2.6165,2.406,1.7829,2.7052,2.5093,1.5932,2.5305,2.3129,1.5993,2.5306,2.3716,1.7288,2.8003,2.5222,1.4873,2.5842,2.2125,1.5103,2.5635,2.385,0.072577,2.8147,2.2663,0.068077,2.7175,2.6406,0.088297,2.8726,2.3838,0.056113
2.5366,2.4837,1.7509,2.6153,2.4072,1.7832,2.7039,2.5114,1.5937,2.5289,2.3135,1.5995,2.5292,2.3729,1.7291,2.7997,2.5222,1.4873,2.5822,2.2135,1.5105,2.5635,2.385,0.072504,2.8147,2.2663,0.068111,2.7088,2.6472,0.090296,2.8632,2.3887,0.056455
2.5357,2.485,1.751,2.6142,2.4081,1.7834,2.7032,2.5167,1.5954,2.5277,2.3154,1.5996,2.5281,2.3742,1.7294,2.7992,2.522,1.4872,2.58,2.2145,1.5106,2.5634,2.3851,0.072408,2.815,2.2667,0.067934,2.7005,2.6539,0.091962,2.8529,2.3952,0.055084
2.5349,2.4861,1.7512,2.6132,2.4087,1.7836,2.7023,2.5126,1.5941,2.5259,2.3159,1.6,2.5268,2.3753,1.7296,2.7986,2.522,1.4871,2.5779,2.2156,1.5107,2.5633,2.3851,0.072287,2.8144,2.2667,0.068056,2.6922,2.6603,0.093538,2.8431,2.401,0.054664
2.5341,2.4877,1.7514,2.6121,2.4099,1.7838,2.7019,2.5124,1.5941,2.5246,2.3176,1.6001,2.5254,2.3767,1.7297,2.798,2.5219,1.487,2.5757,2.2167,1.5108,2.5632,2.3851,0.07216,2.8144,2.2668,0.068123,2.684,2.6669,0.095302,2.8334,2.407,0.054
2.5335,2.4888,1.7517,2.6112,2.4107,1.7839,2.7009,2.5185,1.5956,2.5231,2.3184,1.6005,2.5245,2.3777,1.73,2.7973,2.5218,1.4868,2.5737,2.2176,1.5108,2.5632,2.3852,0.072018,2.8144,2.2668,0.068192,2.6759,2.6734,0.09704,2.8244,2.4119,0.054003
2.5329,2.4895,1.752,2.6104,2.4114,1.784,2.7001,2.5192,1.5956,2.5217,2.3198,1.6008,2.5233,2.3792,1.7301,2.7966,2.522,1.4866,2.5716,2.2188,1.5107,2.563,2.3852,0.071894,2.8144,2.2668,0.06827,2.668,2.6799,0.098711,2.8156,2.4182,0.053726
2.5318,2.4912,1.7523,2.6096,2.4125,1.7842,2.6993,2.5197,1.5956,2.5204,2.3209,1.601,2.5224,2.3803,1.7304,2.7961,2.5222,1.4864,2.5695,2.22,1.5107,2.5629,2.3854,0.071718,2.8143,2.2669,0.068337,2.6597,2.6863,0.10047,2.8064,2.4243,0.053088
2.5317,2.4922,1.7525,2.6088,2.4135,1.7842,2.6991,2.5163,1.5946,2.5189,2.3221,1.6012,2.5214,2.3817,1.7307,2.7955,2.5226,1.4862,2.5674,2.2214,1.5106,2.5626,2.3854,0.071721,2.8143,2.2669,0.068382,2.6517,2.6926,0.10218,2.7974,2.4304,0.052446
2.5313,2.4933,1.7528,2.6081,2.4143,1.7843,2.698,2.5208,1.5954,2.5176,2.3236,1.6014,2.5204,2.3829,1.7309,2.7949,2.5226,1.4858,2.5654,2.2226,1.5106,2.5624,2.3857,0.071645,2.8143,2.267,0.068458,2.6437,2.6985,0.10384,2.7886,2.4368,0.051397
2.5308,2.4948,1.753,2.6073,2.4154,1.7844,2.6972,2.5216,1.5954,2.5173,2.326,1.6012,2.5195,2.3843,1.7311,2.7942,2.5227,1.4853,2.5633,2.2239,1.5105,2.5623,2.3857,0.07156,2.8143,2.267,0.068502,2.6356,2.7043,0.10553,2.781,2.4413,0.051857
2.5305,2.4957,1.7532,2.6067,2.4165,1.7844,2.6969,2.5175,1.5941,2.5148,2.3265,1.6017,2.5187,2.3856,1.7313,2.7934,2.5231,1.4849,2.5614,2.2251,1.5103,2.5623,2.3857,0.071492,2.8143,2.267,0.068546,2.6279,2.7104,0.10734,2.7713,2.4499,0.048592
2.53,2.497,1.7534,2.606,2.4175,1.7844,2.6963,2.5183,1.5941,2.5133,2.3283,1.6019,2.5178,2.3869,1.7314,2.7926,2.5235,1.4845,2.5594,2.2262,1.5102,2.5622,2.3858,0.07141,2.8143,2.2671,0.068577,2.6202,2.716,0.10895,2.762,2.4588,0.047472
2.5291,2.499,1.7536,2.6053,2.4185,1.7845,2.6952,2.5231,1.5952,2.5119,2.3292,1.602,2.517,2.3883,1.7318,2.7919,2.5238,1.484,2.5575,2.2277,1.5099,2.5621,2.3858,0.071348,2.8143,2.2671,0.068617,2.6125,2.7217,0.1108,2.7546,2.4638,0.046845
2.5286,2.5003,1.7538,2.6046,2.4196,1.7845,2.6945,2.524,1.595,2.5105,2.3312,1.602,2.5161,2.3897,1.7319,2.7911,2.5242,1.4835,2.5555,2.229,1.5097,2.5619,2.3859,0.071196,2.8148,2.2675,0.068544,2.6051,2.727,0.11262,2.7463,2.4707,0.045732
2.5282,2.5018,1.754,2.604,2.4207,1.7844,2.6937,2.5247,1.5949,2.509,2.3323,1.6022,2.5152,2.3913,1.7321,2.7902,2.5248,1.483,2.5535,2.2306,1.5095,2.5622,2.3857,0.071322,2.8145,2.2673,0.06862,2.5976,2.7319,0.11408,2.7391,2.4756,0.04533
2.5278,2.5033,1.7542,2.6033,2.422,1.7844,2.6929,2.5257,1.5947,2.5076,2.3343,1.6023,2.5143,2.3928,1.7322,2.7892,2.5255,1.4825,2.5515,2.232,1.5094,2.5622,2.3857,0.071258,2.8145,2.2673,0.068669,2.5901,2.7368,0.11564,2.7323,2.4813,0.044498
2.5273,2.5049,1.7543,2.6025,2.4232,1.7843,2.6922,2.5271,1.5944,2.5062,2.3356,1.6024,2.5133,2.3944,1.7323,2.7883,2.5263,1.482,2.5494,2.2336,1.5092,2.5621,2.3858,0.071202,2.8145,2.2673,0.068709,2.583,2.741,0.11686,2.7253,2.4867,0.043354
2.5267,2.5066,1.7545,2.6019,2.4242,1.7841,2.6915,2.5286,1.5942,2.5046,2.3372,1.6025,2.5124,2.396,1.7323,2.7872,2.5271,1.4815,2.5475,2.2352,1.5089,2.5621,2.3858,0.071143,2.8145,2.2674,0.068782,2.5755,2.7447,0.11814,2.7193,2.4915,0.042885
2.5262,2.5078,1.7546,2.601,2.4258,1.7839,2.6904,2.53,1.5939,2.5032,2.339,1.6025,2.5114,2.3978,1.7324,2.7864,2.5264,1.4807,2.5454,2.2368,1.5086,2.5621,2.3858,0.071082,2.8144,2.2674,0.06886,2.5684,2.7483,0.11909,2.7133,2.4965,0.042376
2.5256,2.5096,1.7546,2.6003,2.4272,1.7837,2.6895,2.5314,1.5936,2.5017,2.341,1.6024,2.5104,2.3993,1.7324,2.7853,2.5274,1.4802,2.5433,2.2385,1.5083,2.562,2.3859,0.071011,2.8144,2.2674,0.068947,2.5614,2.7514,0.11976,2.7084,2.501,0.041744
2.5249,2.5114,1.7547,2.5995,2.4284,1.7835,2.6885,2.5321,1.5932,2.5001,2.343,1.6023,2.5093,2.4013,1.7324,2.7842,2.5286,1.4796,2.5413,2.2402,1.5081,2.562,2.3859,0.070932,2.8144,2.2674,0.069039,2.5545,2.7538,0.12047,2.7036,2.5055,0.041275
2.5244,2.5133,1.7547,2.5985,2.4302,1.7832,2.6874,2.5335,1.5928,2.4992,2.3455,1.6022,2.5082,2.403,1.7323,2.7829,2.5296,1.479,2.5392,2.2421,1.5077,2.5619,2.3859,0.070852,2.8143,2.2674,0.069164,2.5479,2.7562,0.12066,2.6993,2.5098,0.040744
2.5234,2.515,1.7546,2.5976,2.4317,1.7829,2.6862,2.5352,1.5924,2.4971,2.3469,1.6021,2.507,2.4051,1.7322,2.7818,2.5308,1.4784,2.5373,2.244,1.5073,2.5619,2.3859,0.070767,2.8143,2.2675,0.06927,2.5414,2.7578,0.12079,2.6953,2.5136,0.040262
2.5227,2.5173,1.7544,2.5965,2.4335,1.7826,2.6851,2.5366,1.5919,2.4954,2.3493,1.6019,2.5059,2.407,1.7319,2.7804,2.5323,1.4778,2.5352,2.246,1.5071,2.5618,2.386,0.070687,2.8142,2.2675,0.069392,2.5357,2.7594,0.12067,2.6916,2.5169,0.039818
2.5218,2.5194,1.7542,2.5955,2.4351,1.7822,2.6839,2.5383,1.5916,2.4938,2.3514,1.6016,2.5047,2.4092,1.7317,2.7791,2.5337,1.477,2.5331,2.2481,1.5068,2.5618,2.386,0.070605,2.8142,2.2676,0.069488,2.5301,2.7609,0.12044,2.6867,2.5176,0.039846
2.5207,2.5214,1.754,2.5943,2.4371,1.7819,2.6826,2.5399,1.5911,2.4923,2.3534,1.6014,2.5034,2.411,1.7314,2.7779,2.5351,1.4763,2.5312,2.2502,1.5065,2.5617,2.386,0.070534,2.8141,2.2676,0.069605,2.525,2.7618,0.11994,2.6824,2.5192,0.039593
2.52,2.5233,1.7536,2.5931,2.4391,1.7814,2.6812,2.5417,1.5906,2.4907,2.3559,1.6011,2.5021,2.4134,1.7312,2.7766,2.5369,1.4757,2.5291,2.2525,1.5061,2.5617,2.386,0.070463,2.8141,2.2676,0.069681,2.5202,2.7631,0.11929,2.6785,2.5205,0.039272
2.5188,2.5258,1.7533,2.5919,2.4412,1.781,2.6799,2.5439,1.5902,2.4892,2.3581,1.6007,2.5008,2.4156,1.7308,2.7755,2.5382,1.4748,2.5271,2.2549,1.5057,2.5616,2.386,0.070418,2.814,2.2676,0.069741,2.5162,2.764,0.1185,2.6751,2.5223,0.038265
2.5176,2.5278,1.7529,2.5906,2.4433,1.7805,2.6787,2.5457,1.5896,2.4876,2.3605,1.6003,2.4995,2.4179,1.7304,2.7744,2.5399,1.4742,2.5253,2.257,1.5053,2.5616,2.386,0.070392,2.814,2.2676,0.069813,2.5126,2.7651,0.11738,2.6715,2.5234,0.03715
2.5164,2.5304,1.7526,2.5894,2.4457,1.7801,2.6774,2.548,1.589,2.486,2.363,1.6,2.4981,2.4202,1.7301,2.7734,2.5414,1.4734,2.5232,2.2595,1.5049,2.5615,2.386,0.070381,2.814,2.2676,0.069885,2.5092,2.7662,0.1157,2.6679,2.5231,0.03785
2.5154,2.5328,1.7523,2.5877,2.4476,1.7796,2.6761,2.5502,1.5884,2.4845,2.3654,1.5996,2.4968,2.4229,1.7297,2.7723,2.5432,1.4728,2.5213,2.262,1.5045,2.5613,2.3858,0.070268,2.814,2.2677,0.069977,2.5056,2.7662,0.11284,2.6668,2.524,0.038138
2.514,2.5353,1.7517,2.5865,2.45,1.7791,2.6747,2.5526,1.5879,2.4829,2.3682,1.5992,2.4953,2.4253,1.7293,2.7713,2.5448,1.472,2.5193,2.2644,1.5043,2.5611,2.3858,0.07028,2.8139,2.2677,0.070081,2.5019,2.7657,0.10997,2.6661,2.5243,0.039078
2.5128,2.538,1.7513,2.5851,2.4525,1.7787,2.6734,2.5551,1.5873,2.4814,2.3704,1.599,2.4939,2.428,1.7289,2.7704,2.5465,1.4714,2.5173,2.2667,1.5041,2.5614,2.3859,0.070226,2.8139,2.2677,0.070216,2.4987,2.7648,0.10749,2.6665,2.5252,0.039689
2.5114,2.5407,1.7507,2.5837,2.4554,1.7783,2.6721,2.5573,1.5867,2.4799,2.3732,1.5986,2.4925,2.4309,1.7286,2.7694,2.5481,1.4705,2.5155,2.2693,1.5038,2.5616,2.3858,0.07017,2.8138,2.2677,0.070419,2.4963,2.7641,0.10552,2.6674,2.5265,0.039832
2.5101,2.5434,1.7503,2.5824,2.458,1.7779,2.6707,2.5599,1.5862,2.4784,2.3761,1.5982,2.4912,2.4336,1.7282,2.7683,2.5501,1.4698,2.5136,2.2719,1.5036,2.5616,2.3857,0.070117,2.8137,2.2677,0.070662,2.4944,2.764,0.1037,2.6677,2.5272,0.040162
2.509,2.5461,1.7499,2.5815,2.4614,1.7775,2.6695,2.5624,1.5856,2.4769,2.3785,1.5981,2.4897,2.4365,1.728,2.7672,2.5521,1.4691,2.5118,2.2745,1.5033,2.5619,2.3855,0.069888,2.8136,2.2677,0.07095,2.4929,2.7639,0.10131,2.6678,2.5276,0.040224
2.5076,2.5492,1.7496,2.58,2.4642,1.7772,2.6682,2.5648,1.5853,2.4754,2.3817,1.5978,2.4884,2.4395,1.7277,2.766,2.5541,1.4683,2.5099,2.2772,1.5032,2.5618,2.3856,0.069788,2.8134,2.2678,0.0713,2.492,2.7645,0.098917,2.6675,2.5278,0.040659
2.5067,2.5519,1.7494,2.5787,2.467,1.7768,2.6668,2.5675,1.5847,2.4738,2.3847,1.5976,2.487,2.4425,1.7275,2.7647,2.5562,1.4675,2.5079,2.2801,1.5032,2.5616,2.3857,0.06973,2.8133,2.2678,0.071697,2.4913,2.7653,0.096322,2.6672,2.5281,0.041184
2.5054,2.5548,1.7491,2.5775,2.4698,1.7765,2.6655,2.5701,1.5843,2.4722,2.3875,1.5976,2.4857,2.4455,1.7273,2.7633,2.5586,1.4668,2.5061,2.2828,1.5031,2.5615,2.3857,0.069686,2.8132,2.2679,0.072122,2.4908,2.7661,0.093817,2.667,2.5285,0.041624
2.5045,2.5592,1.749,2.5762,2.4724,1.7763,2.6642,2.5729,1.584,2.4706,2.3904,1.5976,2.4844,2.4485,1.7272,2.7616,2.5611,1.4661,2.5041,2.2855,1.503,2.5614,2.3858,0.069595,2.813,2.268,0.072657,2.4905,2.7671,0.091501,2.6666,2.5289,0.042305
2.5037,2.5615,1.749,2.5749,2.4753,1.7761,2.6628,2.5761,1.5835,2.4689,2.3937,1.5974,2.483,2.4517,1.7272,2.76,2.5634,1.4654,2.5021,2.2884,1.5032,2.5612,2.3858,0.069495,2.8128,2.2681,0.073293,2.4903,2.7678,0.089226,2.6665,2.5293,0.042759
2.5023,2.5651,1.7488,2.5735,2.4781,1.7759,2.6614,2.5783,1.5833,2.4673,2.3968,1.5973,2.4816,2.4551,1.7271,2.7582,2.5662,1.4648,2.5002,2.2914,1.5034,2.5611,2.3858,0.069385,2.8127,2.2682,0.074015,2.4902,2.7686,0.087164,2.666,2.5295,0.043275
2.5016,2.5676,1.7489,2.5722,2.4808,1.7758,2.6602,2.5815,1.5829,2.4656,2.3998,1.5975,2.4802,2.458,1.7272,2.7563,2.569,1.4643,2.4981,2.2943,1.5037,2.5609,2.3858,0.06929,2.8124,2.2684,0.074781,2.49,2.7692,0.085389,2.6658,2.53,0.043848
2.5,2.5712,1.7486,2.5709,2.4841,1.7757,2.6588,2.5843,1.5826,2.4638,2.4033,1.5976,2.4788,2.4613,1.7272,2.7542,2.5721,1.4638,2.496,2.2974,1.5039,2.5608,2.3859,0.069179,2.8121,2.2686,0.075613,2.4898,2.7698,0.083697,2.6656,2.5303,0.044333
2.4989,2.574,1.749,2.5694,2.4872,1.7756,2.6574,2.5864,1.5824,2.4619,2.4069,1.5976,2.4772,2.4645,1.7272,2.752,2.5752,1.4634,2.4939,2.3005,1.5043,2.5606,2.3859,0.069065,2.8118,2.2687,0.076455,2.4895,2.7702,0.081986,2.6654,2.5304,0.044769
2.4977,2.577,1.7491,2.5679,2.4903,1.7756,2.6557,2.5896,1.5824,2.4601,2.4101,1.5978,2.4757,2.4678,1.7274,2.7498,2.5784,1.463,2.4916,2.3037,1.5047,2.5605,2.3859,0.068941,2.8114,2.2687,0.077417,2.4892,2.7705,0.080422,2.6651,2.5305,0.045235
2.497,2.5808,1.7493,2.5669,2.4938,1.7756,2.6543,2.5929,1.5822,2.4582,2.4135,1.598,2.4741,2.4709,1.7277,2.7475,2.5816,1.4626,2.4894,2.3069,1.5052,2.5603,2.386,0.068816,2.811,2.2688,0.078509,2.4889,2.7712,0.078997,2.6647,2.5305,0.045668
2.4953,2.5849,1.749,2.5655,2.4967,1.7756,2.6526,2.5956,1.5821,2.4562,2.4169,1.5981,2.4726,2.4744,1.7276,2.7452,2.5847,1.4623,2.4872,2.3102,1.5058,2.5601,2.386,0.068698,2.8106,2.2689,0.079743,2.4889,2.7718,0.078093,2.6647,2.5307,0.045945
2.4944,2.5874,1.7495,2.5637,2.4997,1.7755,2.6509,2.5988,1.5821,2.4543,2.4206,1.598,2.4709,2.4777,1.7277,2.7427,2.5882,1.462,2.4848,2.3137,1.5062,2.5599,2.386,0.068605,2.8101,2.269,0.081075,2.4892,2.772,0.077796,2.6646,2.5307,0.046115
2.4925,2.5909,1.7499,2.5622,2.503,1.7756,2.6493,2.6016,1.5819,2.4523,2.424,1.5982,2.4691,2.481,1.7279,2.7405,2.5918,1.4619,2.4824,2.3172,1.5067,2.5597,2.3861,0.06851,2.8095,2.269,0.082451,2.4893,2.7722,0.07749,2.6645,2.5307,0.046237
2.4909,2.5941,1.75,2.5605,2.5063,1.7756,2.6474,2.605,1.582,2.4502,2.4275,1.5983,2.4674,2.4844,1.728,2.7382,2.595,1.4615,2.4803,2.3209,1.507,2.5595,2.3861,0.068388,2.809,2.269,0.083956,2.4892,2.7725,0.077202,2.6644,2.5307,0.046318
2.4893,2.5975,1.7502,2.5587,2.5093,1.7757,2.6456,2.6083,1.582,2.4482,2.431,1.5984,2.4655,2.4879,1.7281,2.7359,2.5984,1.4612,2.4779,2.3244,1.5073,2.5594,2.3861,0.0683,2.8084,2.2692,0.0855,2.4891,2.7725,0.076983,2.6644,2.5308,0.046399
2.4876,2.6009,1.7504,2.5569,2.5128,1.7757,2.6438,2.6117,1.582,2.4461,2.4346,1.5985,2.4637,2.4915,1.7282,2.7335,2.602,1.4611,2.4754,2.3281,1.5076,2.5592,2.3862,0.068175,2.8077,2.2695,0.087244,2.489,2.7727,0.076797,2.6643,2.5308,0.046405
2.4852,2.605,1.7503,2.5553,2.517,1.7756,2.6417,2.6151,1.5821,2.4439,2.4384,1.5986,2.4616,2.4949,1.7284,2.7313,2.6053,1.4609,2.4731,2.3316,1.5079,2.559,2.3862,0.068084,2.807,2.2696,0.089068,2.489,2.7728,0.076637,2.6643,2.5308,0.046413
2.4838,2.6079,1.7509,2.5529,2.5198,1.7759,2.6396,2.6188,1.5821,2.4417,2.4422,1.5987,2.4596,2.4987,1.7285,2.7291,2.609,1.4608,2.4708,2.3353,1.5083,2.5589,2.3863,0.067935,2.8063,2.2699,0.091032,2.4889,2.7729,0.076527,2.6643,2.5308,0.046426
2.4818,2.6116,1.7509,2.5509,2.5235,1.7759,2.6376,2.6222,1.5821,2.4395,2.4459,1.5988,2.4576,2.5023,1.7286,2.7268,2.6124,1.4608,2.4685,2.3389,1.5086,2.5587,2.3864,0.067817,2.8055,2.2702,0.093134,2.4889,2.773,0.076423,2.6643,2.5308,0.046412
2.4797,2.6155,1.7511,2.5488,2.5269,1.7759,2.6354,2.626,1.5822,2.4371,2.4498,1.599,2.4553,2.5061,1.7287,2.7246,2.6156,1.4607,2.4661,2.3425,1.5091,2.5585,2.3865,0.067681,2.8046,2.2705,0.095515,2.4889,2.7729,0.076311,2.6643,2.5308,0.046407
2.4777,2.6192,1.7512,2.5468,2.5314,1.776,2.6331,2.6299,1.5823,2.4349,2.4537,1.5992,2.453,2.51,1.729,2.7225,2.619,1.4608,2.4639,2.346,1.5096,2.5584,2.3867,0.067542,2.8036,2.2709,0.097975,2.4889,2.773,0.076177,2.6643,2.5308,0.046386
2.475,2.6238,1.7509,2.5442,2.5348,1.7763,2.6314,2.6313,1.5817,2.4325,2.4575,1.5993,2.4507,2.5141,1.7291,2.7203,2.6228,1.461,2.4615,2.3495,1.5101,2.5582,2.3869,0.067402,2.8025,2.2713,0.10054,2.4888,2.773,0.076058,2.6643,2.5309,0.046368
2.4729,2.6273,1.7513,2.5418,2.5387,1.7764,2.6294,2.6333,1.5812,2.4301,2.4613,1.5996,2.4482,2.5181,1.7291,2.7182,2.6259,1.4611,2.459,2.3533,1.5107,2.558,2.387,0.067256,2.8014,2.2719,0.10336,2.4888,2.773,0.07593,2.6643,2.5309,0.046372
2.4703,2.6301,1.7511,2.5399,2.5431,1.7762,2.627,2.6379,1.5816,2.4277,2.4652,1.5998,2.4457,2.522,1.7294,2.7162,2.6291,1.4612,2.4566,2.3568,1.5113,2.5579,2.3872,0.067104,2.8002,2.2726,0.10596,2.4888,2.773,0.075791,2.6643,2.5309,0.046368
2.4678,2.634,1.751,2.5372,2.5472,1.7765,2.6248,2.641,1.5816,2.4255,2.4688,1.6,2.4432,2.5261,1.7295,2.714,2.6327,1.4616,2.4542,2.3606,1.5119,2.5577,2.3873,0.066977,2.799,2.2731,0.1091,2.4887,2.773,0.075708,2.6643,2.5309,0.046382
2.4652,2.6382,1.751,2.5346,2.5512,1.7767,2.6224,2.6447,1.582,2.4231,2.4725,1.6003,2.4407,2.53,1.7296,2.7121,2.6357,1.462,2.4517,2.3642,1.5125,2.5575,2.3875,0.066862,2.7976,2.2738,0.11225,2.4887,2.7729,0.075618,2.6648,2.5319,0.046543
2.4621,2.6426,1.7504,2.5318,2.555,1.777,2.6196,2.6516,1.5833,2.4206,2.4762,1.6006,2.4381,2.5341,1.7298,2.71,2.6391,1.4624,2.4491,2.3679,1.5132,2.5572,2.3877,0.066747,2.796,2.2745,0.1157,2.4887,2.773,0.075566,2.6646,2.5316,0.046575
2.4599,2.6463,1.751,2.5292,2.559,1.7774,2.6173,2.6552,1.5837,2.4183,2.48,1.6007,2.4354,2.5381,1.73,2.7079,2.6424,1.4628,2.4464,2.3719,1.5138,2.557,2.3879,0.066613,2.7944,2.2755,0.11943,2.4887,2.773,0.075492,2.6644,2.5313,0.046633
2.4571,2.6507,1.7505,2.5265,2.563,1.7777,2.6152,2.659,1.5841,2.4158,2.4837,1.6009,2.4328,2.542,1.7302,2.7059,2.645,1.463,2.4438,2.3756,1.5145,2.5567,2.3881,0.066491,2.7924,2.2765,0.12355,2.4887,2.773,0.075451,2.6644,2.5314,0.04661
2.4545,2.6545,1.7506,2.5237,2.567,1.778,2.6127,2.6623,1.5844,2.4132,2.4875,1.6013,2.4301,2.5457,1.7304,2.7037,2.649,1.4638,2.4413,2.3795,1.5151,2.5563,2.3884,0.066375,2.7902,2.2778,0.12789,2.4887,2.773,0.0754,2.6642,2.531,0.046654
2.4518,2.6582,1.7508,2.5211,2.5709,1.7785,2.6108,2.663,1.5838,2.4108,2.4913,1.6015,2.4276,2.5495,1.7307,2.7016,2.652,1.4642,2.4387,2.3831,1.5157,2.5559,2.3886,0.066281,2.7878,2.2792,0.13272,2.4887,2.773,0.075372,2.664,2.5308,0.046652
2.4492,2.6618,1.751,2.5185,2.5747,1.7788,2.6087,2.6659,1.584,2.4084,2.495,1.6019,2.4251,2.5534,1.731,2.6995,2.6551,1.4645,2.4361,2.3869,1.5164,2.5554,2.3889,0.066221,2.7851,2.2811,0.1378,2.4887,2.773,0.075357,2.6638,2.5306,0.046714
2.4468,2.6658,1.7513,2.516,2.5787,1.7792,2.6063,2.6696,1.5844,2.4059,2.4988,1.6021,2.4224,2.5573,1.7312,2.6972,2.6585,1.4649,2.4335,2.3906,1.517,2.555,2.3893,0.066123,2.7821,2.2831,0.1434,2.4887,2.773,0.075328,2.6638,2.5306,0.046732
2.4443,2.6694,1.7515,2.5135,2.5823,1.7795,2.6039,2.6738,1.5848,2.4035,2.5023,1.6023,2.4199,2.561,1.7316,2.695,2.6617,1.4654,2.431,2.3943,1.5176,2.5544,2.3897,0.06598,2.7786,2.2853,0.14928,2.4887,2.773,0.075312,2.6638,2.5305,0.046717
2.4417,2.673,1.7518,2.5108,2.5857,1.7798,2.6016,2.6771,1.5852,2.4009,2.506,1.6026,2.4174,2.5646,1.7318,2.6928,2.6652,1.4658,2.4284,2.398,1.5181,2.5536,2.3902,0.065784,2.7747,2.2878,0.15563,2.4888,2.773,0.075325,2.6638,2.5306,0.046663
2.4392,2.6765,1.7521,2.5081,2.5891,1.78,2.5991,2.681,1.5856,2.3985,2.5096,1.6027,2.4148,2.5682,1.7319,2.6904,2.6683,1.4659,2.4258,2.4016,1.5187,2.5527,2.391,0.065422,2.7705,2.2907,0.16256,2.4888,2.773,0.075316,2.6638,2.5305,0.046661
2.4368,2.6802,1.7521,2.5056,2.5926,1.7801,2.5966,2.6834,1.5855,2.396,2.513,1.6028,2.4122,2.5715,1.732,2.6881,2.6719,1.4663,2.4233,2.4051,1.5191,2.5516,2.3916,0.065221,2.7654,2.2935,0.16948,2.4888,2.773,0.075335,2.6637,2.5305,0.04664
2.4343,2.6836,1.7522,2.5031,2.596,1.7802,2.5934,2.6907,1.587,2.3934,2.5165,1.6027,2.4096,2.5747,1.732,2.6858,2.6753,1.4666,2.4209,2.4087,1.5195,2.5503,2.3922,0.064988,2.7597,2.2959,0.17686,2.4888,2.773,0.075315,2.6637,2.5306,0.046386
2.4315,2.6867,1.7522,2.5005,2.5996,1.7802,2.5916,2.6916,1.5862,2.3908,2.5201,1.6026,2.407,2.5782,1.7318,2.6833,2.6787,1.4667,2.4186,2.4122,1.52,2.5487,2.3932,0.064684,2.7538,2.2989,0.18456,2.4889,2.773,0.075292,2.6644,2.5311,0.04695
2.429,2.6899,1.752,2.4979,2.6027,1.78,2.5886,2.6974,1.5872,2.3886,2.5235,1.6024,2.4046,2.5815,1.7316,2.681,2.6819,1.4666,2.4161,2.4156,1.5202,2.5468,2.3943,0.064403,2.7474,2.3016,0.19254,2.4889,2.773,0.075277,2.6648,2.5317,0.047003
2.4264,2.6933,1.7517,2.4952,2.6059,1.7798,2.5862,2.7009,1.5871,2.3862,2.5266,1.6021,2.402,2.5848,1.7314,2.6786,2.6853,1.4666,2.4138,2.4191,1.5204,2.544,2.3954,0.064196,2.7403,2.3045,0.20088,2.4889,2.773,0.075262,2.6651,2.5322,0.04698
2.4237,2.6963,1.7514,2.4925,2.6091,1.7796,2.5843,2.7019,1.5861,2.3838,2.5297,1.6016,2.3994,2.588,1.731,2.6761,2.6888,1.4664,2.4116,2.4225,1.5206,2.541,2.3968,0.063739,2.7328,2.3076,0.20921,2.4888,2.7729,0.075224,2.6648,2.5315,0.04661
2.421,2.6994,1.7511,2.49,2.6124,1.7793,2.5818,2.705,1.5858,2.3816,2.5327,1.6011,2.3969,2.5909,1.7306,2.6737,2.692,1.4661,2.4092,2.4257,1.5206,2.5382,2.398,0.063562,2.7247,2.3104,0.2175,2.4889,2.7733,0.075399,2.6652,2.5321,0.046751
2.4182,2.7023,1.7506,2.4873,2.6156,1.7789,2.5794,2.7069,1.5851,2.3792,2.5357,1.6006,2.3944,2.594,1.73,2.6713,2.6954,1.4658,2.4069,2.4288,1.5205,2.5357,2.3993,0.062591,2.7158,2.3135,0.22581,2.489,2.7734,0.075476,2.6645,2.5313,0.046277
2.4157,2.7056,1.75,2.4847,2.6187,1.7785,2.5768,2.7102,1.5846,2.3768,2.5388,1.6002,2.3919,2.597,1.7295,2.669,2.6985,1.4654,2.4046,2.4319,1.5204,2.5331,2.4016,0.061346,2.7068,2.317,0.2343,2.489,2.7734,0.07544,2.6638,2.5307,0.045928
2.4131,2.709,1.7493,2.4821,2.6217,1.7779,2.5738,2.7175,1.5856,2.3745,2.5419,1.5996,2.3893,2.6001,1.729,2.6665,2.7017,1.4649,2.4023,2.4349,1.5202,2.5299,2.4029,0.060919,2.6966,2.3201,0.2425,2.489,2.7735,0.075377,2.6641,2.5306,0.046257
2.4103,2.7118,1.7487,2.4796,2.6246,1.7773,2.5713,2.7204,1.5849,2.3721,2.5449,1.599,2.3868,2.6032,1.7283,2.6641,2.7044,1.4643,2.3999,2.4378,1.5199,2.5268,2.4046,0.05971,2.6861,2.3235,0.2506,2.489,2.7735,0.075274,2.6639,2.531,0.046237
2.4076,2.7147,1.748,2.4769,2.6278,1.7767,2.5686,2.7233,1.5843,2.3696,2.5476,1.5983,2.3843,2.6061,1.7276,2.6617,2.7074,1.4637,2.3976,2.4406,1.5195,2.5234,2.4064,0.058708,2.6755,2.3272,0.25819,2.489,2.7735,0.075165,2.6642,2.5299,0.046133
2.405,2.7178,1.7472,2.4745,2.6315,1.776,2.5664,2.7253,1.5832,2.3672,2.5504,1.5977,2.3817,2.6092,1.7269,2.6592,2.7102,1.4631,2.3951,2.4434,1.519,2.5196,2.4081,0.057726,2.6656,2.3304,0.26518,2.4889,2.7735,0.075055,2.6646,2.5303,0.046415
2.4025,2.7208,1.7464,2.4719,2.6346,1.7754,2.5633,2.7294,1.5829,2.3648,2.5535,1.597,2.3791,2.612,1.7263,2.6567,2.7133,1.4625,2.3925,2.4462,1.5187,2.5162,2.4097,0.056865,2.6561,2.3325,0.27112,2.4889,2.7735,0.074934,2.6645,2.5302,0.046435
2.3997,2.7253,1.7462,2.4685,2.6367,1.7749,2.561,2.7301,1.5812,2.3622,2.5563,1.5962,2.3765,2.6149,1.7254,2.6541,2.7165,1.462,2.3901,2.4491,1.5183,2.5119,2.4121,0.056005,2.6468,2.3339,0.27564,2.4889,2.7736,0.074797,2.6645,2.5302,0.046473
2.3969,2.7267,1.7446,2.4665,2.6401,1.7737,2.5588,2.7317,1.5799,2.3597,2.5588,1.5956,2.374,2.6178,1.7247,2.6517,2.7187,1.4612,2.3875,2.4517,1.5178,2.5052,2.4171,0.0565,2.6384,2.3338,0.27773,2.4888,2.7736,0.074665,2.6645,2.5302,0.046499
2.3942,2.7296,1.7438,2.4639,2.6435,1.773,2.5556,2.7383,1.5803,2.3572,2.5614,1.5949,2.3713,2.6208,1.7239,2.6492,2.721,1.4603,2.3848,2.4543,1.5174,2.4968,2.4243,0.059983,2.6305,2.3326,0.27767,2.4888,2.7736,0.074538,2.6645,2.5303,0.04651
2.3914,2.7328,1.7428,2.4611,2.6465,1.7724,2.5532,2.7394,1.5789,2.3546,2.5641,1.5941,2.3685,2.6238,1.7231,2.6463,2.7244,1.4601,2.382,2.457,1.5169,2.4867,2.4343,0.06405,2.6225,2.3314,0.27619,2.4887,2.7737,0.074433,2.6644,2.5303,0.046562
2.3887,2.7369,1.7425,2.4576,2.6486,1.7718,2.5508,2.7392,1.577,2.3518,2.5669,1.5935,2.3657,2.6266,1.7223,2.6439,2.7262,1.4591,2.3793,2.4595,1.5166,2.476,2.4446,0.068181,2.6142,2.3306,0.2732,2.4887,2.7737,0.074317,2.6644,2.5302,0.046582
2.386,2.7381,1.7411,2.4553,2.652,1.7709,2.5474,2.7461,1.5779,2.349,2.5696,1.5929,2.363,2.6299,1.7214,2.6413,2.7288,1.4587,2.3765,2.462,1.5161,2.4645,2.4548,0.071639,2.6054,2.3306,0.26888,2.4886,2.7737,0.074225,2.6644,2.5302,0.046626
2.3829,2.7416,1.7401,2.4524,2.6555,1.7703,2.5446,2.7484,1.5772,2.3462,2.5723,1.5924,2.36,2.6328,1.721,2.6386,2.7306,1.4579,2.3736,2.4645,1.5158,2.4519,2.4654,0.074595,2.5961,2.3317,0.26338,2.4886,2.7738,0.074122,2.6639,2.5299,0.046072
2.3802,2.7442,1.7395,2.4493,2.6584,1.7698,2.5424,2.7491,1.5759,2.3434,2.575,1.5919,2.3571,2.6359,1.7202,2.6359,2.7333,1.4578,2.3707,2.4669,1.5156,2.4382,2.4757,0.077005,2.586,2.3331,0.25677,2.4887,2.7738,0.073985,2.6637,2.53,0.046178
2.3773,2.7471,1.7388,2.4461,2.6612,1.7692,2.54,2.7497,1.5746,2.3403,2.5776,1.5916,2.3539,2.6389,1.7197,2.6332,2.7355,1.4574,2.3677,2.4693,1.5154,2.4236,2.4852,0.079021,2.5759,2.3358,0.24898,2.4886,2.7738,0.073966,2.6637,2.53,0.046186
2.374,2.7506,1.7377,2.443,2.6645,1.7688,2.5364,2.7559,1.5756,2.3374,2.5805,1.5911,2.3507,2.6416,1.7194,2.6305,2.7375,1.4571,2.3646,2.4717,1.5151,2.408,2.4947,0.080412,2.5658,2.3395,0.24065,2.4885,2.7738,0.073915,2.6637,2.53,0.046204
2.3712,2.7531,1.7373,2.4397,2.6669,1.7685,2.5337,2.7584,1.5752,2.3342,2.5829,1.5907,2.3476,2.6447,1.7186,2.6279,2.7395,1.4569,2.3617,2.4738,1.5149,2.3919,2.5033,0.081538,2.5556,2.3441,0.23146,2.4885,2.7738,0.073873,2.6637,2.53,0.046218
2.3683,2.7562,1.7368,2.4365,2.6699,1.7681,2.5307,2.7607,1.5748,2.3311,2.5858,1.5904,2.3443,2.6478,1.7182,2.6251,2.742,1.4571,2.3587,2.4763,1.5147,2.3747,2.5117,0.082609,2.5449,2.3495,0.22181,2.4885,2.7738,0.07382,2.6637,2.5299,0.046293
2.3651,2.7589,1.7363,2.4333,2.673,1.7678,2.5279,2.7628,1.5745,2.3279,2.5884,1.5901,2.3411,2.6505,1.7178,2.6224,2.7436,1.4569,2.3556,2.4786,1.5147,2.3571,2.5198,0.0836,2.5339,2.3557,0.21181,2.4888,2.7741,0.073956,2.6636,2.53,0.046271
2.362,2.7617,1.7357,2.4298,2.6751,1.7676,2.5249,2.765,1.5742,2.3246,2.591,1.5898,2.3379,2.6535,1.7174,2.6196,2.7458,1.4569,2.3525,2.4809,1.5146,2.3391,2.5281,0.084402,2.5225,2.3629,0.20115,2.4888,2.7742,0.073916,2.6634,2.53,0.046152
2.3588,2.7644,1.7354,2.4264,2.6779,1.7674,2.5221,2.7674,1.574,2.3214,2.5938,1.5896,2.3346,2.6562,1.7172,2.6168,2.7477,1.457,2.3493,2.4831,1.5145,2.3211,2.5365,0.084953,2.5101,2.37,0.19071,2.4888,2.7742,0.073865,2.6634,2.5303,0.046393
2.3558,2.7671,1.7349,2.4229,2.6799,1.767,2.5191,2.7693,1.5738,2.3181,2.5965,1.5893,2.3311,2.6589,1.7168,2.6139,2.7494,1.4571,2.346,2.4851,1.5145,2.3035,2.545,0.085389,2.4971,2.3779,0.18111,2.4886,2.7742,0.073745,2.6633,2.5308,0.046381
2.3524,2.7692,1.7344,2.4196,2.6823,1.7668,2.5162,2.7712,1.5737,2.3149,2.5989,1.589,2.3279,2.6617,1.7166,2.6109,2.7519,1.4575,2.3427,2.4875,1.5144,2.2865,2.5537,0.085972,2.4836,2.3856,0.17119,2.4886,2.7747,0.074027,2.6634,2.5305,0.046705
2.3496,2.7704,1.7339,2.4163,2.6846,1.7665,2.5132,2.7734,1.5736,2.3115,2.6013,1.5887,2.3244,2.6641,1.7162,2.608,2.7535,1.4575,2.3393,2.4896,1.5146,2.2698,2.5627,0.086554,2.4697,2.3932,0.16149,2.4886,2.7719,0.072063,2.6634,2.5305,0.046753
2.3461,2.7745,1.7338,2.4129,2.6866,1.7663,2.5103,2.7751,1.5735,2.3081,2.6037,1.5885,2.3211,2.6667,1.716,2.6051,2.7552,1.4575,2.3359,2.4918,1.5145,2.2539,2.5721,0.087508,2.4558,2.401,0.15215,2.4886,2.7719,0.07203,2.6634,2.5305,0.046742
2.3431,2.777,1.7336,2.4094,2.689,1.7663,2.5074,2.7771,1.5734,2.3048,2.606,1.5883,2.3178,2.6686,1.7158,2.602,2.7571,1.4577,2.3325,2.4939,1.5143,2.2387,2.5829,0.089151,2.4414,2.4082,0.14305,2.4886,2.7719,0.072006,2.6634,2.5305,0.046792
2.3397,2.779,1.7332,2.406,2.6913,1.7661,2.5044,2.7788,1.5733,2.3014,2.6084,1.588,2.3143,2.6713,1.7154,2.599,2.7588,1.4578,2.329,2.4961,1.5142,2.2246,2.5936,0.090763,2.4266,2.4156,0.13459,2.4886,2.7719,0.071992,2.6633,2.5305,0.046816
2.3367,2.7813,1.733,2.4026,2.6934,1.7659,2.5013,2.7807,1.5732,2.298,2.6104,1.5877,2.3109,2.6732,1.7151,2.5959,2.7608,1.458,2.3255,2.4983,1.5141,2.2107,2.605,0.092444,2.41,2.4227,0.12667,2.4886,2.7719,0.071959,2.6633,2.5304,0.046799
2.3335,2.7833,1.7326,2.3993,2.6955,1.7657,2.4988,2.7813,1.5726,2.2947,2.6127,1.5874,2.3075,2.6755,1.7149,2.5928,2.7628,1.4582,2.3219,2.5003,1.5139,2.1985,2.6165,0.093997,2.3952,2.4297,0.11925,2.4885,2.7719,0.071915,2.6633,2.5304,0.046816
2.3303,2.7846,1.7323,2.3959,2.697,1.7654,2.4951,2.7843,1.5729,2.2912,2.6149,1.5871,2.3042,2.6776,1.7146,2.5897,2.7641,1.458,2.3182,2.5025,1.5136,2.1865,2.628,0.096079,2.3802,2.4368,0.11231,2.4885,2.7719,0.071878,2.6632,2.5304,0.046889
2.3273,2.787,1.7323,2.3926,2.699,1.7651,2.4922,2.7859,1.5727,2.2878,2.6171,1.5867,2.3009,2.6795,1.7144,2.5867,2.7657,1.4579,2.3145,2.5046,1.5134,2.1754,2.6395,0.098105,2.3654,2.444,0.10614,2.4885,2.772,0.071876,2.6632,2.5304,0.04692
2.324,2.7894,1.7319,2.3893,2.7007,1.7647,2.4897,2.7833,1.5706,2.2843,2.6193,1.5864,2.2975,2.6817,1.7139,2.5833,2.7677,1.4581,2.3108,2.5067,1.5131,2.165,2.6507,0.10043,2.3512,2.4514,0.10015,2.4885,2.772,0.071814,2.6631,2.5304,0.046929
2.3209,2.7917,1.7317,2.3859,2.7029,1.7646,2.4858,2.7895,1.5722,2.2807,2.6215,1.586,2.294,2.6837,1.7136,2.5802,2.7691,1.4579,2.3068,2.5088,1.5129,2.1554,2.6618,0.10297,2.3375,2.4588,0.094721,2.4881,2.7725,0.071967,2.6631,2.5303,0.046997
2.3175,2.7934,1.7311,2.3825,2.7048,1.7642,2.484,2.7862,1.5699,2.2772,2.6236,1.5855,2.2906,2.6859,1.713,2.577,2.7702,1.4577,2.3031,2.5111,1.5125,2.1466,2.6726,0.10571,2.325,2.4657,0.089744,2.4881,2.7725,0.071931,2.663,2.5303,0.046977
2.3146,2.7939,1.7304,2.3789,2.7066,1.7638,2.4806,2.7879,1.5695,2.2737,2.6257,1.5851,2.2871,2.6877,1.7127,2.5741,2.7715,1.4575,2.2992,2.5129,1.5121,2.1388,2.6829,0.10831,2.3127,2.4729,0.085355,2.4884,2.7722,0.071752,2.663,2.5303,0.047021
2.3113,2.7966,1.7299,2.3755,2.7085,1.7634,2.478,2.7887,1.5689,2.2702,2.6276,1.5845,2.2837,2.69,1.7121,2.5709,2.7729,1.4573,2.2954,2.515,1.5118,2.132,2.6932,0.11063,2.3009,2.4798,0.081389,2.488,2.7732,0.072413,2.6629,2.5303,0.047061
2.308,2.7975,1.7294,2.3718,2.7098,1.763,2.4739,2.7922,1.5694,2.2667,2.6294,1.584,2.2801,2.6917,1.7116,2.5677,2.7743,1.4572,2.2916,2.5169,1.5113,2.1261,2.7033,0.1129,2.2898,2.4868,0.077945,2.4881,2.7734,0.072515,2.6629,2.5302,0.047125
2.3044,2.8003,1.7292,2.3683,2.7118,1.7625,2.4715,2.7914,1.5682,2.2631,2.6315,1.5834,2.2766,2.6937,1.711,2.5643,2.7758,1.4572,2.2877,2.5188,1.511,2.1212,2.713,0.11472,2.2797,2.4932,0.074981,2.488,2.7734,0.072431,2.6628,2.5302,0.047177
2.3011,2.8021,1.7285,2.3647,2.7133,1.762,2.4681,2.7931,1.5679,2.2595,2.6331,1.5829,2.2729,2.6956,1.7104,2.5612,2.7766,1.4568,2.2839,2.5207,1.5107,2.1174,2.7222,0.11625,2.2707,2.4996,0.072204,2.4882,2.7735,0.072463,2.6627,2.5302,0.047276
2.2978,2.8047,1.7281,2.361,2.7148,1.7615,2.4654,2.7942,1.5674,2.256,2.6352,1.5824,2.2693,2.6974,1.7098,2.5581,2.7777,1.4567,2.28,2.5225,1.5103,2.1145,2.731,0.11748,2.2627,2.5056,0.069781,2.4879,2.7737,0.072504,2.6626,2.5301,0.04737
2.2944,2.8063,1.7274,2.3574,2.7167,1.7611,2.4607,2.8005,1.5693,2.2523,2.6369,1.5818,2.2657,2.6993,1.7094,2.5551,2.7784,1.4564,2.2761,2.5242,1.51,2.1126,2.7388,0.11845,2.2562,2.5113,0.067406,2.4878,2.7737,0.072405,2.6625,2.5301,0.047438
2.2911,2.8081,1.7269,2.3537,2.7182,1.7605,2.4576,2.8015,1.569,2.2488,2.6387,1.5813,2.2621,2.7012,1.7086,2.5518,2.7802,1.4569,2.2722,2.5257,1.5097,2.1111,2.746,0.11923,2.2511,2.517,0.065031,2.4878,2.7737,0.072307,2.6624,2.5301,0.047539
2.2878,2.8097,1.726,2.35,2.7199,1.7601,2.4543,2.8028,1.5687,2.2451,2.6403,1.5808,2.2584,2.703,1.7082,2.5488,2.7805,1.4566,2.2683,2.5275,1.5092,2.1105,2.7525,0.1198,2.2476,2.5222,0.062661,2.4877,2.7738,0.072194,2.6622,2.53,0.047664
2.2845,2.8111,1.7254,2.3464,2.7213,1.7597,2.4513,2.8037,1.5682,2.2416,2.642,1.5802,2.2548,2.7049,1.7075,2.5457,2.7814,1.4566,2.2643,2.529,1.5089,2.1102,2.7582,0.11987,2.2455,2.5272,0.060403,2.4876,2.7738,0.072095,2.6621,2.5299,0.047779
2.2814,2.8127,1.7246,2.343,2.7225,1.7591,2.4483,2.8045,1.5679,2.238,2.6433,1.5799,2.2512,2.7064,1.707,2.5426,2.7822,1.4564,2.2602,2.5304,1.5086,2.1107,2.7634,0.11904,2.2443,2.5312,0.060909,2.4876,2.7739,0.071955,2.662,2.5299,0.047897
2.2782,2.8143,1.7242,2.3395,2.724,1.7589,2.4454,2.805,1.5675,2.2344,2.6449,1.5795,2.2478,2.7082,1.7066,2.5397,2.7821,1.456,2.2562,2.5319,1.5082,2.1131,2.7694,0.1156,2.2432,2.534,0.061204,2.4875,2.774,0.071865,2.6618,2.5298,0.048042
2.2752,2.8161,1.7238,2.3361,2.7256,1.7588,2.4425,2.8058,1.5672,2.2308,2.6464,1.5792,2.2443,2.7095,1.7062,2.5367,2.7824,1.4558,2.2519,2.5332,1.5078,2.1167,2.7743,0.11111,2.2424,2.5353,0.062102,2.4874,2.774,0.071717,2.6617,2.5298,0.04818
2.2724,2.8175,1.7236,2.3328,2.7268,1.7585,2.4395,2.8061,1.5668,2.2271,2.648,1.579,2.241,2.711,1.7061,2.5337,2.7823,1.4555,2.2477,2.5343,1.5077,2.121,2.7784,0.1054,2.2411,2.5362,0.062913,2.4874,2.7741,0.071561,2.6616,2.5297,0.048317
2.2697,2.8191,1.7231,2.3296,2.7278,1.7584,2.4367,2.8066,1.5666,2.2233,2.6494,1.579,2.2378,2.7127,1.7059,2.5307,2.7818,1.4551,2.2434,2.5357,1.5073,2.1252,2.7824,0.10058,2.2395,2.5365,0.06384,2.4873,2.7741,0.071425,2.6614,2.5296,0.048508
2.2669,2.82,1.7229,2.3265,2.7281,1.7581,2.4335,2.8068,1.5662,2.2197,2.651,1.5791,2.2346,2.7139,1.7059,2.5275,2.782,1.455,2.2389,2.5369,1.5069,2.1279,2.7856,0.097067,2.2381,2.5372,0.064768,2.4872,2.7742,0.071259,2.6612,2.5295,0.04875
2.2642,2.8214,1.7234,2.3232,2.7296,1.7583,2.431,2.8051,1.5654,2.2159,2.6525,1.5792,2.2313,2.7153,1.7061,2.5244,2.7821,1.4549,2.2345,2.538,1.5067,2.1282,2.7875,0.093969,2.2374,2.538,0.065469,2.4871,2.7743,0.071098,2.661,2.5294,0.049048
2.2616,2.8223,1.7237,2.3203,2.7304,1.7585,2.4276,2.8075,1.5662,2.2118,2.6538,1.5796,2.2279,2.7166,1.7065,2.521,2.7818,1.4547,2.23,2.5392,1.5064,2.1265,2.7879,0.091075,2.237,2.5386,0.066051,2.487,2.7744,0.070894,2.6607,2.5293,0.049501
2.2588,2.8234,1.7242,2.317,2.7306,1.7586,2.4258,2.8027,1.5642,2.2078,2.6555,1.5801,2.2244,2.7177,1.707,2.5178,2.7809,1.4545,2.2255,2.5404,1.5063,2.1244,2.788,0.089129,2.2368,2.5389,0.066473,2.4869,2.7745,0.07067,2.6603,2.5293,0.050043
2.256,2.8245,1.7248,2.3137,2.7313,1.7588,2.4234,2.8023,1.5641,2.2038,2.6571,1.5804,2.2211,2.7193,1.7074,2.5144,2.7814,1.4545,2.2209,2.5416,1.5061,2.1231,2.7881,0.087774,2.2364,2.5392,0.066774,2.4869,2.7747,0.070431,2.6599,2.5292,0.05069
2.2532,2.8253,1.7254,2.3104,2.7321,1.7592,2.4196,2.8032,1.5643,2.1996,2.6584,1.5807,2.2175,2.7205,1.7079,2.5107,2.7818,1.4547,2.2164,2.5429,1.506,2.1233,2.7886,0.087006,2.2362,2.5393,0.066885,2.4867,2.7748,0.070176,2.6594,2.5291,0.05137
2.2504,2.8262,1.7259,2.3071,2.7322,1.7594,2.4168,2.8026,1.5643,2.1955,2.66,1.5811,2.2139,2.7216,1.7082,2.5071,2.7816,1.4548,2.212,2.5442,1.5061,2.1237,2.789,0.08642,2.2361,2.5394,0.066953,2.4866,2.7751,0.069874,2.6587,2.5289,0.052097
2.2474,2.827,1.7266,2.3036,2.7327,1.7596,2.4115,2.808,1.5669,2.1914,2.6614,1.5815,2.2105,2.7226,1.7087,2.5035,2.7818,1.4549,2.2076,2.5454,1.5061,2.1237,2.7893,0.085732,2.2363,2.5393,0.067434,2.4867,2.7755,0.069604,2.6576,2.5283,0.052953
2.2442,2.828,1.7269,2.3,2.7337,1.7601,2.408,2.8083,1.5673,2.1873,2.6629,1.5817,2.2067,2.7235,1.7091,2.4998,2.7825,1.4553,2.2033,2.5467,1.5061,2.1233,2.7895,0.085206,2.2362,2.5395,0.067506,2.487,2.7758,0.069373,2.6558,2.5271,0.053895
2.2409,2.829,1.7275,2.2962,2.7341,1.7605,2.4062,2.8039,1.5654,2.1831,2.6643,1.5821,2.2028,2.7245,1.7094,2.4958,2.7835,1.4559,2.1989,2.5478,1.5061,2.123,2.7896,0.084942,2.2358,2.5395,0.06761,2.4876,2.7762,0.069186,2.6533,2.5254,0.054933
2.2376,2.83,1.728,2.2924,2.7345,1.7609,2.4011,2.8091,1.5682,2.179,2.6656,1.5825,2.1989,2.7256,1.7099,2.4923,2.7828,1.4562,2.1945,2.5491,1.506,2.1228,2.7895,0.084688,2.2356,2.5396,0.067558,2.4884,2.7767,0.068983,2.6505,2.5235,0.056166
2.2339,2.8306,1.7286,2.2884,2.7353,1.7614,2.3996,2.8045,1.5666,2.1749,2.6669,1.5828,2.195,2.7267,1.7102,2.4884,2.7835,1.4567,2.1903,2.5503,1.5061,2.1228,2.7897,0.0845,2.2355,2.5397,0.06749,2.4891,2.7773,0.068717,2.6473,2.5214,0.057638
2.2302,2.8316,1.7291,2.2844,2.7363,1.762,2.3957,2.8055,1.5673,2.1709,2.6684,1.5832,2.191,2.7279,1.7107,2.4845,2.7845,1.4575,2.1859,2.5513,1.506,2.1228,2.7898,0.08418,2.2354,2.5397,0.067484,2.4901,2.7782,0.068382,2.6435,2.5191,0.059295
2.2266,2.8327,1.7297,2.2806,2.7374,1.7626,2.3925,2.8051,1.5677,2.1667,2.6696,1.5838,2.1871,2.729,1.7112,2.4808,2.7854,1.4586,2.1817,2.5526,1.506,2.1229,2.7899,0.083797,2.2353,2.5398,0.067493,2.4914,2.7792,0.068353,2.6393,2.5168,0.061091
2.223,2.834,1.7304,2.2765,2.7382,1.7633,2.3889,2.806,1.5686,2.1626,2.671,1.5843,2.1831,2.7302,1.7118,2.4773,2.7851,1.4592,2.1774,2.5539,1.506,2.123,2.7901,0.083352,2.2353,2.5399,0.067495,2.4923,2.7799,0.068054,2.6345,2.5143,0.063216
2.2195,2.8349,1.731,2.2726,2.7387,1.764,2.3855,2.8065,1.5693,2.1586,2.6723,1.5849,2.1793,2.7317,1.7126,2.4737,2.7854,1.4599,2.173,2.5553,1.506,2.1233,2.7904,0.082837,2.2354,2.5399,0.067486,2.4933,2.7805,0.067801,2.6298,2.5116,0.065104
2.216,2.8359,1.7318,2.2688,2.7393,1.7645,2.382,2.8069,1.57,2.1546,2.6736,1.5855,2.1755,2.7328,1.7132,2.47,2.7863,1.4611,2.1685,2.5566,1.506,2.1238,2.7908,0.082151,2.2354,2.54,0.067505,2.4944,2.7812,0.067467,2.6241,2.5092,0.067466
2.2125,2.8369,1.7326,2.265,2.7404,1.7652,2.3763,2.813,1.5734,2.1505,2.6751,1.586,2.1717,2.7339,1.7137,2.4658,2.7889,1.4628,2.1641,2.5582,1.5061,2.1243,2.791,0.081354,2.2355,2.54,0.067502,2.4958,2.7818,0.067078,2.618,2.5062,0.069914
2.2092,2.8379,1.7334,2.2613,2.7415,1.7658,2.375,2.8083,1.5714,2.1465,2.6765,1.5865,2.1678,2.7351,1.7144,2.4622,2.7893,1.4637,2.1596,2.5599,1.5061,2.1248,2.7913,0.080796,2.2356,2.5401,0.067518,2.4971,2.7825,0.066887,2.6116,2.5037,0.071935
2.206,2.8389,1.7342,2.2576,2.742,1.7664,2.3716,2.8091,1.5723,2.1426,2.678,1.5871,2.1641,2.7365,1.715,2.4588,2.7898,1.4647,2.1551,2.5614,1.5063,2.1251,2.7915,0.080375,2.2357,2.5401,0.067519,2.4984,2.783,0.066743,2.6048,2.5009,0.073928
2.2028,2.8398,1.7348,2.2538,2.7426,1.767,2.3683,2.8094,1.5729,2.1387,2.6796,1.5875,2.1604,2.7374,1.7154,2.4553,2.7903,1.4658,2.1507,2.5632,1.5062,2.1253,2.7917,0.080028,2.2357,2.5401,0.067563,2.5,2.7834,0.066504,2.5969,2.498,0.075916
2.1995,2.8409,1.7355,2.2501,2.7434,1.7675,2.3651,2.81,1.5737,2.1346,2.681,1.588,2.1567,2.7385,1.7158,2.4519,2.7905,1.4668,2.1464,2.5651,1.5062,2.1255,2.7918,0.079785,2.2357,2.5402,0.067584,2.5013,2.7839,0.066607,2.589,2.4955,0.077353
2.1962,2.8422,1.7361,2.2464,2.7446,1.7681,2.3598,2.8155,1.5769,2.1308,2.6828,1.5884,2.153,2.7401,1.7164,2.4487,2.791,1.4679,2.1421,2.5664,1.5065,2.1256,2.7919,0.079584,2.2357,2.5402,0.067613,2.5028,2.784,0.066493,2.5806,2.4928,0.078821
2.1933,2.8438,1.7364,2.2427,2.7454,1.7686,2.3581,2.813,1.5761,2.127,2.6843,1.5887,2.1494,2.7418,1.7169,2.4454,2.7913,1.4688,2.138,2.5682,1.5066,2.1256,2.792,0.079407,2.2356,2.5402,0.067656,2.5045,2.7842,0.066576,2.5719,2.4904,0.079874
2.1902,2.8448,1.7368,2.2391,2.7462,1.7692,2.3538,2.8163,1.5783,2.1233,2.686,1.5891,2.1459,2.7433,1.7173,2.4423,2.7915,1.4697,2.1336,2.5699,1.5063,2.1255,2.792,0.079283,2.2355,2.5402,0.067661,2.5059,2.7843,0.066726,2.5629,2.4881,0.080961
2.1871,2.8462,1.7374,2.2356,2.7473,1.7697,2.351,2.8168,1.5791,2.1196,2.6877,1.5895,2.1423,2.7449,1.7178,2.4393,2.7919,1.4708,2.1297,2.5715,1.5065,2.1255,2.7921,0.079184,2.2355,2.5402,0.0677,2.5081,2.7843,0.067004,2.5536,2.4865,0.081557
2.1843,2.8475,1.7379,2.2322,2.7483,1.7703,2.3491,2.8151,1.5788,2.1162,2.6895,1.5899,2.1389,2.7462,1.7181,2.4364,2.7918,1.4716,2.1259,2.573,1.5068,2.1255,2.7922,0.079088,2.2354,2.5402,0.067738,2.5096,2.7843,0.067275,2.5441,2.4854,0.081767
2.1813,2.8486,1.7384,2.2284,2.7493,1.7709,2.347,2.814,1.5789,2.1127,2.6909,1.5902,2.1355,2.7476,1.7185,2.4337,2.792,1.4726,2.1222,2.5744,1.5071,2.1255,2.7922,0.079011,2.2354,2.5402,0.067757,2.5111,2.7846,0.067635,2.5348,2.4844,0.08195
2.1785,2.8499,1.739,2.2251,2.7505,1.7715,2.3426,2.8183,1.5817,2.1096,2.6925,1.5906,2.1323,2.749,1.7188,2.431,2.7921,1.4736,2.1186,2.576,1.5073,2.1254,2.7922,0.078955,2.2353,2.5402,0.067775,2.5119,2.784,0.067659,2.5255,2.4833,0.082176
2.1757,2.8511,1.7395,2.2219,2.7515,1.7722,2.3409,2.817,1.5817,2.1064,2.6939,1.591,2.1291,2.7505,1.7194,2.4286,2.7922,1.4746,2.1152,2.5776,1.5076,2.1254,2.7923,0.078868,2.2352,2.5402,0.067811,2.5129,2.7841,0.068128,2.5164,2.4826,0.082291
2.1731,2.8521,1.7401,2.2187,2.7521,1.7728,2.3388,2.817,1.5825,2.1033,2.6956,1.5914,2.1261,2.752,1.7198,2.4263,2.7921,1.4755,2.1118,2.5792,1.5079,2.1254,2.7924,0.078722,2.2352,2.5402,0.067845,2.5139,2.783,0.068044,2.5076,2.4826,0.082198
2.171,2.8536,1.7407,2.2158,2.7532,1.7736,2.3359,2.8185,1.5839,2.1003,2.6972,1.5919,2.1234,2.7532,1.7204,2.4241,2.7923,1.4765,2.1084,2.5809,1.5082,2.1253,2.7925,0.078537,2.2352,2.5402,0.067905,2.514,2.7832,0.068322,2.4988,2.4828,0.082132
2.1687,2.8545,1.7415,2.2131,2.7536,1.7741,2.334,2.8188,1.5848,2.0976,2.6987,1.5924,2.1206,2.7546,1.721,2.4221,2.7918,1.4774,2.1051,2.5826,1.5084,2.1253,2.7927,0.078333,2.2351,2.5402,0.067971,2.5133,2.7838,0.06859,2.491,2.4842,0.081462
2.1665,2.8556,1.7423,2.2105,2.7548,1.7751,2.3319,2.819,1.5855,2.095,2.7003,1.5931,2.1179,2.7558,1.7218,2.4201,2.7918,1.4785,2.1019,2.5845,1.5088,2.1252,2.7929,0.07817,2.235,2.5403,0.068025,2.5114,2.7849,0.068896,2.484,2.4855,0.081203
2.1645,2.8564,1.7434,2.2085,2.7566,1.776,2.3292,2.8211,1.5872,2.0923,2.7019,1.5936,2.1156,2.7575,1.7226,2.4183,2.7916,1.4795,2.0988,2.5863,1.5092,2.1254,2.793,0.078074,2.235,2.5403,0.068081,2.5085,2.7863,0.06897,2.4773,2.4871,0.080768
2.1631,2.8577,1.7441,2.2062,2.7571,1.7768,2.3274,2.8211,1.5879,2.0899,2.7033,1.5944,2.1135,2.7583,1.7232,2.4166,2.7917,1.481,2.0957,2.5881,1.5093,2.1254,2.7931,0.077913,2.2349,2.5404,0.068134,2.5046,2.7884,0.06915,2.4714,2.4895,0.079935
2.1614,2.8585,1.7451,2.2042,2.758,1.7775,2.3258,2.821,1.5885,2.0876,2.7048,1.5951,2.1114,2.7595,1.724,2.4151,2.7916,1.4826,2.0927,2.5902,1.5094,2.1251,2.7931,0.077652,2.2349,2.5404,0.068156,2.4996,2.7912,0.06937,2.4659,2.4923,0.079053
2.1603,2.8595,1.7458,2.2022,2.759,1.7784,2.3241,2.8219,1.5895,2.0852,2.7067,1.5958,2.1093,2.7612,1.725,2.4134,2.7908,1.4834,2.0896,2.592,1.5096,2.1251,2.7932,0.077556,2.2349,2.5404,0.068188,2.4942,2.7944,0.069602,2.4606,2.4953,0.077865
2.1586,2.8604,1.7471,2.2002,2.7593,1.7792,2.323,2.8215,1.59,2.0831,2.7084,1.5965,2.1077,2.7623,1.7257,2.412,2.7905,1.4844,2.0866,2.5943,1.5098,2.1248,2.7934,0.07755,2.2348,2.5404,0.068209,2.488,2.7985,0.069909,2.4561,2.499,0.076906
2.1578,2.8617,1.7478,2.1986,2.7601,1.7798,2.3212,2.8225,1.5911,2.081,2.7101,1.5973,2.1059,2.7636,1.7266,2.411,2.7899,1.4854,2.0835,2.5964,1.5101,2.1247,2.7939,0.077641,2.2348,2.5404,0.068251,2.4816,2.8028,0.07035,2.4528,2.5036,0.075751
2.1565,2.8626,1.7489,2.1971,2.7612,1.7806,2.3201,2.8227,1.5917,2.0791,2.7118,1.5979,2.1042,2.7653,1.7275,2.4097,2.789,1.4861,2.0806,2.5989,1.5103,2.1248,2.7932,0.076918,2.2347,2.5404,0.068281,2.4749,2.8078,0.070842,2.4492,2.508,0.074391
2.1557,2.864,1.7498,2.1954,2.7619,1.7814,2.3185,2.8237,1.5927,2.0771,2.7136,1.5986,2.1027,2.7664,1.7281,2.4086,2.7883,1.4869,2.0777,2.6014,1.5104,2.125,2.7932,0.076851,2.2347,2.5404,0.068319,2.4677,2.8138,0.0718,2.4458,2.5128,0.072999
2.1549,2.8648,1.7506,2.1942,2.763,1.782,2.3173,2.8244,1.5935,2.0754,2.7156,1.5991,2.1013,2.7681,1.7288,2.4076,2.7879,1.4877,2.0749,2.604,1.5107,2.125,2.7936,0.077058,2.2347,2.5405,0.068368,2.4613,2.8193,0.072668,2.4428,2.5183,0.071512
2.1541,2.8658,1.7513,2.1925,2.7629,1.7826,2.3166,2.8245,1.5939,2.0737,2.7173,1.5997,2.1001,2.7694,1.7293,2.4066,2.7872,1.4883,2.072,2.6066,1.5108,2.125,2.7936,0.076853,2.2346,2.5406,0.068343,2.4548,2.8255,0.073655,2.4394,2.5244,0.0696
2.1536,2.8671,1.752,2.1911,2.7641,1.7832,2.3154,2.8254,1.5946,2.0721,2.7194,1.6002,2.0989,2.771,1.7299,2.4058,2.7863,1.4888,2.0693,2.6093,1.5109,2.1249,2.7937,0.076708,2.2341,2.5405,0.068689,2.4489,2.8316,0.074714,2.436,2.5304,0.068135
2.1531,2.8686,1.7528,2.1899,2.7648,1.7837,2.3145,2.8257,1.5951,2.0706,2.7213,1.6007,2.0978,2.7725,1.7302,2.4051,2.7853,1.4894,2.0666,2.6121,1.511,2.1249,2.7939,0.076585,2.234,2.5409,0.068549,2.443,2.8378,0.075869,2.4328,2.5369,0.066543
2.1526,2.8704,1.7537,2.1887,2.7659,1.7842,2.3137,2.8261,1.5956,2.0691,2.7233,1.6012,2.0966,2.7742,1.7309,2.4044,2.7844,1.4899,2.064,2.6149,1.5112,2.1249,2.794,0.076411,2.2336,2.541,0.068666,2.4374,2.8444,0.076688,2.4295,2.5431,0.065385
2.1523,2.8715,1.7541,2.1877,2.7671,1.7846,2.3131,2.8268,1.596,2.068,2.7253,1.6015,2.0956,2.776,1.7314,2.4039,2.7835,1.4903,2.0616,2.6177,1.5113,2.1249,2.7941,0.076225,2.2335,2.5411,0.068697,2.4326,2.8507,0.077722,2.4261,2.55,0.064133
2.152,2.8731,1.7545,2.1868,2.7684,1.7849,2.3124,2.8275,1.5965,2.0665,2.7275,1.6018,2.0945,2.7778,1.7317,2.4033,2.7824,1.4906,2.0592,2.6208,1.5113,2.1248,2.7942,0.07603,2.2335,2.5411,0.068704,2.4284,2.8572,0.078929,2.4226,2.5566,0.063042
2.1517,2.8746,1.7547,2.1859,2.7695,1.7852,2.3119,2.828,1.5968,2.0654,2.7293,1.602,2.0936,2.7797,1.732,2.4027,2.7814,1.491,2.0568,2.6236,1.5114,2.1248,2.7943,0.075773,2.2335,2.5412,0.068747,2.4243,2.8636,0.079677,2.419,2.5638,0.061972
2.1515,2.8762,1.7551,2.185,2.7709,1.7854,2.3114,2.8285,1.5971,2.0643,2.7315,1.6022,2.093,2.7816,1.7322,2.4022,2.7804,1.4914,2.0548,2.6265,1.5114,2.1248,2.7944,0.075553,2.2335,2.5412,0.068785,2.421,2.8706,0.081297,2.4154,2.5705,0.06121
2.1514,2.8774,1.7551,2.1841,2.7722,1.7857,2.311,2.8292,1.5973,2.0635,2.7334,1.6023,2.0921,2.7835,1.7325,2.4019,2.7793,1.4916,2.0527,2.6295,1.5114,2.1248,2.7946,0.075332,2.2335,2.5412,0.068824,2.4181,2.8775,0.082673,2.4114,2.5776,0.060591
2.1513,2.879,1.7553,2.1836,2.7732,1.7858,2.3107,2.8299,1.5975,2.0625,2.7354,1.6026,2.0915,2.7852,1.7326,2.4017,2.7782,1.4917,2.0508,2.6324,1.5114,2.1247,2.7947,0.075152,2.2335,2.5412,0.068858,2.4157,2.8841,0.083951,2.4075,2.5844,0.060321
2.1513,2.8804,1.7553,2.183,2.7746,1.7859,2.3104,2.8306,1.5977,2.0615,2.7376,1.6027,2.0911,2.7872,1.7328,2.4014,2.7772,1.4918,2.0489,2.635,1.5115,2.1247,2.7949,0.074915,2.2336,2.5412,0.068873,2.4134,2.8908,0.085284,2.4035,2.5911,0.060112
2.1515,2.8817,1.7552,2.1824,2.7761,1.7859,2.3103,2.8318,1.598,2.061,2.7395,1.6026,2.0906,2.7891,1.7328,2.4012,2.7762,1.4918,2.0473,2.6378,1.5114,2.1247,2.7951,0.07467,2.2337,2.5413,0.06887,2.4118,2.8975,0.08669,2.3997,2.5985,0.059425
2.1516,2.8834,1.7552,2.1821,2.7774,1.7859,2.3103,2.8325,1.5981,2.0604,2.7416,1.6026,2.0904,2.7907,1.7326,2.401,2.7753,1.4917,2.0456,2.6405,1.5112,2.1246,2.7952,0.074415,2.2338,2.5413,0.068865,2.4103,2.9043,0.088133,2.3956,2.6051,0.059732
2.152,2.8851,1.7552,2.1818,2.7786,1.7859,2.3103,2.833,1.5981,2.0599,2.7437,1.6026,2.0902,2.7927,1.7326,2.4008,2.7746,1.4916,2.0442,2.6432,1.5113,2.1246,2.7954,0.074166,2.2339,2.5413,0.068878,2.4091,2.9108,0.089569,2.3917,2.6119,0.059611
2.1523,2.8868,1.7552,2.1815,2.7799,1.7858,2.31,2.8272,1.5955,2.0592,2.7456,1.6024,2.0901,2.7947,1.7327,2.4006,2.7736,1.4914,2.0427,2.6459,1.5112,2.1245,2.7955,0.073931,2.234,2.5413,0.068916,2.4082,2.9176,0.091191,2.3878,2.6192,0.05934
2.1529,2.8884,1.7551,2.1814,2.7815,1.7857,2.3101,2.8278,1.5953,2.0587,2.7479,1.6025,2.09,2.7966,1.7327,2.4005,2.7728,1.491,2.0415,2.6484,1.5111,2.1245,2.7957,0.073704,2.234,2.5413,0.068941,2.4075,2.924,0.092494,2.3836,2.6255,0.059256
2.1536,2.8898,1.7548,2.1814,2.783,1.7856,2.3105,2.8352,1.5975,2.0584,2.7498,1.6025,2.09,2.7986,1.7326,2.4005,2.7719,1.4905,2.0403,2.6509,1.5109,2.1244,2.7958,0.073498,2.2341,2.5414,0.068953,2.4074,2.9313,0.094202,2.3795,2.6329,0.059077
2.1543,2.8913,1.7548,2.1815,2.7845,1.7855,2.3107,2.8357,1.5972,2.0581,2.752,1.6025,2.0901,2.8003,1.7326,2.4004,2.7712,1.4901,2.0391,2.6536,1.5109,2.1244,2.7959,0.073313,2.2341,2.5414,0.068989,2.4069,2.9378,0.095624,2.376,2.6399,0.059151
2.155,2.8927,1.7546,2.1816,2.7858,1.7855,2.311,2.8364,1.5969,2.0581,2.7539,1.6025,2.0904,2.8021,1.7325,2.4003,2.7705,1.4897,2.0381,2.6562,1.5109,2.1243,2.796,0.0731,2.2341,2.5415,0.069048,2.4064,2.9445,0.097104,2.3723,2.6469,0.059272
2.1558,2.8943,1.7546,2.1819,2.7872,1.7854,2.3114,2.837,1.5967,2.0579,2.756,1.6026,2.0907,2.8042,1.7326,2.4002,2.7698,1.4892,2.0372,2.6588,1.5109,2.1242,2.7961,0.072911,2.2341,2.5415,0.069128,2.4059,2.9513,0.098644,2.369,2.6545,0.059013
2.1566,2.8957,1.7546,2.1822,2.7884,1.7853,2.3139,2.8348,1.5951,2.0578,2.7583,1.6028,2.0911,2.8061,1.7326,2.4002,2.7693,1.4888,2.0363,2.6615,1.5109,2.1242,2.7962,0.072723,2.2341,2.5416,0.069223,2.4056,2.9578,0.099896,2.3659,2.6617,0.058831
2.1577,2.8972,1.7544,2.1827,2.79,1.7852,2.314,2.8334,1.5942,2.0578,2.7604,1.6027,2.0913,2.8079,1.7327,2.4002,2.7688,1.4883,2.0355,2.6639,1.5109,2.1241,2.7963,0.072528,2.2341,2.5417,0.0693,2.4053,2.9646,0.10115,2.363,2.6691,0.058823
2.1588,2.8988,1.7544,2.1832,2.7913,1.7852,2.3141,2.8362,1.5948,2.0578,2.7625,1.6028,2.0919,2.8098,1.7327,2.4002,2.7684,1.4878,2.0346,2.6666,1.5109,2.124,2.7964,0.072334,2.2341,2.5417,0.069358,2.4051,2.9716,0.10252,2.3601,2.6765,0.058571
2.1598,2.9003,1.7544,2.1836,2.7925,1.785,2.313,2.8325,1.5935,2.0579,2.7647,1.6029,2.0924,2.8117,1.7326,2.4002,2.7679,1.4872,2.0339,2.6691,1.5109,2.124,2.7965,0.072162,2.2341,2.5417,0.069475,2.4047,2.9786,0.10386,2.3569,2.6843,0.057799
2.161,2.9018,1.7544,2.184,2.794,1.785,2.3135,2.8331,1.5933,2.058,2.7668,1.6029,2.093,2.8135,1.7327,2.4001,2.7675,1.4867,2.0332,2.6724,1.5104,2.1239,2.7966,0.071997,2.2341,2.5418,0.069513,2.4044,2.9856,0.10514,2.3544,2.6922,0.057069
2.1622,2.9034,1.7544,2.1846,2.7954,1.7849,2.3159,2.8354,1.5934,2.0581,2.7692,1.6031,2.0936,2.8156,1.7329,2.4001,2.7672,1.4861,2.0324,2.6752,1.5106,2.1239,2.7967,0.071839,2.2341,2.5419,0.069578,2.404,2.9926,0.10644,2.352,2.7001,0.056352
2.1634,2.905,1.7545,2.1852,2.7967,1.7849,2.3164,2.8362,1.5931,2.0585,2.7714,1.6032,2.0944,2.8175,1.7329,2.4001,2.7669,1.4855,2.0318,2.6778,1.5107,2.1239,2.7968,0.071705,2.2341,2.5419,0.069668,2.4036,2.9996,0.10777,2.3495,2.7077,0.055794
2.1647,2.9063,1.7545,2.1858,2.7979,1.7847,2.317,2.8373,1.593,2.0588,2.7736,1.6033,2.0951,2.8196,1.733,2.4002,2.7668,1.4848,2.0312,2.6805,1.5108,2.1239,2.7969,0.071546,2.2341,2.5419,0.069696,2.403,3.0068,0.10909,2.347,2.7157,0.054649
2.1661,2.9079,1.7546,2.1866,2.7994,1.7847,2.3177,2.8382,1.5927,2.059,2.7761,1.6033,2.0959,2.8216,1.733,2.4002,2.7667,1.4842,2.0307,2.683,1.5108,2.1238,2.797,0.071469,2.235,2.5417,0.069559,2.4022,3.014,0.11051,2.3454,2.7231,0.053814
2.1675,2.9095,1.7546,2.1875,2.8008,1.7845,2.3182,2.8396,1.5929,2.0594,2.7783,1.6035,2.0967,2.8234,1.7331,2.4003,2.7666,1.4834,2.0303,2.6858,1.5109,2.1238,2.7971,0.071356,2.2353,2.5414,0.069664,2.4014,3.0212,0.11185,2.3426,2.7315,0.052414
2.1689,2.9109,1.7547,2.1883,2.802,1.7844,2.3187,2.8409,1.5928,2.0598,2.7807,1.6037,2.0976,2.8254,1.7332,2.4003,2.7668,1.4826,2.0298,2.6886,1.511,2.1238,2.7972,0.071242,2.2352,2.5415,0.069768,2.4004,3.0282,0.11314,2.3409,2.7395,0.051429
2.1705,2.9127,1.7547,2.189,2.8036,1.7844,2.3182,2.8386,1.5913,2.0602,2.7831,1.6038,2.0986,2.8275,1.7333,2.4001,2.7671,1.482,2.0294,2.6913,1.511,2.1237,2.7972,0.071152,2.2352,2.5415,0.069829,2.3992,3.035,0.11442,2.3391,2.7467,0.050646
2.172,2.9143,1.7548,2.1896,2.8052,1.7844,2.3206,2.8402,1.5908,2.0607,2.7856,1.6038,2.0996,2.8297,1.7335,2.4002,2.7673,1.4812,2.0289,2.6941,1.5111,2.1237,2.7973,0.071026,2.2352,2.5416,0.069902,2.3979,3.042,0.11574,2.3379,2.7536,0.050036
2.174,2.916,1.7548,2.1913,2.8065,1.784,2.3215,2.8403,1.5903,2.0612,2.7881,1.604,2.1006,2.8319,1.7336,2.4001,2.7678,1.4804,2.0286,2.6969,1.5112,2.1236,2.7973,0.070918,2.2352,2.5417,0.069976,2.3963,3.0486,0.11694,2.3362,2.7607,0.04903
2.1755,2.9175,1.7549,2.192,2.8082,1.784,2.3222,2.8415,1.5898,2.0615,2.7909,1.6044,2.1017,2.8339,1.7337,2.4,2.7682,1.4798,2.0282,2.6999,1.5112,2.1236,2.7974,0.0708,2.2352,2.5417,0.070054,2.3946,3.055,0.11794,2.3349,2.7677,0.04837
2.177,2.919,1.7548,2.1929,2.8096,1.7839,2.3225,2.844,1.5901,2.0621,2.7933,1.6045,2.1029,2.8363,1.7339,2.4001,2.7687,1.4791,2.0278,2.7027,1.5111,2.1236,2.7975,0.070664,2.2352,2.5418,0.070144,2.393,3.0612,0.1191,2.3335,2.7741,0.047349
2.1792,2.9205,1.7549,2.1938,2.8118,1.7838,2.3231,2.8453,1.5897,2.0625,2.7959,1.6046,2.1039,2.8383,1.7339,2.4002,2.7694,1.4783,2.0275,2.7055,1.5111,2.1235,2.7975,0.070516,2.2351,2.5418,0.070224,2.3913,3.0671,0.11993,2.3316,2.7809,0.046073
2.1808,2.922,1.7546,2.1952,2.8128,1.7834,2.3236,2.8475,1.5898,2.063,2.7986,1.6048,2.105,2.8409,1.7342,2.4001,2.7702,1.4776,2.0272,2.7087,1.5111,2.1235,2.7976,0.070389,2.2351,2.5419,0.070327,2.3897,3.0727,0.12052,2.331,2.7864,0.045954
2.1829,2.9231,1.7545,2.196,2.8146,1.7834,2.3244,2.8487,1.5894,2.0636,2.8014,1.6049,2.1061,2.8429,1.7342,2.4002,2.7709,1.477,2.027,2.7119,1.5111,2.1234,2.7976,0.070255,2.2351,2.5419,0.070438,2.388,3.0782,0.12138,2.3293,2.7918,0.045012
2.1842,2.9258,1.7548,2.1974,2.8162,1.7831,2.3256,2.8486,1.5885,2.0646,2.8042,1.6044,2.1073,2.8453,1.7342,2.4003,2.7716,1.4764,2.0267,2.715,1.5111,2.1234,2.7977,0.070133,2.235,2.542,0.070539,2.3868,3.0829,0.12193,2.3273,2.7977,0.044061
2.1858,2.9281,1.755,2.1982,2.8178,1.7829,2.3266,2.8493,1.5878,2.0649,2.8068,1.605,2.1084,2.8476,1.7343,2.4004,2.7722,1.4758,2.0265,2.7185,1.5109,2.1233,2.7977,0.069998,2.235,2.5421,0.070648,2.3854,3.0875,0.12229,2.3265,2.8019,0.04378
2.1876,2.9298,1.7552,2.1989,2.8201,1.783,2.3271,2.8516,1.5878,2.0661,2.8099,1.6045,2.1094,2.8502,1.7344,2.4005,2.7727,1.4754,2.0263,2.722,1.5109,2.1233,2.7978,0.069871,2.2349,2.5421,0.070785,2.3842,3.0917,0.12255,2.3247,2.8065,0.043465
2.1889,2.9327,1.7556,2.1998,2.8225,1.7829,2.3277,2.8536,1.5879,2.0662,2.8129,1.605,2.1106,2.8526,1.7344,2.4007,2.7733,1.4749,2.026,2.7255,1.5107,2.1233,2.7979,0.069749,2.2349,2.5422,0.070928,2.383,3.0953,0.12273,2.3227,2.8111,0.042315
2.1907,2.9349,1.7554,2.2008,2.8247,1.7827,2.3287,2.8547,1.5873,2.0674,2.816,1.6044,2.1117,2.8552,1.7344,2.4009,2.7738,1.4745,2.0259,2.7291,1.5105,2.1232,2.798,0.069619,2.2348,2.5422,0.071098,2.3818,3.0987,0.12264,2.3207,2.8143,0.041929
2.1922,2.9371,1.7557,2.2019,2.8265,1.7825,2.33,2.8541,1.5859,2.0676,2.819,1.6048,2.1128,2.8579,1.7342,2.401,2.7743,1.4741,2.0258,2.7328,1.5103,2.1232,2.7981,0.069504,2.2348,2.5423,0.071284,2.3808,3.1015,0.12231,2.3189,2.8178,0.041645
2.1932,2.9403,1.7559,2.2029,2.8287,1.7823,2.3305,2.8577,1.5866,2.0687,2.8224,1.6043,2.1138,2.8605,1.7342,2.4013,2.7748,1.4737,2.0256,2.7367,1.5101,2.1231,2.7982,0.069369,2.2347,2.5424,0.071478,2.3797,3.104,0.12174,2.3174,2.8198,0.04209
2.1947,2.9425,1.7558,2.2037,2.8307,1.7819,2.3315,2.8585,1.5858,2.0693,2.8255,1.6043,2.1149,2.8633,1.7341,2.4016,2.7755,1.4733,2.0256,2.7402,1.5098,2.1231,2.7982,0.06925,2.2347,2.5425,0.071648,2.3784,3.1064,0.12095,2.3154,2.8221,0.041743
2.1962,2.9454,1.756,2.205,2.833,1.7817,2.3324,2.8596,1.5852,2.0699,2.8288,1.6041,2.1159,2.8662,1.7338,2.402,2.7762,1.4728,2.0257,2.744,1.5096,2.1231,2.7983,0.069126,2.2347,2.5425,0.07182,2.377,3.1084,0.11993,2.3136,2.8239,0.041383
2.1981,2.9476,1.7559,2.2059,2.8353,1.7815,2.3331,2.8613,1.5849,2.0707,2.8321,1.6038,2.117,2.8691,1.7337,2.4023,2.777,1.4724,2.0256,2.7479,1.5093,2.1227,2.7986,0.069238,2.2346,2.5426,0.071999,2.3756,3.1099,0.1186,2.3115,2.8254,0.041186
2.1997,2.9498,1.7555,2.2067,2.8375,1.7812,2.3339,2.8633,1.5848,2.0715,2.8357,1.6036,2.1179,2.8721,1.7335,2.4026,2.7778,1.4719,2.0258,2.7516,1.5091,2.1226,2.7987,0.069191,2.2346,2.5426,0.072158,2.3742,3.1114,0.11729,2.3095,2.8267,0.040689
2.2012,2.9521,1.7553,2.2075,2.8398,1.7809,2.3348,2.8655,1.5846,2.0722,2.8389,1.6034,2.1189,2.875,1.7332,2.4028,2.7786,1.4715,2.0258,2.7554,1.5087,2.1224,2.7989,0.069145,2.2345,2.5427,0.072324,2.3727,3.1125,0.11556,2.3074,2.8278,0.040224
2.2026,2.954,1.755,2.2082,2.8422,1.7806,2.3357,2.8676,1.5846,2.0729,2.8423,1.603,2.1199,2.878,1.7331,2.4033,2.7798,1.4708,2.0261,2.7593,1.5085,2.1223,2.7991,0.069135,2.2344,2.5427,0.07251,2.3711,3.1134,0.11367,2.3056,2.8286,0.039744
2.2041,2.9567,1.7548,2.2087,2.8446,1.7804,2.3365,2.8697,1.5846,2.0736,2.8456,1.6028,2.1208,2.8809,1.7327,2.4036,2.781,1.4703,2.0262,2.763,1.5082,2.1223,2.7993,0.068944,2.2344,2.5428,0.072693,2.3686,3.1148,0.11107,2.3055,2.8288,0.040258
2.2055,2.9591,1.7546,2.2097,2.8472,1.7801,2.3373,2.8717,1.5846,2.0743,2.849,1.6024,2.1218,2.8841,1.7325,2.404,2.7826,1.4697,2.0265,2.7667,1.5078,2.1223,2.7994,0.068859,2.2343,2.5429,0.072919,2.3665,3.1164,0.1088,2.3058,2.8292,0.040613
2.207,2.9615,1.7545,2.2103,2.8495,1.7798,2.3381,2.8737,1.5845,2.0751,2.8525,1.6023,2.1227,2.8869,1.7322,2.4044,2.7843,1.469,2.0268,2.7703,1.5076,2.1222,2.7995,0.068784,2.2343,2.543,0.073169,2.3651,3.1175,0.10649,2.3063,2.8296,0.04119
2.2083,2.9642,1.7544,2.2109,2.8523,1.7797,2.3391,2.8754,1.5838,2.076,2.8559,1.602,2.1236,2.89,1.7321,2.4048,2.7862,1.4683,2.0271,2.7742,1.5073,2.1222,2.7995,0.06869,2.2342,2.5431,0.073509,2.3643,3.1189,0.10387,2.3067,2.8301,0.041618
2.2097,2.9666,1.7542,2.2117,2.8548,1.7795,2.34,2.8769,1.5833,2.0769,2.8595,1.6016,2.1247,2.8932,1.7319,2.4051,2.7888,1.4677,2.0275,2.7777,1.507,2.1221,2.7996,0.068603,2.2341,2.5432,0.073974,2.3638,3.1204,0.10116,2.307,2.8307,0.042091
2.2109,2.9695,1.7543,2.2127,2.8573,1.7791,2.341,2.8792,1.583,2.0776,2.8631,1.6014,2.1256,2.8963,1.7318,2.4056,2.7912,1.4672,2.0278,2.7815,1.5068,2.1221,2.7997,0.068511,2.234,2.5433,0.074502,2.3636,3.1216,0.098214,2.3073,2.8311,0.04266
2.2123,2.9724,1.7543,2.2135,2.86,1.7788,2.3417,2.8821,1.583,2.0784,2.8667,1.6013,2.1268,2.8996,1.7317,2.406,2.794,1.4665,2.0282,2.7851,1.5068,2.122,2.7998,0.068419,2.2338,2.5434,0.075137,2.3635,3.1226,0.095693,2.3075,2.8316,0.043263
2.2137,2.9752,1.7543,2.2143,2.8627,1.7786,2.3424,2.8855,1.5833,2.0791,2.8703,1.6012,2.1276,2.9026,1.7315,2.4065,2.7968,1.4659,2.0286,2.7888,1.5069,2.1219,2.7999,0.068308,2.2337,2.5436,0.07586,2.3636,3.1235,0.093176,2.3078,2.8321,0.043811
2.2149,2.9778,1.7542,2.2152,2.8655,1.7783,2.3434,2.8884,1.583,2.08,2.8739,1.601,2.1288,2.9057,1.7314,2.4068,2.8003,1.4655,2.0291,2.7922,1.5069,2.1218,2.8001,0.068178,2.2335,2.5439,0.07659,2.3639,3.1242,0.090597,2.3079,2.8326,0.044357
2.2161,2.9811,1.7542,2.2162,2.8684,1.778,2.3442,2.8912,1.5828,2.0808,2.8778,1.6009,2.1298,2.9092,1.7312,2.4076,2.8036,1.4649,2.0296,2.796,1.5071,2.1217,2.8002,0.068058,2.2333,2.5442,0.077487,2.3644,3.1249,0.088462,2.3079,2.8332,0.044857
2.2173,2.9842,1.7541,2.2171,2.8716,1.7779,2.3454,2.8932,1.5819,2.0819,2.8815,1.6007,2.1308,2.9128,1.7311,2.4081,2.807,1.4644,2.0301,2.7995,1.5073,2.1216,2.8004,0.067927,2.233,2.5446,0.078409,2.3651,3.1256,0.086316,2.3079,2.8336,0.045373
2.2186,2.9876,1.754,2.2179,2.8748,1.7778,2.3461,2.8962,1.5816,2.0827,2.8852,1.6007,2.1319,2.9163,1.7312,2.4086,2.8109,1.4641,2.0308,2.8033,1.5075,2.1216,2.8005,0.067777,2.2328,2.545,0.07955,2.3657,3.1261,0.084435,2.3078,2.8339,0.045806
2.2198,2.9909,1.7539,2.2191,2.8781,1.7777,2.3469,2.9004,1.582,2.0835,2.889,1.6006,2.1329,2.9199,1.731,2.4094,2.8147,1.4637,2.0315,2.807,1.5077,2.1215,2.8006,0.067673,2.2325,2.5452,0.080869,2.3662,3.1267,0.082909,2.3078,2.8342,0.046257
2.2209,2.9944,1.7539,2.2201,2.8818,1.7774,2.3478,2.9035,1.5817,2.0844,2.8928,1.6007,2.134,2.9235,1.731,2.41,2.8185,1.4634,2.0322,2.8108,1.5079,2.1214,2.8007,0.067583,2.232,2.5455,0.082243,2.3666,3.1271,0.081404,2.3078,2.8344,0.04666
2.2222,2.9982,1.7538,2.2209,2.8852,1.7774,2.3488,2.9071,1.5816,2.0854,2.8967,1.6006,2.1351,2.9274,1.7309,2.4106,2.8225,1.4632,2.0328,2.8144,1.508,2.1213,2.8008,0.06746,2.2316,2.5459,0.083519,2.3669,3.1274,0.080263,2.3078,2.8346,0.047038
2.2234,3.0017,1.7537,2.2221,2.889,1.7771,2.3498,2.9101,1.5812,2.0865,2.9006,1.6004,2.1362,2.9312,1.7308,2.4114,2.8267,1.4629,2.0336,2.8182,1.5082,2.1213,2.801,0.06737,2.2313,2.5464,0.085045,2.367,3.1275,0.079885,2.3078,2.8348,0.047238
2.2244,3.0056,1.7534,2.2231,2.8928,1.7772,2.3507,2.9138,1.5809,2.0874,2.9047,1.6006,2.1373,2.9351,1.7309,2.4122,2.8305,1.4626,2.0344,2.8221,1.5085,2.1212,2.8011,0.067294,2.2308,2.547,0.086725,2.3671,3.1276,0.079529,2.3078,2.8349,0.047362
2.2257,3.0095,1.7534,2.2242,2.8964,1.7771,2.3517,2.9177,1.5809,2.0883,2.9085,1.6006,2.1384,2.9391,1.7308,2.4129,2.8347,1.4625,2.0351,2.8258,1.5087,2.1212,2.8012,0.067186,2.2304,2.5474,0.088211,2.3672,3.1277,0.079225,2.3077,2.835,0.047489
2.2269,3.0138,1.7533,2.2252,2.9008,1.777,2.3526,2.9217,1.5806,2.0892,2.9125,1.6006,2.1395,2.943,1.7308,2.4137,2.8385,1.4626,2.036,2.8298,1.5091,2.1211,2.8013,0.067119,2.23,2.548,0.089948,2.3673,3.1278,0.078922,2.3077,2.8351,0.047583
2.2281,3.0177,1.7531,2.2264,2.905,1.7769,2.3536,2.9253,1.5805,2.0903,2.9166,1.6007,2.1405,2.9474,1.7307,2.4145,2.8423,1.4626,2.0368,2.8337,1.5094,2.121,2.8015,0.067009,2.2295,2.5485,0.091964,2.3673,3.1279,0.078667,2.3076,2.8351,0.047664
2.2292,3.0221,1.753,2.2274,2.9092,1.7769,2.3546,2.9302,1.5807,2.0913,2.9208,1.6006,2.1417,2.9517,1.7307,2.4155,2.8464,1.4625,2.0377,2.8374,1.5098,2.1209,2.8017,0.066903,2.229,2.5492,0.093792,2.3673,3.128,0.078453,2.3076,2.8352,0.0477
2.2304,3.0265,1.7527,2.2286,2.9136,1.777,2.3555,2.9334,1.5805,2.0923,2.9247,1.6008,2.1426,2.956,1.7306,2.4161,2.8502,1.4627,2.0386,2.8413,1.51,2.1209,2.8019,0.066787,2.2285,2.5498,0.095928,2.3673,3.1281,0.078251,2.3076,2.8353,0.047754
2.2314,3.0308,1.7524,2.2296,2.9184,1.7771,2.3568,2.9367,1.5797,2.0931,2.929,1.6009,2.1437,2.9604,1.7306,2.4172,2.8534,1.4628,2.0395,2.8452,1.5104,2.1208,2.8021,0.066643,2.2282,2.5508,0.098015,2.3672,3.1282,0.078044,2.3076,2.8353,0.047756
2.2326,3.0353,1.7522,2.2306,2.9227,1.7771,2.3576,2.9414,1.5804,2.0942,2.933,1.6009,2.1447,2.9649,1.7307,2.4183,2.857,1.463,2.0404,2.8491,1.5109,2.1208,2.8023,0.06646,2.2276,2.5518,0.10036,2.3671,3.1283,0.077912,2.3075,2.8353,0.047781
2.2333,3.0401,1.7522,2.2315,2.9273,1.7772,2.3584,2.9455,1.5804,2.0951,2.9373,1.601,2.1458,2.9694,1.7306,2.4192,2.8608,1.463,2.0413,2.8532,1.5111,2.1208,2.8026,0.066305,2.2272,2.5526,0.10287,2.3671,3.1284,0.077766,2.3075,2.8354,0.047806
2.2346,3.0443,1.7519,2.2324,2.9321,1.7774,2.3594,2.9492,1.5803,2.0962,2.9414,1.6011,2.1466,2.9738,1.7306,2.42,2.8645,1.4632,2.0422,2.8572,1.5115,2.1208,2.8028,0.066171,2.2266,2.5536,0.1055,2.367,3.1285,0.077642,2.3075,2.8354,0.047822
2.2353,3.0492,1.7518,2.2335,2.9367,1.7775,2.3604,2.9536,1.5805,2.0971,2.9456,1.6011,2.1476,2.9784,1.7307,2.421,2.8681,1.4637,2.0432,2.8609,1.5118,2.1207,2.803,0.066047,2.226,2.5548,0.10814,2.367,3.1286,0.077531,2.3075,2.8354,0.047862
2.2363,3.0536,1.7516,2.2343,2.9411,1.7777,2.3614,2.9574,1.5807,2.098,2.9496,1.6013,2.1485,2.9827,1.7307,2.4221,2.8719,1.4638,2.0441,2.865,1.5123,2.1207,2.8032,0.06593,2.2254,2.5561,0.11081,2.3669,3.1287,0.07741,2.3074,2.8355,0.047869
2.2371,3.058,1.7516,2.2352,2.9456,1.7778,2.3626,2.9616,1.5809,2.0989,2.9539,1.6014,2.1494,2.9871,1.7307,2.423,2.8757,1.4639,2.045,2.869,1.5127,2.1207,2.8035,0.06577,2.2248,2.5573,0.11367,2.3669,3.1287,0.077308,2.3074,2.8355,0.04789
2.2381,3.0623,1.7515,2.2362,2.9502,1.778,2.3634,2.966,1.5813,2.1,2.9578,1.6014,2.1504,2.9917,1.7307,2.4239,2.8795,1.4644,2.0461,2.873,1.5131,2.1207,2.8038,0.065725,2.2242,2.5586,0.11649,2.3668,3.1288,0.077233,2.3074,2.8355,0.047921
2.239,3.0671,1.7517,2.2369,2.9545,1.7783,2.3645,2.9697,1.5814,2.101,2.9621,1.6016,2.1513,2.996,1.7307,2.425,2.8836,1.4648,2.047,2.8768,1.5135,2.1206,2.804,0.065624,2.2236,2.5599,0.11942,2.3668,3.1288,0.077161,2.3074,2.8355,0.04789
2.24,3.0712,1.7516,2.2379,2.959,1.7784,2.3654,2.9741,1.5817,2.102,2.9661,1.6016,2.1522,3.0004,1.7309,2.4261,2.8872,1.4648,2.048,2.8807,1.5141,2.1204,2.8043,0.065621,2.223,2.5615,0.12232,2.3668,3.1288,0.077127,2.3074,2.8355,0.047904
2.2408,3.0757,1.7516,2.2387,2.9635,1.7787,2.3664,2.9781,1.5821,2.1029,2.9701,1.6019,2.1529,3.0046,1.7311,2.4271,2.8912,1.4652,2.0491,2.8848,1.5146,2.1204,2.8046,0.065526,2.2224,2.5633,0.12538,2.3669,3.1289,0.077093,2.3075,2.8355,0.047894
2.2419,3.08,1.7518,2.2396,2.9676,1.7791,2.3675,2.982,1.5824,2.1039,2.974,1.6022,2.154,3.0086,1.7312,2.428,2.8954,1.4656,2.0501,2.8886,1.515,2.1202,2.8049,0.0655,2.2217,2.565,0.12885,2.3669,3.1289,0.077046,2.3075,2.8355,0.047864
2.2425,3.0841,1.752,2.2406,2.9718,1.7793,2.3684,2.9865,1.5827,2.1049,2.9781,1.6022,2.1549,3.0128,1.7314,2.4291,2.8997,1.4658,2.0511,2.8924,1.5155,2.1201,2.8053,0.065455,2.2211,2.5671,0.1325,2.3669,3.1289,0.077038,2.3075,2.8355,0.047862
2.2437,3.0885,1.7522,2.2417,2.9763,1.7795,2.3696,2.9902,1.5828,2.1061,2.9822,1.6025,2.1561,3.0171,1.7317,2.4301,2.9034,1.466,2.0522,2.8963,1.516,2.12,2.8056,0.065332,2.2205,2.5694,0.13623,2.3669,3.1289,0.077003,2.3076,2.8355,0.047836
2.2446,3.0926,1.7522,2.2427,2.9801,1.7797,2.3704,2.9944,1.5829,2.107,2.9862,1.6028,2.1569,3.0211,1.7319,2.431,2.9077,1.4662,2.0531,2.9001,1.5166,2.1199,2.8061,0.065232,2.2199,2.5719,0.14035,2.3669,3.1289,0.076981,2.3076,2.8355,0.047843
2.2456,3.0965,1.7525,2.2438,2.9845,1.7799,2.3714,2.999,1.5831,2.1079,2.99,1.603,2.158,3.025,1.7321,2.432,2.9119,1.4665,2.054,2.9039,1.517,2.1198,2.8067,0.065124,2.2192,2.5749,0.14451,2.367,3.1289,0.076958,2.3076,2.8355,0.047808
2.2468,3.1007,1.7527,2.2449,2.9886,1.7801,2.3725,3.0027,1.5832,2.1089,2.9941,1.6034,2.159,3.0291,1.7324,2.4331,2.9161,1.4664,2.0551,2.9079,1.5176,2.1197,2.8072,0.065022,2.2189,2.5783,0.14889,2.367,3.1289,0.076931,2.3077,2.8354,0.047828
2.2477,3.1046,1.7529,2.246,2.9927,1.7803,2.3733,3.0077,1.5836,2.1099,2.9981,1.6036,2.1602,3.0331,1.7326,2.4339,2.9203,1.4668,2.056,2.9116,1.518,2.1196,2.8079,0.064836,2.2182,2.5816,0.15368,2.367,3.1289,0.076931,2.3077,2.8355,0.047791
2.2487,3.1091,1.7529,2.247,2.9968,1.7805,2.3744,3.0113,1.5836,2.111,3.0022,1.6038,2.1612,3.0373,1.7327,2.4348,2.9245,1.4669,2.057,2.9153,1.5185,2.1195,2.8087,0.064639,2.2175,2.5853,0.15877,2.367,3.1289,0.076896,2.3077,2.8355,0.047781
2.2497,3.1131,1.7529,2.2483,3.001,1.7806,2.3754,3.0149,1.5829,2.1119,3.0062,1.604,2.1622,3.0414,1.7329,2.436,2.9286,1.467,2.058,2.9194,1.5188,2.1194,2.8095,0.064474,2.2165,2.5895,0.16387,2.367,3.1289,0.07687,2.3078,2.8354,0.047748
2.2504,3.1172,1.753,2.2491,3.0052,1.7805,2.3762,3.0195,1.5834,2.1127,3.0099,1.6041,2.1632,3.0454,1.733,2.4369,2.9328,1.467,2.059,2.9229,1.5191,2.1193,2.8104,0.064346,2.2156,2.5938,0.16937,2.367,3.1289,0.076855,2.3078,2.8354,0.047741
2.2516,3.1214,1.7528,2.2502,3.0093,1.7805,2.3771,3.0239,1.5832,2.1136,3.0138,1.6042,2.1641,3.0495,1.733,2.4376,2.9374,1.4673,2.0599,2.9268,1.5195,2.1191,2.8117,0.064242,2.2146,2.599,0.17515,2.367,3.1289,0.076812,2.3078,2.8354,0.047727
2.252,3.1258,1.7528,2.2512,3.0137,1.7804,2.3781,3.0274,1.5829,2.1145,3.0179,1.6042,2.165,3.0538,1.7329,2.4386,2.9414,1.4673,2.061,2.9305,1.5195,2.1189,2.8133,0.064047,2.2135,2.6042,0.18142,2.367,3.1289,0.076805,2.3078,2.8354,0.047712
2.253,3.1297,1.7523,2.2521,3.0177,1.7802,2.3789,3.0322,1.5828,2.1154,3.022,1.604,2.1658,3.0577,1.7326,2.4396,2.9454,1.4671,2.062,2.9342,1.5197,2.1186,2.815,0.063772,2.2122,2.6095,0.18794,2.367,3.1289,0.076759,2.3078,2.8354,0.047693
2.2537,3.1344,1.7521,2.2528,3.0222,1.7801,2.3796,3.0361,1.5826,2.1164,3.0257,1.6036,2.1666,3.062,1.7322,2.4404,2.9496,1.4671,2.0628,2.938,1.5198,2.1182,2.8169,0.063583,2.211,2.6157,0.19471,2.367,3.1289,0.076733,2.3078,2.8354,0.047656
2.2544,3.1381,1.7516,2.2538,3.0263,1.7798,2.3805,3.0405,1.5824,2.1171,3.0299,1.6033,2.1673,3.0661,1.7321,2.4412,2.954,1.467,2.0638,2.9415,1.5198,2.118,2.819,0.063161,2.2097,2.6222,0.20187,2.367,3.1289,0.076696,2.3078,2.8354,0.047649
2.255,3.1428,1.7511,2.2544,3.0302,1.7792,2.3813,3.0446,1.5821,2.1179,3.0337,1.603,2.168,3.0702,1.7315,2.4422,2.9578,1.4667,2.0647,2.9452,1.5197,2.1174,2.8211,0.062749,2.208,2.6292,0.20892,2.367,3.1289,0.076668,2.3079,2.8354,0.047623
2.2558,3.1467,1.7505,2.2551,3.0347,1.7788,2.3819,3.0485,1.5815,2.1185,3.0376,1.6024,2.1687,3.0744,1.7309,2.4429,2.9623,1.4664,2.0655,2.9485,1.5196,2.1169,2.8236,0.062206,2.2062,2.6365,0.21611,2.367,3.1289,0.076654,2.3079,2.8353,0.047598
2.2562,3.1512,1.7498,2.2558,3.0389,1.7783,2.3828,3.0536,1.5814,2.1193,3.0415,1.6018,2.1694,3.0785,1.7303,2.4436,2.9664,1.4662,2.0663,2.9525,1.5194,2.116,2.8264,0.061609,2.2041,2.6444,0.22368,2.367,3.1289,0.076625,2.3079,2.8354,0.047576
2.2568,3.1552,1.749,2.2563,3.0432,1.7777,2.3834,3.0567,1.5805,2.1199,3.0454,1.6011,2.1699,3.0828,1.7295,2.4445,2.97,1.4655,2.067,2.9556,1.5192,2.1151,2.8294,0.060918,2.2021,2.6528,0.23111,2.367,3.1289,0.076582,2.3079,2.8353,0.047547
2.2574,3.1596,1.7482,2.257,3.0476,1.777,2.3841,3.0607,1.5794,2.1206,3.0493,1.6005,2.1704,3.0867,1.7287,2.445,2.9744,1.4651,2.0677,2.9591,1.5187,2.1143,2.8324,0.060054,2.1998,2.6612,0.23871,2.3671,3.1289,0.076535,2.308,2.8353,0.047539
2.2578,3.1637,1.7474,2.2573,3.0517,1.7763,2.3848,3.0637,1.5783,2.1211,3.0532,1.5997,2.171,3.0908,1.7282,2.4455,2.9786,1.4647,2.0682,2.9624,1.5184,2.1134,2.8358,0.05919,2.1972,2.6704,0.24611,2.3671,3.1289,0.076502,2.308,2.8353,0.047519
2.2583,3.1677,1.7464,2.2578,3.0561,1.7757,2.3852,3.0681,1.5778,2.1216,3.057,1.599,2.1714,3.0949,1.7274,2.4461,2.9822,1.464,2.0689,2.9659,1.5179,2.1122,2.8394,0.058402,2.1939,2.6795,0.25346,2.3671,3.1289,0.076448,2.3083,2.8347,0.0475
2.2586,3.1721,1.7455,2.2581,3.0602,1.7749,2.3854,3.0725,1.5775,2.122,3.0609,1.5982,2.1717,3.0991,1.7265,2.4465,2.9867,1.4634,2.0693,2.9692,1.5175,2.1111,2.8429,0.057562,2.1906,2.6871,0.26005,2.3671,3.1289,0.076377,2.3082,2.8352,0.047611
2.2588,3.1762,1.7445,2.2586,3.0644,1.774,2.3857,3.0767,1.5768,2.1224,3.0647,1.5973,2.172,3.103,1.7256,2.447,2.9903,1.4627,2.0699,2.9724,1.517,2.1099,2.8469,0.056698,2.1885,2.6944,0.26528,2.3671,3.1289,0.076284,2.3082,2.8352,0.047601
2.2593,3.1805,1.7434,2.2587,3.0686,1.7733,2.3861,3.0809,1.5763,2.1227,3.0684,1.5965,2.1724,3.1071,1.7247,2.4473,2.9944,1.462,2.0702,2.9757,1.5164,2.1087,2.8522,0.056657,2.1857,2.7011,0.26855,2.3671,3.1289,0.076203,2.3084,2.835,0.047667
2.2592,3.1845,1.7425,2.2591,3.0728,1.7724,2.3864,3.0848,1.5755,2.123,3.0721,1.5956,2.1725,3.1111,1.7238,2.4476,2.9982,1.4613,2.0706,2.9788,1.516,2.1082,2.8613,0.059003,2.1822,2.7062,0.26999,2.3672,3.1289,0.076147,2.3082,2.8351,0.047908
2.2592,3.1881,1.7413,2.2591,3.0767,1.7717,2.3865,3.0883,1.5744,2.1232,3.0756,1.5947,2.1727,3.1149,1.7229,2.4478,3.0021,1.4606,2.0708,2.9821,1.5153,2.1084,2.8726,0.062601,2.1787,2.7099,0.2705,2.3672,3.129,0.076082,2.3082,2.8351,0.047895
2.2595,3.1928,1.7404,2.2594,3.0808,1.7709,2.3866,3.0919,1.5735,2.1233,3.0793,1.5939,2.1727,3.1188,1.722,2.4481,3.0057,1.4599,2.0711,2.9852,1.5149,2.109,2.886,0.066783,2.1747,2.7145,0.26919,2.3672,3.1289,0.075995,2.3082,2.8351,0.047903
2.2592,3.1963,1.7395,2.2595,3.0847,1.7701,2.387,3.0953,1.5723,2.1234,3.0828,1.5932,2.1729,3.1227,1.7211,2.4481,3.0097,1.4592,2.0712,2.9884,1.5143,2.1096,2.8999,0.07051,2.1705,2.7197,0.26668,2.3673,3.129,0.07591,2.3082,2.8351,0.047932
2.2594,3.2006,1.7385,2.2596,3.0891,1.7695,2.3868,3.0994,1.572,2.1234,3.0863,1.5926,2.1729,3.1265,1.7203,2.4484,3.0132,1.4584,2.0712,2.9914,1.514,2.1103,2.9145,0.073837,2.1661,2.7256,0.26297,2.3673,3.1289,0.075815,2.3082,2.8352,0.04794
2.2595,3.2048,1.7377,2.2596,3.093,1.769,2.3867,3.103,1.5712,2.1234,3.0899,1.5921,2.1729,3.1305,1.7198,2.4482,3.0169,1.458,2.0712,2.9942,1.5136,2.1104,2.9293,0.076567,2.1616,2.7326,0.25809,2.3673,3.1289,0.075716,2.3082,2.8352,0.047966
2.2592,3.2086,1.737,2.2596,3.0971,1.7683,2.3867,3.1071,1.5709,2.1234,3.0935,1.5916,2.1728,3.1344,1.7193,2.4481,3.0207,1.4574,2.0711,2.997,1.5132,2.1097,2.9445,0.078899,2.1578,2.7398,0.25243,2.3673,3.129,0.075665,2.3082,2.8352,0.047971
2.2593,3.2125,1.7361,2.2597,3.101,1.7678,2.3865,3.111,1.5704,2.1232,3.0969,1.5913,2.1727,3.138,1.7187,2.448,3.0242,1.4571,2.071,3.0002,1.513,2.1083,2.9597,0.080725,2.1542,2.7478,0.24606,2.3673,3.129,0.075561,2.3082,2.8352,0.047996
2.2589,3.217,1.7357,2.2595,3.1049,1.7674,2.3863,3.1146,1.5699,2.1229,3.1001,1.5909,2.1726,3.1416,1.7182,2.4478,3.0278,1.4568,2.0709,3.0031,1.5128,2.1055,2.9753,0.082321,2.1512,2.7563,0.23899,2.3673,3.129,0.075501,2.3082,2.8352,0.04802
2.2587,3.2201,1.7347,2.2593,3.1091,1.767,2.3861,3.1178,1.5693,2.1225,3.1033,1.5911,2.1723,3.1458,1.7179,2.4477,3.0315,1.4565,2.0707,3.006,1.5127,2.1018,2.9907,0.083627,2.1483,2.766,0.23119,2.3673,3.129,0.075418,2.3081,2.8352,0.048044
2.2583,3.2238,1.7342,2.2591,3.1125,1.7667,2.3858,3.1204,1.5682,2.1221,3.1066,1.5909,2.172,3.1492,1.7174,2.4473,3.035,1.4563,2.0706,3.0088,1.5127,2.0969,3.0061,0.084326,2.1463,2.7764,0.22312,2.3673,3.129,0.07534,2.3081,2.8352,0.048059
2.258,3.2284,1.7339,2.2587,3.1165,1.7665,2.3851,3.1245,1.5685,2.1217,3.1099,1.5908,2.1717,3.1527,1.7173,2.4473,3.0382,1.456,2.0704,3.0117,1.5126,2.0913,3.0216,0.0846,2.1452,2.7884,0.21489,2.3673,3.1291,0.075289,2.3081,2.8352,0.048087
2.2573,3.2315,1.7333,2.2584,3.1203,1.7664,2.3848,3.1291,1.5687,2.1213,3.113,1.5906,2.1713,3.1565,1.7171,2.4469,3.042,1.4561,2.0701,3.0145,1.5126,2.085,3.0366,0.084048,2.144,2.8006,0.20678,2.3673,3.1291,0.075244,2.3081,2.8352,0.048096
2.2567,3.2348,1.733,2.2579,3.124,1.7663,2.3843,3.1321,1.5684,2.1209,3.1162,1.5904,2.1707,3.1597,1.7169,2.4466,3.0456,1.4559,2.0698,3.0174,1.5127,2.0784,3.0515,0.083153,2.1426,2.8132,0.19895,2.3673,3.1291,0.075162,2.3081,2.8352,0.048115
2.256,3.2377,1.7321,2.2574,3.1273,1.7661,2.384,3.1347,1.5676,2.1204,3.1192,1.5903,2.1701,3.163,1.7168,2.4462,3.0492,1.456,2.0695,3.0202,1.5127,2.0718,3.0666,0.081983,2.1413,2.8266,0.19091,2.3673,3.1291,0.075087,2.308,2.8352,0.048161
2.2553,3.2411,1.7319,2.2568,3.131,1.7661,2.3832,3.1385,1.5679,2.1199,3.1225,1.5903,2.1694,3.1665,1.7165,2.4458,3.0526,1.4559,2.0691,3.0231,1.5127,2.0653,3.0816,0.080925,2.1399,2.8397,0.18297,2.3672,3.1292,0.075031,2.308,2.8353,0.048185
2.2544,3.244,1.7316,2.2562,3.1345,1.7661,2.3827,3.1434,1.5683,2.1192,3.1256,1.5903,2.1688,3.1696,1.7162,2.4453,3.0563,1.4559,2.0686,3.0257,1.5128,2.0591,3.0972,0.080488,2.1387,2.8531,0.17472,2.3672,3.1292,0.074934,2.308,2.8353,0.048223
2.2534,3.2468,1.7314,2.2555,3.1375,1.766,2.382,3.146,1.5681,2.1185,3.1285,1.5903,2.168,3.1729,1.7162,2.4449,3.0598,1.4559,2.0682,3.0285,1.5128,2.0534,3.1124,0.08032,2.1363,2.8664,0.16661,2.3672,3.1292,0.074842,2.3078,2.8355,0.048024
2.2523,3.2504,1.7316,2.2546,3.1409,1.766,2.3813,3.1488,1.5675,2.1178,3.1312,1.5902,2.1672,3.176,1.7163,2.4443,3.0632,1.4559,2.0676,3.0315,1.513,2.048,3.1284,0.080582,2.1335,2.8803,0.15848,2.3672,3.1292,0.074751,2.3078,2.8355,0.048087
2.2515,3.2536,1.7316,2.2539,3.144,1.7659,2.3807,3.1516,1.5673,2.117,3.1345,1.5902,2.1664,3.1788,1.7162,2.4437,3.0672,1.456,2.0671,3.0343,1.5128,2.0438,3.1443,0.080765,2.1302,2.8939,0.15065,2.3672,3.1292,0.074651,2.3078,2.8356,0.048072
2.2503,3.2571,1.732,2.2531,3.1472,1.7659,2.3795,3.1569,1.5682,2.1163,3.1376,1.5901,2.1654,3.182,1.7165,2.4431,3.0704,1.456,2.0664,3.0371,1.5128,2.0399,3.1604,0.081231,2.1266,2.9079,0.14329,2.3672,3.1293,0.074565,2.3082,2.8361,0.047881
2.2501,3.2599,1.7313,2.2522,3.1504,1.7658,2.3788,3.1594,1.5676,2.1154,3.1405,1.5902,2.1646,3.1848,1.7164,2.4422,3.074,1.4559,2.0657,3.0401,1.5126,2.0368,3.1762,0.081461,2.1223,2.9213,0.13641,2.3672,3.1293,0.074466,2.3082,2.8361,0.047983
2.2491,3.2631,1.7312,2.2513,3.1537,1.7658,2.3779,3.1622,1.5671,2.1143,3.1435,1.59,2.1636,3.1881,1.7163,2.4415,3.0775,1.4559,2.0649,3.0432,1.5125,2.034,3.1925,0.0819,2.1179,2.9351,0.12953,2.3671,3.1294,0.074355,2.3081,2.8361,0.048027
2.2479,3.2662,1.7313,2.2505,3.1566,1.7656,2.3767,3.1664,1.5676,2.1135,3.1464,1.5898,2.1626,3.191,1.7163,2.4407,3.0812,1.4559,2.064,3.0463,1.5123,2.0319,3.2084,0.082598,2.1133,2.9492,0.12311,2.3671,3.1294,0.074246,2.3081,2.8361,0.04807
2.2464,3.2693,1.7312,2.2493,3.1599,1.7656,2.3756,3.1705,1.5677,2.1125,3.1496,1.5898,2.1614,3.1941,1.7159,2.4397,3.0845,1.4557,2.0631,3.0494,1.5121,2.0303,3.2242,0.083284,2.1087,2.9631,0.11694,2.3671,3.1294,0.074174,2.308,2.8362,0.048094
2.2454,3.2724,1.731,2.2482,3.1628,1.7653,2.3745,3.1736,1.5676,2.1113,3.1529,1.5897,2.1604,3.1971,1.7156,2.4386,3.0882,1.4557,2.0621,3.0526,1.5119,2.0285,3.2398,0.084232,2.1041,2.9768,0.11095,2.3671,3.1295,0.074089,2.308,2.8362,0.048177
2.2441,3.2759,1.731,2.2471,3.1662,1.7652,2.3737,3.1755,1.5665,2.1103,3.1556,1.5896,2.1593,3.2003,1.7155,2.4375,3.0917,1.4555,2.061,3.0557,1.5118,2.0272,3.2549,0.085351,2.0999,2.9908,0.10532,2.3671,3.1295,0.074003,2.3079,2.8362,0.048185
2.2427,3.2792,1.7312,2.2459,3.1695,1.765,2.3726,3.1781,1.5657,2.1092,3.1592,1.5891,2.1579,3.2037,1.7154,2.4365,3.0951,1.4554,2.0599,3.0591,1.5116,2.026,3.2701,0.086958,2.0957,3.0042,0.10007,2.3671,3.1296,0.073937,2.3079,2.8363,0.048155
2.2417,3.2826,1.7306,2.2447,3.1726,1.7647,2.3714,3.1822,1.5659,2.1079,3.162,1.5891,2.1567,3.2067,1.7154,2.4352,3.0987,1.4552,2.0587,3.0622,1.5112,2.0249,3.2845,0.088656,2.0916,3.0176,0.095066,2.367,3.1296,0.073843,2.3079,2.8366,0.048026
2.2402,3.2862,1.7306,2.2433,3.176,1.7646,2.3698,3.1874,1.5668,2.1064,3.1656,1.5887,2.1554,3.2098,1.7152,2.434,3.1018,1.4549,2.0575,3.0655,1.5109,2.0239,3.2983,0.090496,2.0882,3.031,0.090203,2.367,3.1296,0.073773,2.3073,2.835,0.049228
2.2388,3.2888,1.7302,2.2419,3.1792,1.7643,2.3684,3.1903,1.5664,2.1053,3.1687,1.5886,2.1539,3.2131,1.7149,2.4326,3.1055,1.4548,2.056,3.0688,1.5105,2.0233,3.3116,0.092556,2.085,3.0438,0.085808,2.367,3.1297,0.073689,2.3073,2.835,0.049256
2.2371,3.2925,1.7302,2.2406,3.1823,1.7639,2.3671,3.1927,1.5655,2.1037,3.1721,1.5881,2.1525,3.2165,1.7146,2.4313,3.1089,1.4546,2.0546,3.0721,1.5101,2.0228,3.3245,0.0949,2.0819,3.056,0.08215,2.367,3.1297,0.073628,2.3072,2.8351,0.049288
2.2355,3.2953,1.7297,2.2388,3.1858,1.7637,2.3656,3.1954,1.5649,2.1021,3.1753,1.5878,2.151,3.2199,1.7143,2.43,3.1123,1.4545,2.0532,3.0754,1.5098,2.0226,3.3364,0.096969,2.079,3.0676,0.078511,2.367,3.1298,0.073552,2.3072,2.8351,0.04934
2.2339,3.2987,1.7295,2.2371,3.189,1.7634,2.3642,3.1993,1.5649,2.1007,3.1786,1.5874,2.1493,3.2232,1.714,2.4284,3.1161,1.4542,2.0517,3.0788,1.5094,2.0224,3.3476,0.099332,2.0767,3.0788,0.075472,2.3669,3.1298,0.073436,2.3072,2.8352,0.049338
2.2322,3.3015,1.7289,2.2354,3.1923,1.7631,2.3622,3.2041,1.5657,2.0989,3.1822,1.5869,2.1476,3.2264,1.7137,2.4269,3.1192,1.4539,2.0501,3.0821,1.5089,2.0225,3.358,0.10148,2.0747,3.0891,0.072685,2.3669,3.1299,0.073358,2.3071,2.8352,0.049424
2.2304,3.3054,1.7289,2.2336,3.1956,1.7627,2.3606,3.2071,1.5651,2.0973,3.1854,1.5865,2.1458,3.2295,1.7131,2.4252,3.1226,1.4537,2.0484,3.0855,1.5086,2.0229,3.3675,0.10346,2.0729,3.0986,0.070133,2.3669,3.13,0.073274,2.307,2.8353,0.049467
2.2286,3.3083,1.7282,2.2317,3.1989,1.7625,2.3589,3.2098,1.5646,2.0955,3.1888,1.586,2.144,3.233,1.7126,2.4236,3.1258,1.4535,2.0466,3.089,1.5081,2.0232,3.3759,0.10501,2.0725,3.1071,0.068091,2.3669,3.1302,0.073187,2.307,2.8354,0.049502
2.2265,3.3119,1.728,2.2298,3.2024,1.7621,2.3571,3.2131,1.5643,2.0938,3.1921,1.5858,2.1419,3.2365,1.7122,2.4218,3.1291,1.4532,2.0448,3.0922,1.5078,2.0237,3.3833,0.1061,2.0723,3.115,0.066092,2.3668,3.1302,0.073088,2.3069,2.8355,0.049494
2.224,3.3146,1.7275,2.2278,3.2057,1.7617,2.3552,3.2162,1.5641,2.0917,3.1955,1.5851,2.14,3.24,1.7117,2.42,3.1323,1.4531,2.0429,3.0958,1.5072,2.024,3.39,0.10704,2.0727,3.1219,0.064373,2.3668,3.1303,0.07297,2.3069,2.8356,0.049574
2.2226,3.3186,1.7271,2.2256,3.2093,1.7614,2.3532,3.2203,1.5643,2.0898,3.1986,1.5847,2.1379,3.2433,1.7113,2.418,3.1356,1.4529,2.0408,3.0992,1.5068,2.0248,3.3955,0.10685,2.074,3.1279,0.064106,2.3668,3.1304,0.072887,2.3068,2.8356,0.049685
2.2196,3.3213,1.7268,2.2235,3.2124,1.761,2.3512,3.224,1.5642,2.0878,3.202,1.5843,2.1357,3.2466,1.7108,2.416,3.1387,1.4527,2.0389,3.1025,1.5063,2.0259,3.4007,0.10567,2.0761,3.1328,0.063733,2.3668,3.1305,0.072792,2.3067,2.8357,0.049659
2.2176,3.3244,1.7263,2.2213,3.2157,1.7607,2.349,3.2264,1.5636,2.0856,3.2053,1.584,2.1336,3.2498,1.7106,2.4138,3.142,1.4524,2.0366,3.106,1.5057,2.0275,3.4043,0.1037,2.0785,3.1364,0.063477,2.3668,3.1305,0.072695,2.3067,2.8358,0.049748
2.2164,3.3282,1.7259,2.219,3.2188,1.7604,2.3467,3.2289,1.5631,2.0835,3.2083,1.5835,2.1315,3.2531,1.7103,2.4116,3.145,1.4522,2.0343,3.1095,1.5052,2.0296,3.407,0.10108,2.0804,3.1389,0.063584,2.3668,3.1305,0.072586,2.3066,2.8359,0.049808
2.2133,3.3312,1.7257,2.2166,3.222,1.7601,2.3445,3.2313,1.5626,2.0811,3.2121,1.5833,2.1292,3.2563,1.7098,2.4093,3.1479,1.452,2.0319,3.1129,1.5047,2.0323,3.4089,0.097726,2.081,3.1397,0.064219,2.3668,3.1306,0.07248,2.3065,2.836,0.049865
2.2112,3.3343,1.7253,2.2142,3.2252,1.7598,2.342,3.2357,1.5629,2.0787,3.2152,1.5831,2.1268,3.2598,1.7095,2.407,3.1508,1.4519,2.0295,3.1163,1.5041,2.0342,3.4101,0.094528,2.0803,3.1406,0.064698,2.3667,3.1307,0.07237,2.3064,2.8361,0.049965
2.2088,3.3375,1.7254,2.2117,3.2285,1.7597,2.3397,3.239,1.5628,2.0762,3.2189,1.5828,2.1244,3.263,1.7093,2.4045,3.154,1.4517,2.0268,3.1197,1.5036,2.0359,3.4113,0.091865,2.0798,3.1412,0.06523,2.3667,3.1307,0.072244,2.3063,2.8362,0.050106
2.2065,3.3407,1.7253,2.2093,3.2317,1.7595,2.3371,3.2423,1.5628,2.0737,3.2222,1.5828,2.1219,3.2666,1.7092,2.4018,3.157,1.4515,2.0241,3.1232,1.503,2.0366,3.4123,0.089286,2.0794,3.1417,0.065767,2.3667,3.1308,0.072089,2.3062,2.8362,0.050349
2.204,3.344,1.7254,2.2066,3.235,1.7595,2.3344,3.2453,1.5626,2.071,3.226,1.5828,2.1193,3.2699,1.7092,2.3992,3.16,1.4515,2.0213,3.1268,1.5024,2.0362,3.4134,0.086982,2.0789,3.1422,0.066269,2.3667,3.1309,0.071924,2.306,2.8362,0.050696
2.2013,3.3475,1.7259,2.2039,3.2381,1.7596,2.3317,3.2472,1.5621,2.0683,3.2297,1.5829,2.1166,3.2737,1.7094,2.3965,3.1632,1.4515,2.0184,3.1305,1.5017,2.0354,3.4142,0.085044,2.0785,3.1428,0.066671,2.3667,3.131,0.071757,2.3058,2.8365,0.050897
2.1985,3.3512,1.7262,2.2009,3.2412,1.7596,2.3288,3.2516,1.5628,2.0653,3.2334,1.5828,2.1137,3.2771,1.7097,2.3936,3.1666,1.4516,2.0155,3.1342,1.5013,2.0347,3.4146,0.083576,2.0785,3.1431,0.067118,2.3667,3.1311,0.071535,2.3057,2.8367,0.051251
2.196,3.3553,1.7268,2.1978,3.2445,1.7596,2.3259,3.2553,1.563,2.0623,3.2374,1.5827,2.1108,3.2805,1.7096,2.3907,3.1702,1.4518,2.0126,3.138,1.5008,2.0347,3.4152,0.082382,2.0782,3.1433,0.067388,2.3667,3.1313,0.071333,2.3054,2.8367,0.051825
2.1931,3.3594,1.7279,2.1947,3.248,1.7596,2.3229,3.2585,1.5628,2.0593,3.2415,1.5826,2.1078,3.2841,1.7097,2.388,3.1739,1.452,2.0097,3.1419,1.5003,2.0351,3.4155,0.081755,2.078,3.1435,0.067489,2.3667,3.1315,0.071073,2.3051,2.837,0.052368
2.1896,3.3634,1.7287,2.1913,3.2514,1.7597,2.3199,3.2621,1.5632,2.0563,3.2456,1.5825,2.1046,3.2879,1.7097,2.3851,3.1781,1.4525,2.0068,3.1457,1.5,2.0352,3.4157,0.081351,2.0779,3.1435,0.067479,2.3667,3.1318,0.070826,2.3047,2.8371,0.053131
2.1867,3.3651,1.7275,2.1879,3.2549,1.7598,2.3169,3.2661,1.5637,2.0531,3.2493,1.5824,2.1013,3.2915,1.7096,2.3821,3.182,1.4528,2.0039,3.1495,1.4998,2.0351,3.4159,0.080907,2.0778,3.1434,0.067448,2.3667,3.132,0.070582,2.3043,2.8371,0.054028
2.1829,3.3693,1.7283,2.1846,3.2585,1.76,2.3137,3.2697,1.5642,2.0501,3.2531,1.5822,2.098,3.2953,1.7097,2.3792,3.186,1.4535,2.001,3.1533,1.4996,2.0351,3.4162,0.080455,2.0777,3.1433,0.067537,2.3667,3.1322,0.070328,2.304,2.8375,0.054869
2.18,3.3743,1.7291,2.1811,3.2626,1.7603,2.3106,3.2735,1.5646,2.0468,3.2573,1.5824,2.0947,3.2992,1.7096,2.3764,3.19,1.454,1.9981,3.1572,1.4993,2.0351,3.4164,0.079973,2.0775,3.1433,0.067588,2.3667,3.1326,0.070082,2.3034,2.8378,0.056028
2.1765,3.3772,1.7284,2.1775,3.2663,1.7605,2.3077,3.2775,1.5652,2.0437,3.2612,1.5824,2.0912,3.3032,1.7097,2.3735,3.1943,1.4547,1.9951,3.1608,1.4991,2.0353,3.4166,0.079511,2.0775,3.1433,0.067639,2.3667,3.1329,0.069842,2.3026,2.8383,0.057592
2.1725,3.3805,1.7289,2.174,3.2702,1.7609,2.3045,3.2802,1.5652,2.0406,3.2647,1.5824,2.0879,3.3071,1.7098,2.3706,3.1983,1.4555,1.9922,3.1647,1.499,2.0355,3.4169,0.079077,2.0774,3.1434,0.067593,2.3667,3.1333,0.069535,2.3017,2.8388,0.059382
2.1695,3.3849,1.729,2.1704,3.2743,1.7614,2.3014,3.2847,1.5665,2.0374,3.2686,1.5826,2.0845,3.3112,1.7103,2.3677,3.2022,1.4562,1.9893,3.1685,1.4989,2.0357,3.4172,0.078713,2.0774,3.1434,0.067552,2.3667,3.1337,0.06914,2.3006,2.8392,0.061673
2.166,3.3888,1.7294,2.1672,3.2783,1.762,2.2983,3.2883,1.5672,2.0344,3.2725,1.583,2.0813,3.3149,1.7103,2.3649,3.2064,1.4572,1.9864,3.1725,1.4989,2.0358,3.4174,0.078403,2.0774,3.1434,0.067525,2.3667,3.1342,0.06869,2.2992,2.8403,0.064048
2.1624,3.3925,1.7302,2.1638,3.2824,1.7626,2.2954,3.2926,1.568,2.0314,3.2761,1.5832,2.0781,3.3187,1.7108,2.3621,3.2102,1.4581,1.9835,3.1764,1.4988,2.0364,3.4174,0.078107,2.0774,3.1435,0.067503,2.3668,3.1349,0.06817,2.2978,2.8412,0.067381
2.1593,3.3964,1.7307,2.1606,3.2862,1.7632,2.2924,3.2963,1.5688,2.0284,3.28,1.5838,2.075,3.3227,1.7113,2.3592,3.2141,1.4591,1.9806,3.1804,1.4989,2.0364,3.4175,0.077897,2.0774,3.1435,0.067508,2.3668,3.1357,0.067716,2.2961,2.8427,0.070507
2.1565,3.3997,1.7311,2.1575,3.2899,1.7638,2.2893,3.3,1.5694,2.0255,3.2839,1.5843,2.0719,3.3267,1.7117,2.3563,3.2183,1.4602,1.9777,3.1846,1.4992,2.0365,3.4176,0.077679,2.0773,3.1435,0.067515,2.3669,3.1364,0.067242,2.2941,2.8444,0.074072
2.1532,3.4037,1.732,2.1545,3.2937,1.7643,2.2866,3.3041,1.5702,2.0226,3.2879,1.5847,2.0689,3.3305,1.7126,2.3534,3.2225,1.4613,1.9748,3.1888,1.4993,2.0365,3.4177,0.077499,2.0773,3.1435,0.067494,2.3671,3.1371,0.066673,2.2914,2.8459,0.077577
2.1504,3.4078,1.7327,2.1515,3.2975,1.765,2.2836,3.3076,1.5708,2.0197,3.2917,1.5853,2.066,3.3342,1.713,2.3505,3.2262,1.4625,1.972,3.1929,1.4994,2.0365,3.4178,0.077371,2.0773,3.1435,0.067504,2.3674,3.1379,0.066171,2.2882,2.8475,0.081842
2.1477,3.4114,1.7333,2.1487,3.3013,1.7655,2.2808,3.3116,1.5716,2.0169,3.2957,1.5858,2.0632,3.3379,1.7134,2.3476,3.2304,1.4637,1.9691,3.197,1.4997,2.0366,3.4178,0.077244,2.0772,3.1436,0.067493,2.3679,3.1385,0.065672,2.2846,2.8497,0.085548
2.1448,3.4149,1.734,2.1459,3.305,1.766,2.278,3.3151,1.5719,2.014,3.3,1.5865,2.0604,3.3421,1.7142,2.3451,3.2338,1.4647,1.9664,3.2012,1.5,2.0367,3.4179,0.077041,2.0772,3.1436,0.067504,2.3682,3.1391,0.065237,2.2805,2.8523,0.088849
2.1424,3.4187,1.7346,2.1432,3.3089,1.7667,2.2753,3.3188,1.5727,2.0112,3.3037,1.5869,2.0577,3.3462,1.715,2.3424,3.2374,1.4659,1.9636,3.2053,1.5004,2.0366,3.418,0.077001,2.0772,3.1436,0.067486,2.3686,3.1397,0.064793,2.2758,2.855,0.09216
2.1398,3.4227,1.7351,2.1402,3.3128,1.7674,2.2727,3.3222,1.5735,2.0086,3.3078,1.5874,2.0551,3.3501,1.7152,2.3397,3.241,1.4671,1.961,3.2092,1.5009,2.0366,3.418,0.076885,2.0772,3.1436,0.067502,2.3691,3.1403,0.064494,2.2707,2.858,0.095037
2.1374,3.4265,1.7356,2.1374,3.3167,1.768,2.2701,3.3254,1.574,2.006,3.3117,1.5882,2.0524,3.354,1.7158,2.3369,3.2449,1.4683,1.9586,3.2129,1.5013,2.0366,3.4181,0.076782,2.0772,3.1436,0.067517,2.3695,3.141,0.064238,2.2649,2.861,0.097744
2.135,3.4304,1.7359,2.1347,3.3205,1.7686,2.2677,3.3286,1.575,2.0035,3.3154,1.5886,2.0499,3.3581,1.7162,2.3344,3.2482,1.4694,1.956,3.2167,1.5019,2.0366,3.4181,0.076656,2.0771,3.1436,0.067525,2.3701,3.1416,0.064065,2.2588,2.8646,0.099713
2.1325,3.4338,1.7363,2.1321,3.3243,1.7694,2.2653,3.3314,1.5757,2.001,3.3192,1.5891,2.0474,3.362,1.7168,2.3321,3.2515,1.4705,1.9537,3.2202,1.5025,2.0366,3.4182,0.076465,2.0771,3.1436,0.067539,2.3708,3.1424,0.064065,2.252,2.8686,0.10139
2.1302,3.4375,1.7369,2.1296,3.328,1.7701,2.263,3.3342,1.5766,1.9986,3.3226,1.5897,2.0449,3.3658,1.7174,2.3298,3.2544,1.4715,1.9515,3.2237,1.5031,2.0365,3.4182,0.076414,2.0771,3.1437,0.067551,2.3717,3.143,0.064091,2.2451,2.8728,0.10266
2.128,3.4414,1.7376,2.127,3.3315,1.7709,2.2607,3.3371,1.5776,1.9963,3.3261,1.5903,2.0425,3.3693,1.7179,2.3276,3.2578,1.4726,1.9491,3.2268,1.5038,2.0366,3.4184,0.076137,2.0771,3.1437,0.067612,2.3726,3.1438,0.064089,2.238,2.8778,0.10313
2.1258,3.4448,1.7382,2.1245,3.3349,1.7717,2.2585,3.3401,1.5786,1.9941,3.3295,1.591,2.0401,3.3728,1.7185,2.3254,3.2611,1.4736,1.9471,3.23,1.5044,2.0365,3.4185,0.075904,2.0771,3.1437,0.067667,2.3738,3.1446,0.063832,2.2311,2.8829,0.10339
2.1236,3.4477,1.7389,2.1223,3.3382,1.7726,2.2564,3.343,1.5796,1.992,3.3327,1.5915,2.0379,3.3761,1.7192,2.3234,3.2636,1.4746,1.945,3.2331,1.5051,2.0365,3.4187,0.075658,2.0771,3.1438,0.067743,2.3742,3.1464,0.064225,2.2244,2.8889,0.10299
2.1213,3.4506,1.7397,2.12,3.3411,1.7734,2.2544,3.3458,1.5806,1.99,3.3358,1.5922,2.0358,3.3792,1.7199,2.3213,3.267,1.4756,1.943,3.2361,1.5058,2.0364,3.4188,0.075368,2.0771,3.1439,0.067835,2.3743,3.1492,0.064434,2.2184,2.8951,0.10224
2.1195,3.4536,1.7407,2.1178,3.3437,1.7741,2.2523,3.3485,1.5816,1.988,3.339,1.593,2.0337,3.3822,1.7208,2.3194,3.2699,1.4764,1.9411,3.2391,1.5064,2.0363,3.419,0.075094,2.077,3.1439,0.067933,2.3741,3.1527,0.064837,2.2131,2.9018,0.10107
2.1177,3.4564,1.7416,2.1158,3.3462,1.7749,2.2504,3.3511,1.5824,1.986,3.3418,1.5936,2.0319,3.3848,1.7213,2.3176,3.2727,1.4772,1.9391,3.2423,1.507,2.0362,3.4191,0.074814,2.0769,3.144,0.068009,2.3734,3.1577,0.065299,2.2087,2.909,0.099342
2.1159,3.4588,1.7425,2.1139,3.3487,1.7757,2.2485,3.3536,1.583,1.9843,3.3449,1.5944,2.0302,3.3875,1.7221,2.3157,3.2759,1.4781,1.9374,3.2452,1.5076,2.0362,3.4192,0.074538,2.0769,3.1441,0.068098,2.3724,3.1635,0.065574,2.2048,2.916,0.098062
2.1142,3.4614,1.7436,2.112,3.3513,1.7765,2.2468,3.3559,1.5836,1.9825,3.3479,1.595,2.0284,3.39,1.7229,2.3141,3.2784,1.4787,1.9356,3.2483,1.5081,2.0361,3.4193,0.074378,2.0768,3.1441,0.068171,2.3704,3.1705,0.065871,2.2019,2.9235,0.096026
2.1129,3.4639,1.7445,2.1103,3.3535,1.7771,2.2451,3.3582,1.5841,1.9809,3.3505,1.5956,2.0269,3.3923,1.7235,2.3125,3.2813,1.4794,1.934,3.2515,1.5086,2.0361,3.4194,0.074218,2.0768,3.1441,0.068234,2.3682,3.1788,0.066255,2.1999,2.9314,0.094009
2.1113,3.4666,1.7456,2.1089,3.3556,1.7777,2.2435,3.3603,1.5845,1.9793,3.3535,1.5964,2.0252,3.395,1.7244,2.3108,3.284,1.4802,1.9325,3.2543,1.5089,2.0361,3.4194,0.074087,2.0767,3.1442,0.068309,2.3657,3.1875,0.066442,2.1983,2.9394,0.091997
2.1099,3.4688,1.7462,2.1074,3.358,1.7783,2.2421,3.3625,1.5848,1.9779,3.3561,1.597,2.0239,3.3974,1.7251,2.3094,3.2866,1.4808,1.931,3.2575,1.5091,2.036,3.4195,0.073976,2.0767,3.1442,0.068361,2.3631,3.1971,0.066677,2.1976,2.9479,0.089869
2.1087,3.4712,1.7468,2.1061,3.3604,1.7789,2.2407,3.3646,1.5851,1.9765,3.3589,1.5973,2.0225,3.3999,1.7257,2.308,3.2891,1.4814,1.9295,3.2607,1.5095,2.036,3.4195,0.073855,2.0767,3.1443,0.068407,2.3606,3.207,0.067176,2.1968,2.9554,0.088021
2.1075,3.4741,1.7477,2.1047,3.3628,1.7794,2.2394,3.3667,1.5854,1.9753,3.3616,1.5978,2.0212,3.4025,1.7262,2.3066,3.2914,1.482,1.9282,3.264,1.5098,2.036,3.4196,0.073727,2.0766,3.1443,0.068489,2.3579,3.2174,0.067543,2.1968,2.9642,0.085808
2.1067,3.4751,1.7473,2.1034,3.3652,1.7797,2.2383,3.3689,1.5857,1.9741,3.3645,1.5984,2.0201,3.4051,1.7266,2.3054,3.294,1.4825,1.927,3.2669,1.51,2.0359,3.4197,0.073592,2.0766,3.1443,0.068542,2.3556,3.228,0.068164,2.1971,2.9729,0.083761
2.1055,3.4774,1.7476,2.1025,3.3677,1.78,2.2372,3.3711,1.5859,1.973,3.367,1.5987,2.019,3.4075,1.7269,2.3041,3.2962,1.483,1.9257,3.27,1.5102,2.0358,3.4198,0.073457,2.0766,3.1443,0.068619,2.3533,3.2389,0.068684,2.1979,2.9819,0.081749
2.1063,3.4783,1.7461,2.1014,3.3704,1.7805,2.2362,3.3733,1.5862,1.9719,3.3698,1.5988,2.0181,3.4102,1.727,2.303,3.2979,1.4835,1.9245,3.2732,1.5104,2.0358,3.4198,0.073344,2.0766,3.1444,0.068667,2.3511,3.2498,0.069346,2.1989,2.9908,0.079682
2.1054,3.4811,1.7463,2.1005,3.3729,1.7807,2.2353,3.3754,1.5865,1.971,3.3725,1.5992,2.0173,3.413,1.7271,2.3019,3.2999,1.4839,1.9234,3.2762,1.5106,2.0357,3.4199,0.073207,2.0766,3.1444,0.068731,2.3491,3.2606,0.069781,2.2,3,0.077843
2.1048,3.4836,1.7464,2.0994,3.3756,1.781,2.2344,3.3777,1.5868,1.9701,3.3753,1.5994,2.0163,3.4159,1.7275,2.3009,3.3016,1.4843,1.9224,3.2794,1.5108,2.0357,3.4199,0.073105,2.0766,3.1444,0.068766,2.3471,3.2718,0.070351,2.2013,3.0091,0.076096
2.1042,3.4861,1.7466,2.0986,3.3783,1.7813,2.2336,3.3799,1.5871,1.9693,3.378,1.5995,2.0157,3.4186,1.7277,2.3,3.3032,1.4847,1.9215,3.2823,1.511,2.0357,3.42,0.07304,2.0766,3.1444,0.068823,2.3453,3.2831,0.071152,2.2028,3.0188,0.074089
2.1035,3.4889,1.7466,2.0977,3.3811,1.7815,2.2329,3.3818,1.5873,1.9686,3.3804,1.5996,2.015,3.4212,1.7276,2.299,3.3048,1.485,1.9206,3.2857,1.5112,2.0356,3.42,0.072953,2.0766,3.1444,0.068842,2.3435,3.2943,0.071852,2.2043,3.0283,0.072455
2.1032,3.4912,1.7466,2.097,3.3835,1.7816,2.2322,3.3839,1.5875,1.9679,3.3831,1.5998,2.0143,3.4237,1.7276,2.2982,3.3061,1.4852,1.9197,3.2885,1.5113,2.0356,3.4201,0.072891,2.0766,3.1444,0.068874,2.3419,3.3057,0.072437,2.2059,3.0375,0.07119
2.1028,3.4936,1.7467,2.0965,3.3857,1.7815,2.2317,3.3856,1.5876,1.9673,3.3858,1.5999,2.0139,3.4262,1.7275,2.2976,3.3074,1.4854,1.9188,3.2915,1.5115,2.0355,3.4202,0.072803,2.0766,3.1444,0.068875,2.3403,3.3172,0.073134,2.2078,3.0476,0.06956
2.1024,3.496,1.7466,2.0959,3.3881,1.7817,2.2316,3.3909,1.5897,1.9669,3.3885,1.6,2.0134,3.4287,1.7278,2.2969,3.3086,1.4855,1.918,3.2946,1.5116,2.0355,3.4202,0.072722,2.0767,3.1445,0.068906,2.3388,3.3289,0.074229,2.2095,3.0575,0.068197
2.1022,3.498,1.7465,2.0954,3.3905,1.7818,2.2308,3.3891,1.5879,1.9664,3.3907,1.6,2.0129,3.4316,1.728,2.2962,3.3098,1.4857,1.9175,3.2974,1.5118,2.0355,3.4203,0.072633,2.0768,3.1445,0.068894,2.3369,3.3412,0.075776,2.2114,3.068,0.066475
2.1022,3.5003,1.7467,2.0949,3.3926,1.782,2.2304,3.3909,1.5881,1.9659,3.393,1.6,2.0126,3.4339,1.7281,2.2955,3.311,1.4858,1.9167,3.3004,1.5119,2.0355,3.4204,0.07255,2.0768,3.1445,0.068901,2.3358,3.3526,0.076851,2.2134,3.079,0.064814
2.1022,3.5021,1.7467,2.0947,3.3945,1.782,2.2301,3.3926,1.5882,1.9658,3.3952,1.6001,2.0127,3.4358,1.7279,2.2951,3.312,1.4857,1.9162,3.3032,1.512,2.0355,3.4205,0.07246,2.0769,3.1445,0.068892,2.335,3.364,0.077904,2.215,3.0894,0.063413
2.1023,3.5039,1.7467,2.0943,3.3967,1.7822,2.2299,3.3941,1.5884,1.9654,3.3979,1.6003,2.0124,3.4382,1.7283,2.2946,3.313,1.4856,1.9156,3.3058,1.5122,2.0354,3.4205,0.072345,2.0765,3.1449,0.06904,2.3344,3.3756,0.079185,2.2166,3.1001,0.062216
2.1025,3.5059,1.747,2.0943,3.3985,1.7824,2.2297,3.3955,1.5885,1.9653,3.3999,1.6006,2.0124,3.4403,1.7282,2.2941,3.3141,1.4856,1.9149,3.3088,1.5124,2.0355,3.4206,0.072239,2.0761,3.1452,0.069264,2.3343,3.3869,0.080756,2.2183,3.1107,0.061358
2.1027,3.5072,1.7471,2.094,3.4002,1.7826,2.2295,3.3967,1.5885,1.9651,3.4021,1.6008,2.0125,3.442,1.7283,2.2936,3.3152,1.4855,1.9145,3.3111,1.5125,2.0354,3.4207,0.07213,2.0762,3.1454,0.069138,2.3345,3.3978,0.082232,2.2192,3.1213,0.060399
2.1031,3.5089,1.7474,2.0942,3.4015,1.7827,2.2294,3.398,1.5886,1.965,3.4045,1.601,2.0126,3.4446,1.7288,2.2932,3.3163,1.4852,1.914,3.3138,1.5128,2.0354,3.4208,0.072004,2.0763,3.1455,0.06911,2.3352,3.4093,0.084055,2.2204,3.1323,0.05947
2.1037,3.5109,1.7479,2.0944,3.4029,1.7828,2.2294,3.3994,1.5886,1.965,3.4067,1.6013,2.0129,3.4459,1.729,2.2928,3.3173,1.4851,1.9136,3.3164,1.5131,2.0354,3.4209,0.07189,2.0763,3.1455,0.069187,2.3363,3.4201,0.085698,2.2216,3.1434,0.058544
2.1041,3.5121,1.7481,2.0944,3.4046,1.7832,2.2294,3.4005,1.5887,1.9649,3.4087,1.6016,2.0132,3.4474,1.7293,2.2925,3.3178,1.4854,1.9133,3.3187,1.5133,2.0353,3.421,0.071777,2.0763,3.1456,0.069241,2.3376,3.4309,0.087582,2.2226,3.1544,0.058037
2.1046,3.5134,1.7484,2.0948,3.4059,1.7832,2.2295,3.4017,1.5887,1.965,3.4108,1.602,2.0134,3.4495,1.7298,2.2921,3.3189,1.4854,1.913,3.3208,1.5135,2.0353,3.4211,0.07166,2.0764,3.1457,0.069178,2.3391,3.4416,0.089479,2.2239,3.1657,0.057449
2.1052,3.5149,1.7488,2.0948,3.4073,1.7836,2.2297,3.4062,1.5909,1.9652,3.4126,1.6024,2.0137,3.4513,1.7304,2.2917,3.3202,1.4853,1.9126,3.3233,1.5138,2.0353,3.4212,0.071545,2.0764,3.1458,0.069208,2.3409,3.452,0.091366,2.2245,3.1768,0.056829
2.1058,3.516,1.7492,2.0952,3.4084,1.7837,2.2297,3.407,1.5907,1.9653,3.4146,1.6028,2.0141,3.4529,1.7307,2.2915,3.3214,1.485,1.9124,3.3254,1.5139,2.0352,3.4213,0.071427,2.0765,3.1459,0.069279,2.3435,3.4619,0.092965,2.2253,3.1882,0.056121
2.1065,3.5174,1.7497,2.0957,3.4096,1.7839,2.2298,3.4081,1.5908,1.9657,3.4164,1.6029,2.0145,3.4545,1.7312,2.2911,3.3227,1.4845,1.9123,3.3277,1.5142,2.0352,3.4213,0.071342,2.0765,3.1458,0.069451,2.3456,3.4723,0.095056,2.226,3.1997,0.055645
2.1072,3.5186,1.7502,2.096,3.4106,1.7841,2.2299,3.4064,1.5892,1.9656,3.4185,1.6036,2.015,3.4554,1.7311,2.291,3.3238,1.4846,1.9121,3.3299,1.5145,2.0352,3.4214,0.071251,2.0765,3.1459,0.069455,2.3477,3.4824,0.097069,2.2269,3.211,0.055102
2.1079,3.5196,1.7506,2.0963,3.4119,1.7845,2.2301,3.4074,1.5892,1.9659,3.4205,1.6039,2.0155,3.457,1.7315,2.2907,3.3248,1.4835,1.9119,3.332,1.5147,2.0352,3.4215,0.071172,2.0765,3.1459,0.06956,2.3498,3.4926,0.099311,2.2277,3.2223,0.054709
2.1086,3.5207,1.751,2.0967,3.413,1.7848,2.2302,3.4084,1.5893,1.966,3.4222,1.6043,2.016,3.4589,1.7322,2.2906,3.3259,1.4831,1.9118,3.3342,1.5148,2.0351,3.4216,0.071101,2.0765,3.1459,0.069616,2.3519,3.5029,0.10143,2.2285,3.2335,0.054284
2.1092,3.5217,1.7514,2.0972,3.4141,1.7849,2.2304,3.4124,1.5911,1.9663,3.4241,1.6047,2.0164,3.4601,1.7326,2.2906,3.3271,1.4829,1.9117,3.3362,1.515,2.0351,3.4217,0.071028,2.0766,3.1458,0.069786,2.354,3.5131,0.1034,2.2295,3.2448,0.053806
2.1099,3.5228,1.7519,2.0978,3.4148,1.785,2.2307,3.4136,1.5911,1.9667,3.4256,1.6051,2.017,3.4617,1.7332,2.2905,3.3284,1.4831,1.9117,3.3385,1.5152,2.0351,3.4217,0.070968,2.0766,3.1458,0.069872,2.3559,3.5233,0.10554,2.2305,3.2558,0.05352
2.1106,3.524,1.7523,2.0982,3.4158,1.7851,2.231,3.4149,1.5912,1.967,3.4277,1.6055,2.0176,3.463,1.7334,2.2904,3.3297,1.4825,1.9116,3.3407,1.5151,2.035,3.4218,0.070881,2.0766,3.1458,0.06995,2.3577,3.5336,0.10758,2.2317,3.2667,0.053129
2.1113,3.5251,1.7528,2.0986,3.4171,1.7853,2.2314,3.4134,1.5895,1.9674,3.4295,1.6058,2.018,3.4641,1.7337,2.2903,3.3308,1.4826,1.9116,3.343,1.5152,2.035,3.4218,0.070857,2.0767,3.1459,0.069982,2.3594,3.5437,0.1096,2.2328,3.2775,0.05287
2.1119,3.526,1.7533,2.0989,3.4182,1.7856,2.2317,3.4147,1.5895,1.9677,3.4311,1.6059,2.0186,3.4655,1.734,2.2902,3.3321,1.4822,1.9116,3.3454,1.5151,2.035,3.4219,0.070812,2.0767,3.1459,0.070003,2.361,3.5536,0.11159,2.2341,3.2881,0.052426
2.1128,3.5273,1.7536,2.0995,3.4192,1.7856,2.232,3.4189,1.5912,1.9682,3.4332,1.6061,2.0193,3.4669,1.7343,2.2903,3.3332,1.4818,1.9117,3.3479,1.515,2.035,3.4219,0.070791,2.0767,3.146,0.070019,2.3625,3.5635,0.11358,2.2354,3.2988,0.052039
2.1136,3.5284,1.7539,2.1001,3.4201,1.7855,2.2324,3.4203,1.5911,1.9686,3.4354,1.6063,2.0198,3.4686,1.7347,2.2904,3.3346,1.4815,1.9118,3.3503,1.5149,2.035,3.4219,0.070746,2.0767,3.1462,0.069881,2.3638,3.5735,0.11546,2.2368,3.3092,0.051741
2.1143,3.5296,1.7542,2.1007,3.4212,1.7855,2.2329,3.4219,1.5911,1.9689,3.4374,1.6066,2.0204,3.4701,1.735,2.2904,3.336,1.4811,1.9119,3.3529,1.5147,2.035,3.4219,0.070721,2.0767,3.146,0.070115,2.3647,3.5835,0.11725,2.2382,3.3194,0.05129
2.1151,3.5308,1.7545,2.1012,3.4226,1.7855,2.2333,3.4206,1.5891,1.9694,3.4394,1.6068,2.0211,3.4715,1.735,2.2905,3.3377,1.4808,1.9121,3.3555,1.5146,2.035,3.422,0.070695,2.0767,3.1462,0.06999,2.3658,3.5931,0.11906,2.2397,3.3296,0.050843
2.1161,3.5325,1.7549,2.1019,3.4241,1.7854,2.2337,3.4252,1.5906,1.9699,3.4413,1.6067,2.0219,3.473,1.735,2.2906,3.3391,1.4802,1.9123,3.3582,1.5143,2.035,3.422,0.070643,2.0768,3.1462,0.070065,2.3666,3.6028,0.12086,2.2412,3.3393,0.050476
2.1167,3.5336,1.755,2.1026,3.4252,1.7851,2.2341,3.4265,1.5904,1.9705,3.4437,1.6067,2.0225,3.4747,1.735,2.2907,3.3408,1.4797,1.9125,3.3606,1.514,2.0349,3.4221,0.070576,2.0768,3.1463,0.070074,2.3674,3.6123,0.12248,2.2427,3.3491,0.049991
2.1175,3.5355,1.7554,2.103,3.4268,1.7851,2.2346,3.4284,1.5901,1.971,3.4459,1.6066,2.0231,3.4767,1.7351,2.2908,3.3426,1.4793,1.9127,3.3633,1.5137,2.0349,3.4221,0.070509,2.0768,3.1463,0.070202,2.3681,3.6216,0.12432,2.2441,3.3584,0.049556
2.1184,3.5372,1.7555,2.1036,3.4289,1.785,2.2352,3.4274,1.5881,1.9715,3.4483,1.6066,2.0239,3.4785,1.7349,2.2911,3.3444,1.4788,1.913,3.3661,1.5134,2.0349,3.4222,0.070428,2.0768,3.1464,0.070224,2.3686,3.6307,0.12601,2.2456,3.3678,0.048972
2.1192,3.5387,1.7554,2.1042,3.4305,1.7848,2.2356,3.4321,1.5895,1.9721,3.4508,1.6065,2.0246,3.4805,1.7348,2.2914,3.3462,1.4783,1.9133,3.3688,1.5131,2.0349,3.4222,0.070336,2.0773,3.1459,0.070317,2.3691,3.6392,0.12745,2.2471,3.3767,0.048548
2.1201,3.5409,1.7554,2.105,3.4321,1.7844,2.2361,3.4338,1.5892,1.9728,3.4535,1.6064,2.0253,3.4828,1.7348,2.2918,3.3481,1.4778,1.9137,3.3717,1.5128,2.0348,3.4223,0.070222,2.0779,3.1453,0.070498,2.3692,3.6481,0.12889,2.2484,3.3854,0.048053
2.121,3.5428,1.7554,2.1055,3.4341,1.7841,2.2367,3.4361,1.5889,1.9733,3.456,1.6063,2.0261,3.4851,1.7347,2.292,3.35,1.4771,1.9141,3.3743,1.5126,2.0348,3.4223,0.070098,2.0778,3.1455,0.070636,2.3695,3.6561,0.13015,2.2495,3.3938,0.047541
2.1219,3.5451,1.7554,2.1062,3.4365,1.784,2.2374,3.4355,1.5869,1.974,3.4587,1.606,2.0269,3.4874,1.7345,2.2924,3.3522,1.4767,1.9146,3.3772,1.5122,2.0348,3.4224,0.069999,2.0778,3.1455,0.070782,2.3694,3.6644,0.13142,2.2506,3.4018,0.046936
2.1228,3.547,1.7551,2.107,3.4382,1.7835,2.2381,3.4402,1.5883,1.9747,3.4613,1.6058,2.0276,3.4901,1.7347,2.293,3.3544,1.4762,1.915,3.3802,1.5119,2.0347,3.4225,0.069986,2.0778,3.1456,0.070896,2.3693,3.6719,0.13231,2.2514,3.4094,0.046462
2.1237,3.5491,1.7548,2.1078,3.4407,1.7832,2.2389,3.443,1.5879,1.9756,3.464,1.6055,2.0284,3.4923,1.7343,2.2935,3.3565,1.4757,1.9156,3.3834,1.5115,2.0347,3.4226,0.069855,2.0777,3.1456,0.071063,2.3691,3.6791,0.13312,2.252,3.417,0.045884
2.1247,3.552,1.7549,2.1085,3.4431,1.783,2.2397,3.4453,1.5876,1.9764,3.4667,1.6051,2.0293,3.4951,1.7339,2.2941,3.3585,1.4752,1.9161,3.3865,1.5111,2.0348,3.4229,0.06966,2.0777,3.1456,0.071209,2.3688,3.686,0.13378,2.2525,3.4239,0.045275
2.1256,3.5546,1.7546,2.1092,3.4455,1.7825,2.2404,3.4479,1.5871,1.9771,3.4697,1.6049,2.0303,3.4975,1.7335,2.2946,3.3606,1.4747,1.9169,3.3897,1.5106,2.0348,3.4231,0.069678,2.0777,3.1458,0.071334,2.3683,3.6928,0.13433,2.2527,3.4303,0.044819
2.1266,3.557,1.7543,2.11,3.4483,1.7822,2.2414,3.4508,1.5868,1.9781,3.4727,1.6045,2.0312,3.5002,1.7331,2.2953,3.3625,1.4742,1.9177,3.3926,1.5101,2.0345,3.4228,0.069288,2.0777,3.1458,0.071518,2.3677,3.6988,0.13453,2.2528,3.4367,0.044096
2.1276,3.5593,1.7539,2.1111,3.4508,1.7816,2.2422,3.4532,1.5862,1.9791,3.4755,1.604,2.032,3.5031,1.7327,2.296,3.3647,1.4738,1.9184,3.3962,1.5097,2.0344,3.4228,0.069133,2.0777,3.1458,0.071698,2.367,3.7046,0.13467,2.2523,3.4426,0.043059
2.1288,3.5621,1.7534,2.1121,3.4537,1.7812,2.2433,3.4561,1.5858,1.98,3.4786,1.6035,2.0331,3.5059,1.7324,2.2969,3.3673,1.4733,1.919,3.3997,1.5093,2.0344,3.423,0.068997,2.0776,3.1459,0.071921,2.3662,3.7098,0.13441,2.252,3.4478,0.042396
2.13,3.5653,1.7533,2.1132,3.4561,1.7805,2.2443,3.4587,1.5853,1.9811,3.4819,1.6031,2.0342,3.5089,1.732,2.2977,3.3696,1.4729,1.9198,3.4031,1.5088,2.0343,3.423,0.068857,2.0776,3.146,0.072179,2.3653,3.7146,0.1339,2.2514,3.453,0.041517
2.1313,3.5683,1.7528,2.1143,3.4592,1.7801,2.2454,3.4615,1.5848,1.9822,3.4852,1.6024,2.0352,3.5121,1.7316,2.2985,3.3722,1.4724,1.9208,3.4064,1.5082,2.0343,3.4232,0.068723,2.0776,3.1461,0.072446,2.3641,3.7193,0.13322,2.2502,3.4569,0.040495
2.1325,3.5713,1.7524,2.1152,3.4625,1.7798,2.2464,3.4646,1.5843,1.9832,3.4883,1.6021,2.0365,3.5153,1.731,2.2992,3.3748,1.4718,1.9217,3.4102,1.5078,2.0342,3.4232,0.068596,2.0776,3.1463,0.072839,2.3629,3.7234,0.13208,2.2492,3.4608,0.039676
2.1339,3.5745,1.7519,2.1165,3.4654,1.7792,2.2473,3.4674,1.5837,1.9844,3.4915,1.6016,2.0378,3.5182,1.7304,2.3001,3.3776,1.4713,1.9227,3.4134,1.5073,2.0342,3.4234,0.068452,2.0777,3.1466,0.073206,2.3615,3.7271,0.13054,2.2481,3.4641,0.038967
2.1352,3.5776,1.7515,2.1175,3.4685,1.7787,2.2485,3.4704,1.5833,1.9856,3.495,1.6012,2.039,3.5213,1.7298,2.3012,3.3805,1.4707,1.9237,3.417,1.5069,2.0343,3.4234,0.06836,2.0777,3.1468,0.073559,2.3601,3.7306,0.1286,2.2463,3.468,0.038336
2.1366,3.5808,1.7509,2.1188,3.4717,1.7782,2.2498,3.4732,1.5828,1.9867,3.4983,1.6009,2.0403,3.5246,1.7294,2.3023,3.3833,1.47,1.9247,3.4204,1.5065,2.0341,3.4237,0.068334,2.0777,3.1471,0.074015,2.3586,3.7337,0.12644,2.2448,3.4705,0.037664
2.1378,3.5835,1.7501,2.12,3.475,1.7777,2.251,3.4736,1.5806,1.9879,3.5017,1.6005,2.0415,3.5281,1.7289,2.3034,3.3865,1.4694,1.9257,3.4244,1.5062,2.0341,3.4239,0.068128,2.0776,3.1473,0.074522,2.3558,3.7371,0.12311,2.2449,3.4714,0.038528
2.1392,3.5868,1.7497,2.1213,3.4782,1.7771,2.2521,3.4792,1.5818,1.9891,3.5052,1.6,2.0428,3.5317,1.7285,2.3044,3.3898,1.4689,1.9268,3.4277,1.5057,2.034,3.4242,0.068059,2.0774,3.1475,0.075118,2.3521,3.7402,0.11918,2.2458,3.4717,0.039212
2.1407,3.5904,1.7494,2.1224,3.4813,1.7767,2.2533,3.4796,1.5796,1.9905,3.5086,1.5995,2.0441,3.5357,1.7282,2.3056,3.3933,1.4683,1.9278,3.4311,1.5053,2.0337,3.4245,0.067981,2.0773,3.1477,0.075763,2.3495,3.7429,0.11622,2.2473,3.471,0.039587
2.142,3.5936,1.749,2.1236,3.4846,1.7763,2.2546,3.4826,1.5793,1.9918,3.5124,1.5988,2.0453,3.5389,1.728,2.3067,3.3969,1.4678,1.9289,3.4345,1.5052,2.0337,3.4249,0.068012,2.0771,3.1479,0.07652,2.3473,3.7452,0.11347,2.2482,3.4714,0.040035
2.1433,3.597,1.7486,2.1247,3.488,1.7759,2.2558,3.4858,1.579,1.993,3.516,1.5984,2.0465,3.5424,1.7276,2.308,3.4007,1.4673,1.9301,3.438,1.5052,2.0336,3.425,0.067904,2.077,3.1482,0.077388,2.3456,3.7473,0.11045,2.2489,3.472,0.040777
2.1445,3.6003,1.7484,2.1258,3.4915,1.7756,2.2571,3.4919,1.5805,1.9943,3.5196,1.5981,2.0477,3.5457,1.7272,2.3093,3.4045,1.4667,1.9314,3.4416,1.5053,2.0336,3.4251,0.067792,2.0771,3.1486,0.078295,2.3445,3.7494,0.10723,2.2496,3.4723,0.041594
2.1459,3.6037,1.7482,2.1271,3.4948,1.7752,2.2583,3.4955,1.5804,1.9957,3.5233,1.5977,2.0491,3.5491,1.7266,2.3106,3.4084,1.4662,1.9327,3.4449,1.5052,2.0336,3.4253,0.067717,2.0771,3.1489,0.079258,2.3435,3.7517,0.10419,2.2502,3.4729,0.042344
2.1472,3.6071,1.7481,2.1283,3.4981,1.7751,2.2599,3.4992,1.5802,1.9969,3.527,1.5975,2.0505,3.5528,1.7265,2.3121,3.4124,1.4657,1.9341,3.4486,1.5052,2.0336,3.4254,0.067589,2.0769,3.1494,0.080234,2.3425,3.7539,0.10095,2.2508,3.4735,0.043049
2.1486,3.6106,1.7481,2.1295,3.5017,1.7749,2.2613,3.5024,1.5799,1.9984,3.5304,1.5972,2.0518,3.5557,1.7261,2.3136,3.4166,1.4653,1.9356,3.4524,1.5052,2.0335,3.4256,0.067472,2.0765,3.1498,0.081523,2.3418,3.7556,0.0978,2.2512,3.474,0.043754
2.15,3.614,1.748,2.1307,3.5051,1.7747,2.2628,3.5065,1.5798,1.9998,3.5341,1.5969,2.0532,3.5594,1.7259,2.3153,3.421,1.4649,1.9371,3.4561,1.5053,2.0335,3.4257,0.067359,2.0762,3.1503,0.082863,2.3415,3.7568,0.094645,2.2515,3.4745,0.044524
2.1514,3.6176,1.748,2.1323,3.5088,1.7745,2.2642,3.5105,1.5795,2.0015,3.5377,1.5966,2.0546,3.5633,1.7258,2.3168,3.4255,1.4645,1.9386,3.4601,1.5053,2.0335,3.4259,0.067246,2.076,3.1509,0.084456,2.3414,3.7581,0.091757,2.2517,3.475,0.045186
2.1528,3.6212,1.748,2.1338,3.5121,1.7742,2.2659,3.5142,1.5796,2.0029,3.5418,1.5965,2.056,3.567,1.7258,2.3185,3.4301,1.4642,1.9402,3.4641,1.5055,2.0334,3.426,0.067127,2.0758,3.1514,0.085796,2.3416,3.759,0.089098,2.2518,3.4755,0.045879
2.1541,3.6249,1.7479,2.1352,3.5159,1.7741,2.2674,3.5186,1.5794,2.0045,3.5454,1.5963,2.0573,3.5705,1.726,2.3202,3.4346,1.4638,1.9419,3.4677,1.5054,2.0334,3.4262,0.067017,2.0756,3.1519,0.087417,2.3422,3.7596,0.086612,2.2519,3.476,0.046462
2.1556,3.6288,1.7479,2.1369,3.5198,1.7739,2.269,3.5229,1.5792,2.006,3.5492,1.5961,2.0591,3.5746,1.7256,2.3218,3.4391,1.4636,1.9434,3.4718,1.5057,2.0334,3.4263,0.066899,2.0754,3.1526,0.089203,2.343,3.7602,0.084508,2.2519,3.4763,0.04693
2.1571,3.6329,1.748,2.1386,3.5235,1.7736,2.2706,3.527,1.5791,2.0078,3.5531,1.596,2.0606,3.578,1.7253,2.3236,3.4439,1.4633,1.9452,3.4758,1.5059,2.0333,3.4265,0.066785,2.0749,3.1532,0.090798,2.344,3.7605,0.082456,2.252,3.4766,0.047419
2.1585,3.637,1.748,2.1403,3.5275,1.7735,2.2723,3.5313,1.5789,2.0094,3.5573,1.5958,2.0621,3.5821,1.7254,2.3254,3.4484,1.4631,1.9468,3.4795,1.5061,2.0333,3.4267,0.066654,2.0748,3.1539,0.092536,2.3449,3.7607,0.08115,2.2522,3.4769,0.047975
2.16,3.6405,1.7476,2.1421,3.5315,1.7733,2.2742,3.5332,1.5771,2.0109,3.5612,1.596,2.0638,3.5861,1.7253,2.3271,3.453,1.463,1.9487,3.4834,1.5061,2.0333,3.4269,0.066534,2.0746,3.1546,0.094521,2.3454,3.761,0.080456,2.2526,3.4769,0.048558
2.1616,3.6448,1.7475,2.1437,3.5357,1.7733,2.2757,3.5374,1.5769,2.0126,3.5651,1.5957,2.0654,3.5902,1.7252,2.3289,3.4575,1.4627,1.9504,3.4876,1.5064,2.0333,3.427,0.066403,2.0745,3.1554,0.096462,2.3461,3.7611,0.079816,2.2527,3.477,0.048779
2.1631,3.6491,1.7474,2.1456,3.5401,1.7732,2.2774,3.542,1.5768,2.0143,3.5692,1.5955,2.0672,3.5942,1.7251,2.3308,3.462,1.4624,1.9521,3.4915,1.5066,2.0333,3.4272,0.066279,2.074,3.1562,0.098599,2.3466,3.7612,0.079383,2.2528,3.4771,0.048902
2.1649,3.6539,1.7475,2.1474,3.5444,1.7732,2.2792,3.5466,1.5768,2.0159,3.5735,1.5956,2.0688,3.5985,1.7251,2.3325,3.4667,1.4623,1.954,3.4955,1.5066,2.0333,3.4274,0.066149,2.0738,3.1572,0.10083,2.3467,3.7613,0.079145,2.2528,3.4771,0.04891
2.1665,3.6579,1.7473,2.1491,3.5488,1.773,2.2809,3.5511,1.5767,2.0175,3.5776,1.5957,2.0705,3.6029,1.725,2.3342,3.4711,1.4622,1.9557,3.4996,1.5069,2.0333,3.4276,0.066034,2.0738,3.1582,0.1031,2.3468,3.7613,0.078929,2.2528,3.4771,0.048925
2.1682,3.6629,1.7475,2.1508,3.5535,1.7731,2.2827,3.5557,1.5767,2.0192,3.5818,1.5957,2.0723,3.6069,1.7248,2.336,3.4756,1.4622,1.9574,3.5036,1.5071,2.0333,3.4277,0.065922,2.0734,3.1593,0.10572,2.3469,3.7614,0.078704,2.2529,3.4772,0.048971
2.1697,3.6675,1.7473,2.1526,3.5582,1.7733,2.2843,3.5633,1.5783,2.0211,3.5862,1.5957,2.074,3.612,1.7251,2.3378,3.4803,1.4622,1.9592,3.5075,1.5073,2.0333,3.4279,0.065809,2.0733,3.1606,0.10819,2.3469,3.7614,0.078537,2.2528,3.4773,0.049
2.1713,3.672,1.747,2.1546,3.563,1.7733,2.2861,3.5652,1.5765,2.0227,3.5905,1.5961,2.0757,3.6166,1.7253,2.3394,3.4849,1.4623,1.9607,3.5117,1.5076,2.0334,3.4282,0.065696,2.0734,3.1621,0.11105,2.347,3.7614,0.078394,2.2529,3.4773,0.049009
2.1731,3.6773,1.7473,2.1565,3.5677,1.7734,2.2879,3.5699,1.5766,2.0243,3.5948,1.5963,2.0775,3.6207,1.725,2.3411,3.489,1.4624,1.9623,3.5159,1.5081,2.0334,3.4284,0.0656,2.0733,3.1637,0.11406,2.347,3.7615,0.078287,2.2531,3.477,0.049217
2.1749,3.6821,1.7474,2.1583,3.5727,1.7736,2.2894,3.5773,1.5784,2.0262,3.5996,1.5964,2.0794,3.6242,1.7248,2.3427,3.4939,1.4626,1.9638,3.52,1.5085,2.0335,3.4287,0.065515,2.0734,3.1652,0.11722,2.347,3.7615,0.078206,2.2532,3.4769,0.049306
2.1765,3.6867,1.747,2.1601,3.5776,1.7739,2.2909,3.5818,1.5786,2.0276,3.6038,1.5969,2.0807,3.6309,1.7262,2.3442,3.4984,1.4629,1.9654,3.5242,1.509,2.0335,3.4291,0.06543,2.073,3.1667,0.12089,2.347,3.7615,0.078129,2.2532,3.477,0.049262
2.1784,3.6919,1.7473,2.1618,3.5829,1.7743,2.2927,3.5839,1.577,2.0291,3.6084,1.5973,2.0828,3.6358,1.7258,2.3457,3.5027,1.4632,1.9669,3.5284,1.5096,2.0336,3.4295,0.065344,2.073,3.1688,0.12441,2.3469,3.7615,0.078068,2.2531,3.477,0.049346
2.1801,3.6968,1.7474,2.1635,3.5875,1.7745,2.2943,3.5884,1.5774,2.0309,3.6133,1.5974,2.0843,3.6404,1.7262,2.3475,3.5076,1.4638,1.9684,3.5327,1.5103,2.0336,3.4299,0.065267,2.0729,3.1711,0.12822,2.3469,3.7615,0.077982,2.253,3.4771,0.049314
2.1817,3.7018,1.7476,2.1648,3.5925,1.775,2.2957,3.5927,1.5776,2.0322,3.6179,1.5979,2.0859,3.6451,1.7264,2.349,3.5119,1.4643,1.97,3.5366,1.5108,2.0337,3.4304,0.065154,2.0732,3.1734,0.13217,2.3469,3.7615,0.077944,2.253,3.4772,0.049239
2.1831,3.7067,1.7476,2.1665,3.5978,1.7754,2.2971,3.6002,1.5796,2.0339,3.6226,1.5982,2.0875,3.6502,1.7267,2.3504,3.5166,1.4647,1.9714,3.5412,1.5115,2.0337,3.4309,0.065035,2.0732,3.1762,0.13642,2.3469,3.7616,0.0779,2.2529,3.4773,0.049182
2.1845,3.7115,1.7477,2.1678,3.6024,1.7757,2.2988,3.6047,1.5802,2.0354,3.6272,1.5985,2.089,3.6531,1.7262,2.352,3.5213,1.4653,1.973,3.5453,1.5122,2.0338,3.4316,0.064947,2.0736,3.1794,0.14075,2.3469,3.7616,0.077862,2.2529,3.4774,0.049134
2.186,3.7163,1.7478,2.1694,3.6072,1.7759,2.3003,3.6061,1.5788,2.0366,3.6311,1.5987,2.0904,3.6582,1.7265,2.3537,3.5261,1.4659,1.9745,3.5493,1.5127,2.0338,3.4323,0.064853,2.0737,3.1826,0.14531,2.3469,3.7615,0.077824,2.2529,3.4774,0.049093
2.1873,3.7209,1.7483,2.1706,3.6122,1.7765,2.3017,3.6107,1.5794,2.0382,3.6353,1.5989,2.0916,3.6624,1.7266,2.3552,3.5308,1.4664,1.976,3.5535,1.5135,2.0333,3.4328,0.064198,2.074,3.1861,0.15021,2.3469,3.7615,0.077785,2.253,3.4774,0.049076
2.1885,3.7254,1.7483,2.1719,3.6166,1.7766,2.3031,3.6153,1.5797,2.0395,3.6405,1.5992,2.0931,3.6673,1.727,2.3567,3.5352,1.4668,1.9776,3.5576,1.514,2.0335,3.4338,0.064175,2.0743,3.19,0.15516,2.3469,3.7615,0.077774,2.253,3.4774,0.049053
2.1895,3.7298,1.7482,2.1732,3.6213,1.777,2.3045,3.6196,1.58,2.0409,3.6443,1.5992,2.0943,3.6719,1.7271,2.3582,3.5398,1.4672,1.979,3.5617,1.5146,2.0337,3.4347,0.063983,2.0747,3.1941,0.16026,2.3469,3.7615,0.077719,2.253,3.4773,0.049003
2.1907,3.7346,1.7487,2.1742,3.6257,1.7772,2.3058,3.6269,1.5822,2.0422,3.6496,1.5993,2.0954,3.676,1.7272,2.3598,3.5446,1.4676,1.9805,3.5657,1.515,2.0338,3.4356,0.063907,2.0752,3.1985,0.16575,2.3469,3.7615,0.077701,2.2531,3.4773,0.04899
2.192,3.7391,1.7489,2.1752,3.6305,1.7776,2.3072,3.6289,1.5808,2.0434,3.653,1.5995,2.0965,3.6805,1.7273,2.3612,3.5495,1.468,1.982,3.5696,1.5154,2.034,3.4368,0.063779,2.0759,3.2034,0.1713,2.3469,3.7615,0.077683,2.253,3.4773,0.048976
2.1931,3.7436,1.749,2.1767,3.6347,1.7776,2.3084,3.6334,1.581,2.0448,3.6577,1.5996,2.0978,3.6852,1.7275,2.3627,3.5536,1.4683,1.9833,3.5737,1.5159,2.0342,3.4383,0.063552,2.0765,3.2084,0.17709,2.3469,3.7615,0.077631,2.253,3.4774,0.048948
2.194,3.7481,1.749,2.1777,3.639,1.7777,2.3103,3.6399,1.5823,2.0461,3.6612,1.5996,2.099,3.6894,1.7274,2.3642,3.5582,1.4685,1.9849,3.5775,1.5162,2.0344,3.4399,0.063291,2.0773,3.2139,0.18349,2.347,3.7615,0.077587,2.2531,3.4773,0.048964
2.1949,3.7522,1.7484,2.1788,3.643,1.7776,2.3118,3.6437,1.5818,2.0473,3.6659,1.5997,2.1001,3.6935,1.7275,2.3657,3.5632,1.4688,1.9862,3.5814,1.5166,2.0344,3.4415,0.063079,2.078,3.2201,0.19043,2.347,3.7615,0.077547,2.2532,3.4772,0.049036
2.1959,3.757,1.7487,2.1803,3.6482,1.7778,2.3128,3.6488,1.5823,2.0486,3.6696,1.5996,2.1012,3.6977,1.7274,2.3671,3.5671,1.4689,1.9877,3.5851,1.5168,2.0345,3.4438,0.062832,2.0789,3.2268,0.19727,2.347,3.7615,0.07749,2.253,3.4773,0.048607
2.1971,3.7614,1.7488,2.1816,3.653,1.7779,2.314,3.6539,1.5826,2.0497,3.6733,1.5995,2.1022,3.7021,1.7273,2.3684,3.5719,1.469,1.9892,3.5887,1.5169,2.0343,3.4464,0.062885,2.0801,3.2339,0.20459,2.347,3.7615,0.077424,2.253,3.4773,0.048543
2.1979,3.7659,1.7485,2.1836,3.6551,1.7762,2.3153,3.6582,1.5822,2.0509,3.6773,1.5993,2.1034,3.7064,1.7271,2.3699,3.5767,1.4691,1.9906,3.5922,1.5171,2.0341,3.4481,0.06159,2.0814,3.2414,0.21208,2.347,3.7615,0.077364,2.2529,3.4776,0.048494
2.1987,3.7702,1.748,2.1849,3.6598,1.776,2.3165,3.6622,1.5822,2.0521,3.6812,1.5991,2.1044,3.7103,1.7268,2.3714,3.581,1.4691,1.992,3.596,1.5174,2.0345,3.4513,0.061773,2.0825,3.2493,0.2195,2.347,3.7615,0.077302,2.253,3.4774,0.048724
2.1996,3.7741,1.7474,2.186,3.6642,1.7759,2.3179,3.6668,1.5817,2.0532,3.6847,1.5988,2.1055,3.7143,1.7266,2.3727,3.5851,1.4688,1.9934,3.5992,1.5172,2.0348,3.4546,0.061199,2.0837,3.2582,0.22723,2.347,3.7615,0.077242,2.2532,3.4771,0.048367
2.2005,3.7785,1.7469,2.1872,3.6684,1.7754,2.3188,3.6717,1.5817,2.0543,3.6891,1.5985,2.1065,3.7185,1.7262,2.374,3.5895,1.4687,1.9947,3.6026,1.5172,2.0343,3.4579,0.060495,2.0851,3.2673,0.23502,2.347,3.7615,0.077203,2.2528,3.4778,0.048335
2.2013,3.7826,1.7463,2.1882,3.6723,1.7748,2.3199,3.6758,1.5811,2.0553,3.6926,1.5981,2.1075,3.7223,1.7257,2.3751,3.5941,1.4683,1.9959,3.6061,1.5171,2.0338,3.4615,0.059805,2.0866,3.2771,0.24282,2.347,3.7615,0.077136,2.2533,3.4771,0.048714
2.202,3.7869,1.7456,2.1894,3.6771,1.7746,2.3211,3.68,1.58,2.0571,3.6948,1.5967,2.1084,3.7264,1.7252,2.3763,3.5986,1.468,1.9971,3.6095,1.517,2.0335,3.4645,0.058535,2.0883,3.2872,0.25031,2.347,3.7615,0.077065,2.2532,3.4773,0.04869
2.2027,3.7912,1.7449,2.1903,3.6806,1.7737,2.3218,3.6846,1.5799,2.0579,3.6986,1.5962,2.1093,3.7303,1.7245,2.3775,3.6028,1.4675,1.9982,3.6128,1.5168,2.0331,3.4685,0.05803,2.0898,3.2978,0.25672,2.347,3.7615,0.076993,2.2532,3.4773,0.048695
2.2036,3.7954,1.7442,2.1916,3.6854,1.7735,2.3232,3.6884,1.5787,2.0588,3.7024,1.5957,2.1103,3.7342,1.724,2.3786,3.6069,1.4669,1.9992,3.616,1.5165,2.0324,3.4725,0.057117,2.0915,3.3069,0.26264,2.347,3.7615,0.076913,2.2533,3.4771,0.048631
2.2044,3.7995,1.7434,2.1926,3.6897,1.773,2.324,3.6926,1.5784,2.0594,3.7058,1.5952,2.1111,3.7379,1.7233,2.3796,3.6114,1.4665,2.0001,3.6195,1.5162,2.032,3.4777,0.056986,2.0925,3.3155,0.26666,2.347,3.7615,0.076819,2.2533,3.4772,0.048873
2.2048,3.8038,1.7426,2.1934,3.6933,1.7721,2.3249,3.6969,1.5775,2.0602,3.7092,1.5947,2.1119,3.7418,1.7227,2.3803,3.6153,1.4658,2.001,3.6228,1.516,2.0334,3.4862,0.059454,2.0929,3.3229,0.26889,2.347,3.7615,0.076733,2.2533,3.4773,0.048883
2.2055,3.808,1.7417,2.1943,3.6977,1.7716,2.3254,3.7008,1.5769,2.0605,3.7137,1.595,2.1125,3.7459,1.7221,2.3812,3.6194,1.4651,2.0019,3.6259,1.5155,2.0357,3.4971,0.0629,2.0929,3.3297,0.27019,2.347,3.7616,0.076637,2.2534,3.4773,0.048878
2.2061,3.8119,1.7409,2.1951,3.7015,1.7708,2.3263,3.7047,1.5757,2.0611,3.7172,1.5946,2.1132,3.7499,1.7215,2.3819,3.6232,1.4645,2.0027,3.6288,1.5151,2.0391,3.51,0.066719,2.0926,3.3366,0.27049,2.347,3.7616,0.076547,2.2534,3.4773,0.048899
2.2066,3.8159,1.7401,2.1959,3.706,1.7704,2.3267,3.7089,1.5755,2.0617,3.7208,1.5941,2.1139,3.7536,1.7208,2.3825,3.6274,1.4639,2.0034,3.6319,1.5146,2.0429,3.5235,0.069881,2.092,3.344,0.26957,2.347,3.7616,0.076458,2.2534,3.4772,0.048923
2.2069,3.8201,1.7394,2.1964,3.7098,1.7697,2.3273,3.713,1.5747,2.0626,3.7235,1.5927,2.1145,3.7574,1.7203,2.3831,3.6313,1.4632,2.0039,3.6352,1.5142,2.0467,3.5378,0.072576,2.092,3.3524,0.26752,2.3471,3.7616,0.076372,2.2534,3.4773,0.048952
2.2073,3.8242,1.7387,2.1971,3.7142,1.7693,2.3275,3.7174,1.5746,2.0634,3.7268,1.5921,2.115,3.7614,1.7198,2.3836,3.6353,1.4627,2.0044,3.6381,1.5138,2.0504,3.5527,0.07454,2.0916,3.3612,0.26457,2.3471,3.7617,0.07625,2.2534,3.4773,0.048961
2.2078,3.8281,1.738,2.1977,3.7183,1.7688,2.328,3.7214,1.5739,2.0638,3.7304,1.5916,2.1153,3.7654,1.7192,2.3841,3.6394,1.4621,2.0047,3.6412,1.5134,2.0535,3.5684,0.076658,2.0914,3.3707,0.2606,2.3471,3.7617,0.076168,2.2534,3.4773,0.049016
2.2079,3.8323,1.7374,2.1981,3.7223,1.7682,2.3285,3.7249,1.5727,2.0641,3.734,1.5911,2.1157,3.769,1.7186,2.3845,3.6434,1.4616,2.0051,3.6445,1.5131,2.0559,3.5849,0.078384,2.0914,3.3808,0.25539,2.3471,3.7617,0.076066,2.2534,3.4773,0.049055
2.208,3.8363,1.7368,2.1983,3.7264,1.7678,2.3284,3.73,1.5734,2.0643,3.7377,1.5906,2.116,3.7728,1.7181,2.3849,3.6477,1.4613,2.0056,3.6471,1.5126,2.0578,3.6018,0.079951,2.0917,3.391,0.24979,2.3471,3.7618,0.075987,2.2534,3.4773,0.049057
2.2082,3.8402,1.7362,2.1984,3.73,1.7671,2.329,3.733,1.5718,2.0644,3.7412,1.5901,2.1161,3.7768,1.7175,2.3855,3.6511,1.4607,2.006,3.6501,1.5124,2.0585,3.6197,0.08165,2.0925,3.4027,0.243,2.3471,3.7618,0.07591,2.2534,3.4773,0.049097
2.208,3.8443,1.7356,2.1987,3.7344,1.7669,2.3291,3.7369,1.5715,2.0646,3.7447,1.5897,2.1161,3.7804,1.717,2.3858,3.6554,1.4604,2.0063,3.6532,1.5121,2.0588,3.637,0.082582,2.0942,3.4144,0.23597,2.3471,3.7619,0.075803,2.2534,3.4774,0.049123
2.2078,3.848,1.7351,2.1985,3.7382,1.7664,2.3291,3.7409,1.5713,2.0645,3.7483,1.5893,2.1161,3.7842,1.7166,2.3859,3.6596,1.4602,2.0064,3.6561,1.5119,2.0577,3.6547,0.082881,2.0959,3.427,0.22848,2.3471,3.7619,0.075708,2.2534,3.4774,0.04913
2.2077,3.8523,1.7346,2.1985,3.7421,1.7661,2.3294,3.7441,1.5703,2.0644,3.7519,1.5889,2.1159,3.7881,1.7161,2.3862,3.6634,1.4599,2.0065,3.659,1.5117,2.0565,3.6721,0.082801,2.0979,3.4404,0.22072,2.3471,3.762,0.075632,2.2534,3.4777,0.048977
2.2071,3.8562,1.7341,2.1985,3.7464,1.7659,2.3292,3.7478,1.5702,2.0645,3.755,1.5885,2.1156,3.7917,1.7158,2.3863,3.6678,1.4599,2.0068,3.6617,1.5115,2.0546,3.6895,0.082384,2.1,3.4545,0.21288,2.347,3.762,0.075561,2.2538,3.478,0.049077
2.2068,3.8598,1.7337,2.1982,3.7501,1.7655,2.3291,3.7519,1.5702,2.0644,3.7584,1.5881,2.1153,3.7953,1.7154,2.3866,3.6713,1.4597,2.0069,3.6644,1.5113,2.0522,3.7074,0.081873,2.102,3.4689,0.20483,2.347,3.7621,0.07546,2.2536,3.4771,0.049709
2.206,3.8634,1.7332,2.1979,3.7545,1.7657,2.3291,3.7557,1.57,2.0641,3.7616,1.5878,2.1149,3.7989,1.715,2.3868,3.6751,1.4595,2.0068,3.6675,1.5112,2.0494,3.7253,0.081344,2.1038,3.4836,0.19678,2.347,3.7621,0.07537,2.2535,3.477,0.049597
2.2055,3.8675,1.7329,2.1976,3.7579,1.7652,2.3289,3.7593,1.5697,2.0639,3.7647,1.5877,2.1145,3.8024,1.7147,2.3867,3.6795,1.4598,2.0069,3.6701,1.5109,2.0466,3.7433,0.080827,2.1054,3.4986,0.18901,2.347,3.7622,0.075268,2.2535,3.4771,0.049629
2.2047,3.8711,1.7326,2.1972,3.7618,1.7653,2.3283,3.7634,1.5699,2.0636,3.768,1.5876,2.1139,3.8059,1.7144,2.3868,3.6832,1.4597,2.0069,3.6729,1.5108,2.0439,3.7614,0.080472,2.1065,3.5146,0.18064,2.347,3.7622,0.075203,2.2535,3.4771,0.049679
2.2041,3.875,1.7323,2.1965,3.7649,1.7648,2.3277,3.768,1.5704,2.0625,3.7724,1.5883,2.1134,3.8094,1.7142,2.3869,3.6868,1.4596,2.0069,3.6757,1.5106,2.0416,3.7794,0.080301,2.1069,3.5299,0.17271,2.3469,3.7623,0.075123,2.2535,3.4771,0.049683
2.2034,3.8786,1.7322,2.1959,3.7687,1.7649,2.3275,3.7711,1.5699,2.0628,3.7742,1.5871,2.1129,3.8127,1.7141,2.3866,3.6914,1.46,2.0065,3.6785,1.5105,2.0398,3.7978,0.080392,2.1075,3.5458,0.16456,2.3469,3.7623,0.075048,2.2534,3.4772,0.049732
2.2025,3.8822,1.732,2.1956,3.7725,1.7649,2.3271,3.7745,1.5699,2.0623,3.7774,1.5869,2.1122,3.8163,1.714,2.3867,3.6944,1.4598,2.0063,3.682,1.5105,2.0385,3.8159,0.080834,2.107,3.5613,0.15682,2.3469,3.7623,0.074951,2.2534,3.4772,0.049746
2.2018,3.8855,1.732,2.1948,3.7756,1.7647,2.3268,3.7779,1.5697,2.0618,3.7806,1.5867,2.1116,3.8193,1.7139,2.3865,3.6986,1.4602,2.0061,3.6845,1.5103,2.0378,3.8341,0.081469,2.1055,3.5769,0.14938,2.3469,3.7624,0.074879,2.2534,3.4772,0.049808
2.2008,3.889,1.7319,2.1944,3.7795,1.7649,2.3254,3.7781,1.5677,2.0613,3.7835,1.5866,2.1108,3.8226,1.7141,2.3863,3.7024,1.4603,2.0058,3.6877,1.5101,2.0376,3.8522,0.082325,2.1039,3.5927,0.14174,2.3469,3.7624,0.074815,2.2533,3.4773,0.049846
2.2002,3.8923,1.732,2.1937,3.7828,1.7648,2.3257,3.7855,1.57,2.0607,3.7869,1.5864,2.1101,3.8257,1.7137,2.386,3.7062,1.4605,2.0054,3.6905,1.51,2.0376,3.8701,0.083445,2.1015,3.608,0.13473,2.3469,3.7625,0.074738,2.2533,3.4773,0.049891
2.199,3.8953,1.7319,2.1932,3.7864,1.7649,2.325,3.7888,1.5698,2.06,3.79,1.5863,2.1095,3.8288,1.7136,2.3855,3.71,1.4608,2.0051,3.6934,1.5097,2.0377,3.8874,0.084628,2.099,3.6232,0.1282,2.3469,3.7625,0.07467,2.2533,3.4773,0.04992
2.1982,3.8988,1.7321,2.1923,3.7894,1.7646,2.3242,3.7927,1.5698,2.0596,3.7928,1.5862,2.1086,3.8321,1.7135,2.3852,3.7138,1.4608,2.0047,3.6967,1.5096,2.0383,3.9044,0.086112,2.0965,3.6384,0.12199,2.3469,3.7626,0.074608,2.2532,3.4773,0.049955
2.1971,3.901,1.7317,2.1915,3.7925,1.7645,2.3236,3.7964,1.57,2.0587,3.7962,1.5861,2.1078,3.835,1.7134,2.3848,3.7176,1.4609,2.0043,3.7,1.5094,2.0385,3.9208,0.087672,2.0933,3.6533,0.11634,2.3469,3.7626,0.074554,2.253,3.477,0.050169
2.1963,3.9051,1.732,2.1907,3.7956,1.7645,2.3231,3.8001,1.5702,2.0581,3.7989,1.586,2.1068,3.8381,1.7133,2.3842,3.7212,1.4611,2.0038,3.7028,1.5092,2.0383,3.9367,0.08956,2.0905,3.6678,0.11071,2.3469,3.7626,0.074494,2.2532,3.4775,0.050059
2.1952,3.9086,1.732,2.1897,3.7988,1.7644,2.3225,3.8034,1.57,2.0573,3.8021,1.5859,2.106,3.8411,1.7133,2.384,3.7248,1.461,2.0032,3.706,1.509,2.038,3.9521,0.09156,2.0877,3.6821,0.1055,2.3469,3.7626,0.07442,2.2531,3.4775,0.050095
2.1941,3.9117,1.732,2.1889,3.8021,1.7644,2.3215,3.8066,1.5699,2.0566,3.8051,1.5857,2.1051,3.8441,1.7131,2.3834,3.7286,1.4611,2.0026,3.7093,1.5088,2.0376,3.9666,0.093656,2.0852,3.6961,0.10044,2.3468,3.7627,0.074392,2.2531,3.4776,0.050144
2.1931,3.9148,1.732,2.1881,3.8055,1.7644,2.3206,3.8099,1.5698,2.0557,3.8081,1.5857,2.1041,3.8472,1.713,2.3829,3.732,1.4609,2.002,3.7123,1.5085,2.037,3.9806,0.095754,2.0829,3.7094,0.096086,2.3468,3.7627,0.07431,2.253,3.4776,0.050165
2.1919,3.9178,1.7319,2.1872,3.8084,1.7643,2.3198,3.8135,1.5699,2.0547,3.8115,1.5854,2.1031,3.8502,1.713,2.3819,3.7362,1.4612,2.0011,3.7155,1.5083,2.0361,3.9937,0.09774,2.0805,3.7228,0.091849,2.3469,3.7629,0.074249,2.2525,3.4772,0.050253
2.191,3.9211,1.7321,2.186,3.8115,1.7642,2.3191,3.8168,1.57,2.0539,3.8144,1.5852,2.1019,3.8536,1.7132,2.3811,3.7393,1.4613,2.0004,3.7189,1.5081,2.0352,4.0063,0.099725,2.0784,3.735,0.088048,2.3468,3.7628,0.07416,2.2524,3.4773,0.050286
2.1897,3.9238,1.7319,2.185,3.8146,1.7641,2.3179,3.8203,1.5701,2.053,3.8177,1.5849,2.101,3.8565,1.7131,2.3807,3.7427,1.461,1.9997,3.7224,1.5078,2.034,4.0179,0.10153,2.0763,3.7468,0.084741,2.3468,3.7629,0.074075,2.2524,3.4774,0.0504
2.1886,3.9264,1.7317,2.184,3.8175,1.7639,2.3168,3.8237,1.5699,2.0521,3.8209,1.5847,2.1,3.8597,1.7127,2.3798,3.7464,1.4613,1.9988,3.7256,1.5073,2.0328,4.0288,0.10324,2.0745,3.7581,0.081529,2.3468,3.7629,0.073991,2.2524,3.4775,0.050451
2.1875,3.9284,1.731,2.1829,3.8205,1.7637,2.3161,3.8265,1.5696,2.0511,3.824,1.5845,2.0988,3.8627,1.7125,2.3791,3.7497,1.4612,1.9981,3.7285,1.5068,2.0317,4.0391,0.10486,2.0728,3.7683,0.078832,2.3468,3.763,0.073896,2.2523,3.4775,0.050498
2.1863,3.9337,1.7319,2.1817,3.8242,1.7639,2.3152,3.8302,1.5699,2.0499,3.8273,1.5843,2.0976,3.8659,1.7122,2.378,3.7532,1.4613,1.9969,3.7319,1.5065,2.0305,4.0484,0.10635,2.0714,3.778,0.076258,2.3468,3.7631,0.073782,2.2522,3.4776,0.050599
2.185,3.937,1.7318,2.1805,3.827,1.7635,2.3138,3.8339,1.5702,2.049,3.8304,1.584,2.0966,3.869,1.712,2.3771,3.7562,1.4612,1.9961,3.735,1.506,2.0295,4.057,0.10803,2.0702,3.7871,0.073791,2.3468,3.7631,0.07367,2.2521,3.4776,0.050673
2.1839,3.9401,1.7317,2.1791,3.83,1.7633,2.3128,3.8366,1.5698,2.0477,3.8338,1.5838,2.0952,3.8723,1.7118,2.3763,3.7593,1.4608,1.9949,3.7388,1.5057,2.0285,4.0649,0.1094,2.0694,3.7955,0.071408,2.3468,3.7632,0.073585,2.252,3.4777,0.050769
2.1828,3.9404,1.7304,2.1777,3.8332,1.7632,2.3118,3.8399,1.5698,2.0469,3.8372,1.5836,2.0939,3.8754,1.7117,2.375,3.7626,1.4611,1.9938,3.7424,1.5053,2.0277,4.0718,0.11042,2.0689,3.8032,0.069041,2.3468,3.7633,0.073459,2.252,3.4777,0.050852
2.1813,3.944,1.7306,2.1764,3.8364,1.7631,2.3107,3.843,1.5697,2.0454,3.8405,1.5833,2.0926,3.8787,1.7114,2.3738,3.7658,1.461,1.9926,3.746,1.5048,2.0269,4.078,0.11132,2.0687,3.81,0.066948,2.3468,3.7634,0.073348,2.2519,3.4778,0.050946
2.1799,3.9497,1.7315,2.1748,3.8398,1.7631,2.3088,3.847,1.5701,2.0442,3.8437,1.5831,2.0914,3.8818,1.7113,2.3731,3.7683,1.4604,1.9914,3.7501,1.5044,2.0263,4.0836,0.11187,2.0688,3.8162,0.06492,2.3468,3.7634,0.073248,2.2518,3.4778,0.051074
2.1787,3.9528,1.7316,2.1735,3.8428,1.7629,2.3077,3.85,1.57,2.0429,3.8474,1.5828,2.0899,3.8851,1.7111,2.3716,3.7719,1.4608,1.9899,3.7541,1.5041,2.026,4.0883,0.11204,2.0693,3.8213,0.063106,2.3468,3.7635,0.073139,2.2517,3.4779,0.051157
2.1775,3.9548,1.732,2.1719,3.846,1.7627,2.3065,3.8533,1.57,2.0415,3.8508,1.5826,2.0886,3.8883,1.7109,2.3703,3.7748,1.4604,1.9886,3.758,1.5034,2.0262,4.0925,0.11104,2.0704,3.8255,0.063396,2.3468,3.7635,0.07306,2.2516,3.4779,0.051242
2.1761,3.9592,1.7316,2.1705,3.8489,1.7624,2.305,3.8563,1.5695,2.0401,3.8546,1.5823,2.0872,3.8919,1.7107,2.369,3.778,1.4602,1.9872,3.7617,1.5027,2.0269,4.096,0.109,2.0717,3.8285,0.063457,2.3468,3.7636,0.072976,2.2516,3.4779,0.05133
2.1746,3.9625,1.7316,2.169,3.852,1.762,2.3038,3.8596,1.5692,2.0387,3.8583,1.5819,2.0857,3.895,1.7106,2.3674,3.7812,1.4603,1.9856,3.7662,1.5022,2.0278,4.098,0.10589,2.0733,3.8304,0.063354,2.3467,3.7636,0.072875,2.2515,3.478,0.051422
2.1734,3.9656,1.7315,2.1674,3.8552,1.7618,2.3025,3.8628,1.5688,2.0372,3.8619,1.5816,2.0842,3.8987,1.7104,2.3657,3.7845,1.46,1.9839,3.7702,1.5015,2.0293,4.0993,0.10217,2.0748,3.8316,0.063593,2.3468,3.7637,0.072783,2.2514,3.478,0.051553
2.1718,3.9689,1.7315,2.1658,3.8582,1.7614,2.3005,3.8665,1.5686,2.0355,3.866,1.5813,2.0827,3.9022,1.7105,2.3644,3.7873,1.4594,1.9822,3.7745,1.5008,2.0307,4.1009,0.098308,2.075,3.8325,0.064134,2.3467,3.7638,0.0727,2.2514,3.478,0.051634
2.1705,3.9722,1.7315,2.1642,3.8621,1.7614,2.2991,3.8701,1.5687,2.0341,3.8701,1.581,2.0811,3.9056,1.71,2.3623,3.7909,1.4595,1.9804,3.7791,1.5001,2.0319,4.1025,0.094728,2.0748,3.833,0.064642,2.3467,3.7639,0.072606,2.2513,3.478,0.051769
2.1688,3.9756,1.7314,2.1625,3.8653,1.7612,2.2971,3.874,1.5687,2.0322,3.8742,1.5808,2.0795,3.9093,1.7099,2.3607,3.7941,1.4589,1.9784,3.7837,1.4993,2.0329,4.1037,0.092277,2.0747,3.8336,0.065283,2.3467,3.7639,0.072457,2.2512,3.4781,0.05198
2.1674,3.9791,1.7316,2.1606,3.8686,1.7609,2.2953,3.8775,1.5686,2.0304,3.8785,1.5806,2.0779,3.9131,1.7098,2.3588,3.7977,1.4587,1.9765,3.7884,1.4987,2.0336,4.1048,0.090263,2.0745,3.8342,0.065785,2.3467,3.7641,0.072302,2.2511,3.4782,0.052274
2.1657,3.9829,1.7318,2.1586,3.8727,1.7611,2.2938,3.8809,1.5681,2.0288,3.883,1.5806,2.0759,3.9172,1.7098,2.3568,3.8013,1.4585,1.9745,3.7926,1.4977,2.0336,4.1057,0.088606,2.0744,3.8345,0.066237,2.3467,3.7643,0.072151,2.2508,3.4787,0.052331
2.1641,3.9869,1.7319,2.1567,3.8764,1.7609,2.2915,3.8852,1.5681,2.0269,3.8876,1.5806,2.0741,3.9213,1.7097,2.3549,3.8051,1.4582,1.9724,3.7974,1.4971,2.0334,4.1059,0.086989,2.0743,3.8348,0.066543,2.3467,3.7644,0.071964,2.2508,3.4789,0.052775
2.1626,3.9907,1.7321,2.1548,3.8801,1.7606,2.29,3.8893,1.568,2.0249,3.8925,1.5804,2.0723,3.9253,1.7097,2.3529,3.809,1.4579,1.9704,3.8019,1.4963,2.0335,4.1064,0.085894,2.0742,3.835,0.06681,2.3468,3.7645,0.071805,2.2507,3.4791,0.053218
2.1606,3.9948,1.7322,2.1526,3.8841,1.7603,2.2878,3.8936,1.5676,2.0227,3.8972,1.5801,2.0704,3.9298,1.7096,2.3509,3.8134,1.4578,1.9684,3.8067,1.4957,2.0338,4.1069,0.085023,2.074,3.8352,0.067096,2.3468,3.7647,0.071648,2.2505,3.4794,0.053705
2.1587,3.9988,1.7323,2.1505,3.888,1.76,2.2859,3.8977,1.5674,2.0209,3.9021,1.5798,2.0683,3.9342,1.7095,2.3488,3.8178,1.4579,1.9665,3.8116,1.4952,2.034,4.1073,0.083971,2.0738,3.8355,0.067364,2.3468,3.7648,0.071497,2.2503,3.4797,0.05417
2.1568,4.003,1.7324,2.1485,3.8919,1.7595,2.2834,3.9024,1.5673,2.0188,3.9069,1.5795,2.0663,3.9386,1.7094,2.3468,3.8225,1.4579,1.9642,3.8165,1.4947,2.0342,4.1079,0.082938,2.0735,3.836,0.067459,2.3468,3.765,0.071342,2.25,3.48,0.054693
2.1546,4.0073,1.7322,2.1462,3.8967,1.7594,2.2816,3.9069,1.5672,2.0166,3.912,1.5792,2.0642,3.9432,1.7092,2.3446,3.8274,1.4579,1.9623,3.8213,1.4943,2.0342,4.1084,0.082109,2.0734,3.836,0.067681,2.3468,3.7651,0.071173,2.2497,3.4802,0.055263
2.1524,4.0119,1.7321,2.144,3.9011,1.7591,2.2791,3.9118,1.5672,2.0142,3.9169,1.5788,2.0619,3.9478,1.7088,2.3426,3.8324,1.4579,1.9602,3.8257,1.4936,2.0343,4.1088,0.081256,2.0733,3.8361,0.067786,2.3468,3.7653,0.071005,2.2494,3.4805,0.055888
2.1504,4.0165,1.732,2.1416,3.9057,1.7589,2.2774,3.9156,1.5666,2.0121,3.9217,1.5786,2.0597,3.9526,1.7085,2.3403,3.8377,1.4581,1.9581,3.8302,1.4931,2.0345,4.1093,0.080327,2.0732,3.8363,0.067857,2.3468,3.7655,0.070812,2.249,3.4808,0.056581
2.1483,4.0212,1.7319,2.1392,3.9102,1.7587,2.2748,3.9202,1.5665,2.0101,3.9264,1.5784,2.0574,3.9574,1.7083,2.3383,3.8427,1.4583,1.9558,3.8348,1.4928,2.0348,4.1097,0.079685,2.0731,3.8364,0.06789,2.3468,3.7658,0.070573,2.2485,3.4812,0.057542
2.1461,4.0261,1.7319,2.1369,3.915,1.7588,2.2728,3.9252,1.5671,2.0079,3.9312,1.5784,2.0552,3.9622,1.7082,2.3361,3.8479,1.4585,1.9537,3.8394,1.4925,2.035,4.11,0.07924,2.073,3.8364,0.067878,2.3467,3.7661,0.070324,2.2478,3.4817,0.058925
2.1437,4.0311,1.7318,2.1346,3.9204,1.7591,2.2702,3.9299,1.5674,2.0055,3.936,1.5784,2.0528,3.967,1.7082,2.334,3.853,1.4586,1.9515,3.8438,1.4922,2.0351,4.1101,0.078968,2.0729,3.8364,0.067845,2.3468,3.7664,0.070061,2.2471,3.4823,0.060593
2.1413,4.036,1.7317,2.1322,3.9254,1.7593,2.2684,3.9337,1.5673,2.0031,3.9408,1.5784,2.0506,3.9721,1.7083,2.3318,3.8581,1.459,1.9494,3.8482,1.4919,2.0351,4.1102,0.078742,2.0729,3.8365,0.067812,2.3468,3.7669,0.069704,2.2463,3.4831,0.062701
2.139,4.0408,1.7318,2.1297,3.9303,1.7595,2.2658,3.9387,1.5679,2.0011,3.9455,1.5785,2.0482,3.9772,1.7085,2.3296,3.8633,1.4595,1.9473,3.8527,1.4919,2.0351,4.1102,0.078552,2.0728,3.8365,0.067786,2.3468,3.7674,0.069316,2.2453,3.484,0.065003
2.1368,4.0456,1.7321,2.1272,3.9349,1.7598,2.2635,3.9439,1.5688,1.9989,3.9501,1.5789,2.0459,3.9821,1.7088,2.3275,3.8681,1.46,1.9449,3.8573,1.492,2.0352,4.1103,0.078361,2.0728,3.8365,0.067747,2.3469,3.7679,0.068842,2.2441,3.4851,0.067642
2.1344,4.0505,1.7327,2.1251,3.9399,1.7603,2.2614,3.9478,1.5686,1.9968,3.9548,1.5791,2.0435,3.9866,1.709,2.3252,3.8732,1.4609,1.9428,3.8618,1.492,2.0352,4.1104,0.078191,2.0728,3.8365,0.067729,2.347,3.7685,0.068379,2.2428,3.4862,0.070552
2.1322,4.0551,1.7329,2.1228,3.9445,1.7607,2.2594,3.9524,1.5692,1.9943,3.9597,1.5795,2.0414,3.9911,1.7094,2.3232,3.878,1.4615,1.9408,3.866,1.492,2.0353,4.1104,0.077997,2.0727,3.8365,0.067742,2.3471,3.7691,0.067957,2.2415,3.4875,0.073774
2.13,4.0594,1.7332,2.1204,3.9486,1.7609,2.2561,3.9548,1.5685,1.9922,3.9645,1.5798,2.0391,3.9958,1.7098,2.321,3.8832,1.4625,1.9387,3.8709,1.4923,2.0353,4.1105,0.077782,2.0727,3.8365,0.067747,2.3473,3.7697,0.067537,2.2396,3.4893,0.076923
2.1277,4.0638,1.7337,2.118,3.9532,1.7612,2.255,3.9612,1.5699,1.99,3.9689,1.5801,2.0369,4.0005,1.7101,2.3189,3.8879,1.4634,1.9365,3.8758,1.4927,2.0353,4.1105,0.077577,2.0727,3.8367,0.067811,2.3476,3.7704,0.067098,2.2377,3.4909,0.080248
2.1255,4.0686,1.7344,2.1159,3.958,1.7618,2.2518,3.9639,1.5694,1.988,3.9734,1.5805,2.0346,4.005,1.7105,2.3168,3.8926,1.4642,1.9348,3.8795,1.4933,2.0353,4.1107,0.077368,2.0726,3.8367,0.067796,2.3479,3.7711,0.066656,2.2354,3.493,0.083725
2.1235,4.073,1.7346,2.1138,3.9625,1.7624,2.2508,3.97,1.5709,1.9857,3.978,1.581,2.0326,4.0094,1.7108,2.3147,3.8975,1.4654,1.9328,3.884,1.4937,2.0353,4.1108,0.077129,2.0726,3.8367,0.067831,2.3482,3.7717,0.06628,2.2328,3.4951,0.087036
2.1213,4.0775,1.735,2.1115,3.967,1.7628,2.2475,3.9721,1.5705,1.9836,3.9825,1.5813,2.0303,4.014,1.7112,2.3127,3.9018,1.4663,1.9307,3.889,1.4942,2.0353,4.1109,0.076924,2.0725,3.8368,0.067855,2.3484,3.7724,0.065925,2.2299,3.4976,0.090354
2.1192,4.0818,1.7352,2.1092,3.9715,1.7632,2.2457,3.9764,1.5713,1.9816,3.9865,1.5816,2.0282,4.0187,1.7116,2.3106,3.9063,1.4675,1.9289,3.8932,1.4945,2.0352,4.111,0.076722,2.0724,3.8368,0.067884,2.3487,3.7731,0.065593,2.2265,3.5004,0.093499
2.1177,4.0831,1.7342,2.1069,3.9761,1.7639,2.2435,3.9802,1.5719,1.9796,3.9909,1.582,2.026,4.0231,1.7121,2.3088,3.9103,1.4685,1.9271,3.8973,1.495,2.0351,4.1111,0.07654,2.0724,3.8369,0.067978,2.3489,3.7737,0.065307,2.2228,3.5032,0.096389
2.115,4.0907,1.7358,2.1049,3.9805,1.7646,2.2426,3.9863,1.5741,1.9777,3.9951,1.5824,2.0241,4.0273,1.7124,2.3068,3.9143,1.4696,1.9251,3.9022,1.4958,2.035,4.1112,0.07642,2.0723,3.837,0.068016,2.3493,3.7744,0.065054,2.2187,3.5064,0.099136
2.1127,4.0963,1.7367,2.1028,3.9848,1.7651,2.2397,3.9877,1.5735,1.9758,3.9989,1.583,2.0219,4.0316,1.7127,2.3049,3.9166,1.4708,1.9235,3.9058,1.4961,2.0349,4.1113,0.076244,2.0722,3.837,0.068065,2.3498,3.7753,0.06489,2.2144,3.51,0.1015
2.1112,4.0991,1.7365,2.1006,3.9891,1.7658,2.2379,3.9914,1.5743,1.9741,4.0027,1.5833,2.0199,4.0359,1.7132,2.3031,3.9203,1.472,1.9219,3.9094,1.4965,2.0348,4.1113,0.076093,2.0722,3.837,0.068106,2.3505,3.7762,0.064807,2.2097,3.5138,0.10365
2.1099,4.1008,1.7359,2.0985,3.9932,1.7664,2.2362,3.9949,1.5752,1.9722,4.0065,1.5836,2.0181,4.0398,1.7137,2.3015,3.9235,1.473,1.9203,3.9134,1.4972,2.0347,4.1114,0.075927,2.0721,3.837,0.068147,2.3516,3.7766,0.064266,2.2047,3.5181,0.10503
2.1085,4.1031,1.7357,2.0968,3.9971,1.7671,2.2344,3.9984,1.576,1.9706,4.0099,1.5842,2.0162,4.0437,1.7141,2.3,3.9268,1.4741,1.9189,3.9168,1.4978,2.0346,4.1114,0.075782,2.0721,3.8371,0.06816,2.3524,3.778,0.064267,2.2,3.5231,0.10588
2.1068,4.1063,1.7358,2.0949,4.0008,1.7679,2.234,4.0041,1.5782,1.969,4.0137,1.5847,2.0144,4.0475,1.7145,2.2985,3.9299,1.4749,1.9173,3.9203,1.4984,2.0346,4.1115,0.075701,2.072,3.8371,0.068197,2.3536,3.7803,0.064539,2.1957,3.5289,0.10611
2.1051,4.1097,1.7363,2.0929,4.0045,1.7684,2.2313,4.0051,1.5778,1.9675,4.0169,1.5853,2.0128,4.0508,1.7151,2.2971,3.9326,1.4758,1.916,3.9236,1.4988,2.0345,4.1116,0.075613,2.072,3.8371,0.06821,2.3547,3.7833,0.065176,2.1917,3.5347,0.10551
2.1034,4.1132,1.7371,2.0914,4.0078,1.7691,2.2298,4.0083,1.5786,1.9659,4.0202,1.5858,2.011,4.0544,1.7157,2.2957,3.9356,1.4769,1.9147,3.9267,1.4995,2.0345,4.1116,0.075525,2.072,3.8371,0.068219,2.3558,3.7872,0.065908,2.188,3.5416,0.10421
2.1018,4.1168,1.738,2.0898,4.0114,1.77,2.2286,4.0114,1.5794,1.9647,4.0232,1.5862,2.0097,4.0575,1.7163,2.2945,3.9385,1.4778,1.9134,3.93,1.5001,2.0344,4.1116,0.075504,2.0719,3.8371,0.068265,2.3568,3.792,0.066834,2.185,3.5488,0.10251
2.1001,4.1203,1.7388,2.0884,4.0144,1.7708,2.2271,4.0144,1.5802,1.9632,4.0265,1.5871,2.0082,4.0607,1.717,2.2932,3.941,1.4784,1.9122,3.9334,1.5008,2.0344,4.1117,0.075485,2.0719,3.8371,0.068276,2.3575,3.7978,0.067802,2.1826,3.5564,0.10032
2.0985,4.1237,1.7396,2.0869,4.0173,1.7713,2.2259,4.0173,1.581,1.9621,4.0291,1.5878,2.007,4.0635,1.7176,2.2921,3.9438,1.4796,1.9113,3.9361,1.5012,2.0343,4.1117,0.075473,2.0718,3.8372,0.068295,2.3578,3.8044,0.068501,2.1808,3.5643,0.097976
2.097,4.1271,1.7403,2.0859,4.0201,1.7721,2.2248,4.0202,1.5819,1.9608,4.0322,1.5884,2.0057,4.0666,1.7183,2.291,3.9463,1.4803,1.9103,3.9392,1.502,2.0343,4.1116,0.075442,2.0718,3.8372,0.068294,2.358,3.8122,0.069249,2.1796,3.5727,0.095555
2.0956,4.1303,1.741,2.0847,4.023,1.7729,2.2238,4.023,1.5826,1.9599,4.0347,1.5891,2.0047,4.0692,1.7192,2.29,3.9485,1.4809,1.9091,3.9424,1.5027,2.0342,4.1116,0.075437,2.0718,3.8372,0.068315,2.3577,3.8207,0.069937,2.179,3.581,0.092929
2.0944,4.1334,1.7417,2.0838,4.0255,1.7736,2.2228,4.0256,1.5833,1.9588,4.0376,1.5897,2.0036,4.072,1.7199,2.289,3.9511,1.4819,1.9081,3.9453,1.5033,2.0344,4.1122,0.076136,2.0718,3.8372,0.068327,2.357,3.8301,0.070537,2.179,3.5896,0.090231
2.0934,4.1363,1.7424,2.0828,4.0279,1.7742,2.2219,4.0282,1.584,1.9579,4.0401,1.5905,2.0027,4.0743,1.7204,2.2882,3.9532,1.4825,1.9073,3.9482,1.5037,2.0344,4.1122,0.07613,2.0718,3.8372,0.068357,2.356,3.8403,0.071122,2.1794,3.598,0.087668
2.0925,4.1391,1.7431,2.0818,4.0304,1.7749,2.221,4.0306,1.5847,1.9571,4.0425,1.5912,2.002,4.0766,1.7211,2.2873,3.9552,1.4832,1.9067,3.9506,1.5042,2.0344,4.1122,0.076142,2.0718,3.8372,0.068351,2.3546,3.851,0.071619,2.1802,3.6065,0.08499
2.0918,4.1418,1.7439,2.0813,4.0325,1.7755,2.2203,4.0329,1.5854,1.9564,4.0452,1.5917,2.0012,4.0794,1.7218,2.2865,3.957,1.4838,1.9057,3.954,1.5048,2.0344,4.1122,0.076093,2.0718,3.8372,0.068358,2.353,3.8622,0.071879,2.1817,3.6152,0.082879
2.0912,4.1444,1.7446,2.0806,4.035,1.7762,2.2198,4.0351,1.5859,1.9557,4.0477,1.5923,2.0007,4.0816,1.7225,2.2857,3.959,1.4844,1.905,3.957,1.5055,2.0344,4.1122,0.076069,2.0718,3.8372,0.068383,2.3511,3.8739,0.072093,2.1835,3.6242,0.080611
2.0907,4.1468,1.7453,2.08,4.0373,1.7768,2.2192,4.0371,1.5864,1.9554,4.0498,1.5928,2.0002,4.0838,1.723,2.285,3.9608,1.4849,1.9045,3.9597,1.5058,2.0344,4.1123,0.075976,2.0718,3.8372,0.068396,2.349,3.8857,0.072257,2.186,3.6333,0.078592
2.0904,4.1491,1.746,2.0796,4.0392,1.7772,2.2187,4.0392,1.587,1.9548,4.0525,1.5934,1.9997,4.0861,1.7234,2.2845,3.9621,1.4853,1.9038,3.9626,1.5063,2.0344,4.1124,0.075849,2.0718,3.8372,0.068425,2.3469,3.8976,0.072466,2.1882,3.6423,0.076606
2.0902,4.1513,1.7467,2.0792,4.0413,1.7776,2.2183,4.0411,1.5874,1.9544,4.0551,1.5939,1.9993,4.0885,1.7239,2.2839,3.9637,1.4859,1.9033,3.9652,1.5065,2.0344,4.1126,0.075726,2.0719,3.8373,0.068483,2.3447,3.9095,0.072696,2.1906,3.6513,0.075194
2.0901,4.1534,1.7473,2.0788,4.0433,1.7779,2.2179,4.0429,1.5877,1.9541,4.0571,1.5943,1.9991,4.0907,1.7244,2.2833,3.9649,1.4861,1.9028,3.9678,1.5067,2.0344,4.1127,0.075527,2.0719,3.8373,0.068562,2.3425,3.9215,0.073019,2.1936,3.6609,0.073741
2.0901,4.1554,1.7479,2.0785,4.0454,1.7782,2.2176,4.0445,1.588,1.9539,4.0592,1.5946,1.999,4.0927,1.7247,2.2828,3.966,1.4865,1.9024,3.9702,1.507,2.0342,4.1123,0.074598,2.0719,3.8373,0.068615,2.3408,3.9333,0.073429,2.1959,3.6706,0.072254
2.0902,4.1573,1.7484,2.0783,4.0474,1.7786,2.2174,4.0461,1.5883,1.9535,4.0616,1.5948,1.9989,4.0948,1.7251,2.2822,3.967,1.4869,1.9015,3.9739,1.5075,2.0342,4.1124,0.074302,2.072,3.8373,0.068686,2.3391,3.9447,0.07397,2.1985,3.6797,0.071269
2.0904,4.1591,1.7489,2.0782,4.0492,1.779,2.2172,4.0476,1.5886,1.9533,4.064,1.5952,1.9988,4.0971,1.7254,2.2817,3.968,1.4871,1.9014,3.9763,1.5077,2.0342,4.1126,0.073985,2.072,3.8374,0.068789,2.338,3.956,0.074692,2.2003,3.689,0.070272
2.0906,4.1608,1.7493,2.0781,4.051,1.7792,2.2171,4.0491,1.5889,1.9533,4.0661,1.5955,1.9987,4.0991,1.7256,2.2813,3.9687,1.4872,1.902,3.9768,1.5053,2.0342,4.1128,0.073633,2.0722,3.8374,0.068894,2.3373,3.9674,0.075498,2.2028,3.6987,0.069643
2.091,4.1624,1.7496,2.078,4.0528,1.7795,2.2171,4.0504,1.5891,1.9534,4.068,1.5957,1.9988,4.101,1.7258,2.281,3.9693,1.4873,1.9014,3.9793,1.5054,2.0342,4.113,0.073284,2.0722,3.8375,0.068987,2.3368,3.979,0.077052,2.2047,3.7085,0.068684
2.0914,4.164,1.7499,2.0779,4.0543,1.7796,2.2171,4.0515,1.5892,1.9534,4.0699,1.5959,1.999,4.1029,1.7259,2.2806,3.97,1.4874,1.9011,3.982,1.5056,2.0341,4.1132,0.072931,2.0723,3.8375,0.069096,2.337,3.9894,0.078,2.2063,3.7186,0.068264
2.0918,4.1654,1.7501,2.0778,4.0558,1.7796,2.2172,4.0525,1.5894,1.9535,4.0718,1.596,1.9992,4.1046,1.726,2.2803,3.9707,1.4874,1.901,3.9839,1.5057,2.0341,4.1134,0.072663,2.0724,3.8376,0.069203,2.3378,3.9998,0.079148,2.2075,3.7289,0.067084
2.0923,4.1668,1.7502,2.0779,4.0571,1.7796,2.2172,4.0536,1.5896,1.9536,4.0737,1.5961,1.9994,4.1062,1.7261,2.2801,3.9712,1.4874,1.9009,3.9862,1.5058,2.0341,4.1136,0.072383,2.0725,3.8376,0.069283,2.3394,4.0094,0.079775,2.209,3.7392,0.066791
2.0928,4.1681,1.7504,2.078,4.0586,1.7798,2.2173,4.0544,1.5897,1.9537,4.0755,1.5961,1.9997,4.1078,1.7262,2.2799,3.9716,1.4873,1.901,3.9884,1.5059,2.0341,4.1138,0.072193,2.0725,3.8377,0.069285,2.3413,4.0191,0.081053,2.2098,3.7495,0.065846
2.0937,4.1694,1.7503,2.0782,4.0601,1.78,2.2174,4.0554,1.5898,1.9538,4.0774,1.5963,2.0001,4.1094,1.7264,2.2798,3.9721,1.4872,1.9007,3.9904,1.5059,2.0341,4.1139,0.072002,2.0728,3.8374,0.069214,2.3435,4.0285,0.082307,2.2109,3.7602,0.065353
2.0941,4.1704,1.7504,2.0785,4.0614,1.7803,2.2176,4.0563,1.5899,1.9541,4.0791,1.5965,2.0005,4.111,1.7267,2.2797,3.9725,1.487,1.9009,3.9924,1.5061,2.034,4.114,0.071872,2.0726,3.8378,0.069494,2.3458,4.0382,0.083968,2.2117,3.7704,0.064719
2.0949,4.1719,1.7507,2.0788,4.0625,1.7804,2.2179,4.0572,1.5901,1.9544,4.0807,1.5969,2.001,4.1126,1.727,2.2797,3.9729,1.4869,1.9005,3.9943,1.5066,2.034,4.114,0.071759,2.0722,3.8384,0.069456,2.3485,4.0478,0.085505,2.2128,3.781,0.064228
2.0955,4.1729,1.7509,2.0793,4.0637,1.7808,2.2182,4.0581,1.5903,1.9548,4.0822,1.5972,2.0015,4.114,1.7273,2.2797,3.9734,1.4867,1.9009,3.9957,1.5065,2.0339,4.1141,0.071658,2.0721,3.8382,0.069798,2.3513,4.0572,0.087065,2.2135,3.7919,0.063248
2.0959,4.1731,1.7514,2.0798,4.0648,1.781,2.2186,4.0589,1.5904,1.9553,4.0834,1.5974,2.002,4.1152,1.7275,2.2798,3.9739,1.4865,1.9013,3.9974,1.5068,2.0339,4.1142,0.071524,2.0721,3.8384,0.069838,2.3543,4.0666,0.088722,2.2145,3.8026,0.062574
2.0967,4.1742,1.7516,2.0804,4.0658,1.7813,2.219,4.0597,1.5905,1.9558,4.0848,1.5978,2.0025,4.1163,1.7278,2.2798,3.9745,1.4863,1.9014,3.999,1.507,2.0339,4.1143,0.07143,2.0721,3.8384,0.070009,2.3573,4.0762,0.090718,2.2159,3.8148,0.06111
2.0975,4.1752,1.752,2.081,4.0667,1.7815,2.2195,4.0605,1.5907,1.9563,4.0861,1.5982,2.0032,4.1174,1.7281,2.28,3.9752,1.4861,1.9014,4.0003,1.5071,2.0338,4.1144,0.071282,2.0721,3.8384,0.070126,2.3605,4.0855,0.092478,2.2167,3.8253,0.060192
2.0982,4.1761,1.7524,2.0817,4.0675,1.7818,2.2199,4.0613,1.5908,1.9567,4.0874,1.5987,2.0039,4.1183,1.7285,2.2801,3.9759,1.4859,1.9018,4.0018,1.5076,2.0337,4.1145,0.07114,2.0722,3.8385,0.070216,2.3634,4.0949,0.094156,2.2179,3.836,0.059167
2.0988,4.1771,1.753,2.0824,4.0683,1.782,2.2204,4.062,1.5909,1.9571,4.0887,1.5991,2.0048,4.1193,1.729,2.2802,3.9766,1.4857,1.9021,4.0031,1.5078,2.0337,4.1146,0.071088,2.0722,3.8385,0.07027,2.3662,4.1046,0.096118,2.2194,3.8464,0.058496
2.1003,4.1781,1.7534,2.083,4.0689,1.7822,2.2209,4.0626,1.591,1.9577,4.09,1.5997,2.0056,4.1204,1.7296,2.2803,3.9772,1.4856,1.9023,4.0045,1.5082,2.0337,4.1146,0.070924,2.0722,3.8385,0.070364,2.3689,4.114,0.097888,2.2206,3.8566,0.057424
2.1006,4.1787,1.7541,2.0838,4.0694,1.7824,2.2215,4.0634,1.5911,1.9583,4.091,1.6002,2.0065,4.1214,1.7302,2.2805,3.978,1.4854,1.9026,4.0059,1.5086,2.0336,4.1146,0.07094,2.0722,3.8385,0.070409,2.3715,4.1233,0.099519,2.2223,3.8669,0.056553
2.1016,4.1795,1.7547,2.0846,4.07,1.7827,2.2221,4.0641,1.5912,1.9589,4.0922,1.6007,2.0072,4.1221,1.7306,2.2807,3.9788,1.4852,1.9029,4.0072,1.5088,2.0336,4.1147,0.070892,2.0722,3.8386,0.070359,2.3738,4.1328,0.10138,2.2244,3.8775,0.055239
2.1025,4.18,1.7551,2.0854,4.0706,1.7831,2.2226,4.0648,1.5913,1.9595,4.0934,1.6012,2.008,4.123,1.7311,2.2809,3.9796,1.485,1.9034,4.0086,1.5089,2.0336,4.1147,0.070862,2.0722,3.8386,0.070485,2.3761,4.1423,0.10297,2.2263,3.8876,0.054435
2.104,4.1805,1.7554,2.0862,4.0711,1.7835,2.2232,4.0655,1.5914,1.9603,4.0946,1.6017,2.0088,4.1236,1.7316,2.2813,3.9805,1.4849,1.9036,4.0098,1.5089,2.0336,4.1147,0.070841,2.0722,3.8385,0.070523,2.3781,4.1519,0.10494,2.2285,3.8975,0.053385
2.1052,4.1812,1.7559,2.0872,4.0714,1.7837,2.2238,4.0662,1.5915,1.9609,4.0958,1.6021,2.0096,4.1243,1.732,2.2817,3.9814,1.4847,1.9041,4.0112,1.5091,2.0335,4.1148,0.070808,2.0722,3.8386,0.070561,2.3798,4.1612,0.10636,2.2309,3.9068,0.052354
2.1054,4.1817,1.7568,2.0882,4.0719,1.784,2.2244,4.0669,1.5915,1.9615,4.097,1.6025,2.0106,4.125,1.7325,2.2821,3.9825,1.4844,1.9046,4.0127,1.5094,2.0335,4.1148,0.070781,2.0722,3.8386,0.070548,2.3812,4.1703,0.10816,2.2332,3.9161,0.051519
2.1071,4.1823,1.7571,2.0891,4.0722,1.7842,2.2252,4.0677,1.5916,1.9622,4.0981,1.603,2.0115,4.1257,1.733,2.2825,3.9835,1.4841,1.9052,4.0139,1.5094,2.0335,4.1148,0.070761,2.0722,3.8386,0.070587,2.3824,4.1793,0.10947,2.2357,3.925,0.050683
2.1083,4.1833,1.7579,2.0899,4.0728,1.7845,2.226,4.0685,1.5917,1.9629,4.0992,1.6034,2.0124,4.1264,1.7336,2.2829,3.9846,1.4838,1.9057,4.0154,1.5095,2.0335,4.1148,0.070759,2.0722,3.8386,0.070525,2.3833,4.1876,0.11045,2.2382,3.9336,0.049968
2.1094,4.1839,1.7584,2.0908,4.0733,1.7847,2.2267,4.0694,1.5918,1.9637,4.1004,1.6039,2.0134,4.1271,1.7341,2.2833,3.9855,1.4835,1.9062,4.0168,1.5096,2.0335,4.1149,0.070744,2.0723,3.8387,0.070593,2.384,4.1966,0.11226,2.2408,3.9416,0.049353
2.1099,4.1843,1.7588,2.0917,4.0737,1.7847,2.2274,4.0701,1.5917,1.9646,4.1016,1.6043,2.0144,4.1278,1.7344,2.2838,3.9866,1.4832,1.9068,4.0182,1.5098,2.0335,4.1149,0.07074,2.0723,3.8386,0.070554,2.3843,4.2056,0.11398,2.2435,3.9493,0.048881
2.1109,4.1848,1.7591,2.0927,4.0742,1.7847,2.2281,4.071,1.5916,1.9655,4.1029,1.6046,2.0156,4.1285,1.7347,2.2844,3.9878,1.4828,1.9074,4.0196,1.5097,2.0335,4.1149,0.070756,2.0723,3.8386,0.070542,2.3843,4.213,0.11446,2.246,3.9565,0.048346
2.112,4.1854,1.7593,2.0938,4.0748,1.7848,2.2289,4.072,1.5915,1.9663,4.1042,1.6048,2.0166,4.1293,1.7349,2.2851,3.989,1.4824,1.9081,4.0211,1.5097,2.0336,4.1149,0.070761,2.0723,3.8387,0.070502,2.3842,4.2207,0.11542,2.2484,3.9633,0.048192
2.1129,4.1861,1.7596,2.0949,4.0755,1.785,2.2298,4.073,1.5914,1.9671,4.1054,1.605,2.0176,4.1303,1.7352,2.2856,3.9903,1.482,1.9086,4.0223,1.5096,2.0336,4.1149,0.070777,2.0723,3.8386,0.070538,2.384,4.2281,0.11649,2.2508,3.9694,0.047962
2.1141,4.1869,1.7598,2.096,4.0762,1.785,2.2308,4.074,1.5914,1.9681,4.1068,1.6052,2.0185,4.1313,1.7353,2.2862,3.9915,1.4817,1.9092,4.0239,1.5096,2.0336,4.1148,0.070838,2.0724,3.8386,0.070499,2.3836,4.2346,0.11657,2.2529,3.9752,0.047932
2.1153,4.1878,1.7601,2.097,4.077,1.7847,2.2317,4.0749,1.5912,1.969,4.108,1.6053,2.0197,4.1324,1.7355,2.2868,3.9926,1.4815,1.91,4.0253,1.5093,2.0336,4.1148,0.07086,2.0724,3.8386,0.070446,2.3832,4.2413,0.11702,2.2548,3.9807,0.048238
2.1166,4.1886,1.7602,2.098,4.0779,1.7847,2.2326,4.0759,1.5911,1.9702,4.1093,1.6054,2.0209,4.1335,1.7356,2.2875,3.994,1.4811,1.9108,4.0268,1.5092,2.0337,4.1148,0.070908,2.0724,3.8385,0.070474,2.3826,4.2476,0.11721,2.2564,3.9858,0.048053
2.1187,4.1876,1.7591,2.099,4.0788,1.7846,2.2335,4.0772,1.5908,1.9712,4.1107,1.6055,2.022,4.1346,1.7357,2.2884,3.9954,1.4808,1.9116,4.0283,1.5089,2.0337,4.1147,0.070987,2.0724,3.8386,0.070326,2.3821,4.2531,0.11726,2.2577,3.9906,0.048047
2.12,4.1892,1.7595,2.1001,4.0797,1.7844,2.2344,4.0782,1.5906,1.9722,4.1121,1.6056,2.0231,4.1357,1.7357,2.2891,3.9965,1.4804,1.9124,4.0298,1.5087,2.0337,4.1147,0.071055,2.0725,3.8385,0.070278,2.3813,4.2582,0.11699,2.2587,3.9949,0.047913
2.1211,4.1903,1.7595,2.1013,4.0808,1.7841,2.2356,4.0793,1.5904,1.9732,4.1135,1.6056,2.0243,4.1369,1.7357,2.2899,3.9978,1.48,1.9133,4.0313,1.5084,2.0338,4.1147,0.071141,2.0725,3.8385,0.070218,2.3807,4.2632,0.117,2.2592,3.9992,0.047852
2.1224,4.1909,1.7592,2.1024,4.082,1.7841,2.2366,4.0805,1.5901,1.9743,4.115,1.6054,2.0256,4.1381,1.7356,2.2909,3.9991,1.4796,1.9141,4.0327,1.5081,2.0338,4.1147,0.0712,2.0725,3.8384,0.070199,2.3801,4.2673,0.11639,2.2597,4.0032,0.04739
2.1237,4.191,1.7586,2.1036,4.0829,1.7838,2.2377,4.0817,1.5898,1.9755,4.1166,1.6053,2.0268,4.1393,1.7354,2.2917,4.0006,1.4791,1.9151,4.0343,1.5079,2.0339,4.1149,0.071287,2.0725,3.8384,0.070187,2.3796,4.2714,0.11575,2.2596,4.0068,0.046657
2.1249,4.1929,1.7589,2.1049,4.0839,1.7836,2.2386,4.0829,1.5894,1.9766,4.1181,1.6051,2.0279,4.1405,1.7353,2.2926,4.0019,1.4786,1.9162,4.0357,1.5074,2.0341,4.1152,0.071391,2.0725,3.8384,0.070193,2.3792,4.275,0.11488,2.2591,4.0104,0.046087
2.1263,4.1932,1.7583,2.1061,4.0852,1.7834,2.2399,4.0842,1.5892,1.9776,4.1196,1.6049,2.029,4.1419,1.7352,2.2937,4.0032,1.478,1.9173,4.0372,1.507,2.0343,4.1154,0.071393,2.0725,3.8384,0.07022,2.3788,4.2784,0.11377,2.2585,4.0136,0.045304
2.1273,4.1963,1.7592,2.1071,4.0865,1.7831,2.2411,4.0856,1.5889,1.9788,4.1212,1.6048,2.0303,4.1432,1.7349,2.2949,4.0046,1.4774,1.9184,4.0386,1.5066,2.034,4.1148,0.071238,2.0725,3.8384,0.070218,2.3785,4.2813,0.11255,2.2574,4.017,0.044286
2.1287,4.1968,1.7586,2.1084,4.0876,1.7827,2.2424,4.087,1.5887,1.9801,4.1227,1.6044,2.0316,4.1444,1.7347,2.2963,4.006,1.4768,1.9195,4.0402,1.5064,2.034,4.1148,0.071228,2.0725,3.8385,0.07023,2.3782,4.2841,0.11096,2.256,4.0203,0.043318
2.1301,4.1983,1.7587,2.1096,4.0888,1.7824,2.2435,4.0884,1.5883,1.9814,4.1241,1.6041,2.0328,4.1457,1.7345,2.2973,4.0072,1.4763,1.9208,4.0416,1.506,2.034,4.1148,0.071217,2.0726,3.8382,0.070141,2.3778,4.2867,0.10941,2.2544,4.0234,0.042024
2.1314,4.1995,1.7585,2.1108,4.0901,1.7822,2.2451,4.0902,1.5883,1.9827,4.1255,1.6039,2.0341,4.147,1.7343,2.2988,4.0086,1.4757,1.9222,4.0429,1.5054,2.034,4.1148,0.0712,2.0732,3.8379,0.070131,2.3775,4.2892,0.10753,2.2527,4.0261,0.041067
2.1325,4.2009,1.7584,2.1122,4.0914,1.7819,2.2464,4.0917,1.588,1.9842,4.1269,1.6036,2.0356,4.1483,1.734,2.3002,4.0099,1.4751,1.9235,4.0443,1.5051,2.034,4.1148,0.071198,2.0733,3.8381,0.070179,2.3761,4.2919,0.10386,2.2528,4.027,0.042129
2.1336,4.2027,1.7585,2.1136,4.0925,1.7815,2.2479,4.0933,1.5878,1.9857,4.1283,1.6033,2.0369,4.1495,1.7337,2.3017,4.011,1.4745,1.9248,4.0459,1.5048,2.034,4.1148,0.071179,2.0732,3.8381,0.070097,2.3734,4.2946,0.10017,2.2536,4.0274,0.042883
2.1349,4.2039,1.7583,2.1151,4.0939,1.7814,2.2495,4.0952,1.5876,1.9872,4.1298,1.603,2.0383,4.151,1.7336,2.303,4.0126,1.4741,1.9264,4.0472,1.5043,2.034,4.1149,0.071181,2.0731,3.8381,0.070078,2.3714,4.2973,0.097868,2.2546,4.0276,0.043206
2.1366,4.2053,1.758,2.1166,4.0953,1.7811,2.251,4.0968,1.5875,1.9886,4.1314,1.6029,2.0397,4.1523,1.7334,2.3046,4.0141,1.4736,1.9278,4.0486,1.5042,2.034,4.1148,0.071151,2.0731,3.8381,0.070114,2.3696,4.2991,0.095537,2.2555,4.0278,0.043573
2.1382,4.207,1.7581,2.1181,4.0969,1.7811,2.2527,4.0988,1.5873,1.9902,4.1331,1.6026,2.0412,4.1538,1.7332,2.3062,4.0155,1.473,1.9292,4.0499,1.5041,2.034,4.1149,0.071107,2.0731,3.8381,0.070164,2.3678,4.3024,0.094581,2.2564,4.028,0.04414
2.1398,4.2061,1.757,2.1198,4.0985,1.781,2.2543,4.1006,1.5872,1.9919,4.1346,1.6026,2.0428,4.1552,1.7332,2.3078,4.0174,1.4724,1.9308,4.0514,1.5042,2.034,4.1149,0.071061,2.0731,3.8381,0.07021,2.3663,4.3042,0.092163,2.2571,4.0282,0.04486
2.1413,4.2098,1.7582,2.1216,4.0999,1.7807,2.2561,4.1026,1.5871,1.9936,4.136,1.6025,2.0446,4.1565,1.7331,2.3095,4.0192,1.4719,1.9324,4.053,1.5042,2.034,4.1149,0.071028,2.0731,3.8381,0.070278,2.365,4.3057,0.089808,2.2578,4.0285,0.045252
2.143,4.2113,1.7582,2.1234,4.1015,1.7808,2.2579,4.1045,1.587,1.9956,4.1376,1.6025,2.0465,4.1581,1.7332,2.3114,4.0216,1.4713,1.934,4.0546,1.5043,2.034,4.1149,0.070975,2.0731,3.8382,0.070372,2.364,4.3071,0.087578,2.2585,4.0288,0.045726
2.1448,4.2124,1.758,2.1255,4.1029,1.7806,2.2595,4.1066,1.5867,1.9972,4.1394,1.6026,2.0481,4.1597,1.7332,2.313,4.0236,1.4708,1.9356,4.0563,1.5044,2.034,4.115,0.070963,2.0731,3.8382,0.070468,2.363,4.3083,0.0855,2.259,4.0291,0.046206
2.1466,4.2137,1.758,2.1274,4.1045,1.7806,2.2614,4.1087,1.5865,1.9989,4.1414,1.6026,2.0499,4.1614,1.7333,2.3148,4.0265,1.4702,1.9375,4.0582,1.5043,2.034,4.115,0.070917,2.0731,3.8382,0.070564,2.3621,4.3093,0.083481,2.2594,4.0295,0.046657
2.1486,4.2151,1.7579,2.1294,4.1061,1.7802,2.2634,4.1108,1.5863,2.0008,4.1434,1.6026,2.0519,4.1631,1.7333,2.3166,4.0289,1.4697,1.9391,4.0601,1.5041,2.034,4.115,0.070863,2.0731,3.8383,0.070704,2.3616,4.3103,0.081567,2.2598,4.0298,0.04712
2.1503,4.2172,1.7583,2.1313,4.1078,1.7802,2.2651,4.1131,1.586,2.0026,4.1453,1.6026,2.0539,4.1646,1.7333,2.3185,4.0319,1.4692,1.9409,4.0623,1.5041,2.0339,4.1151,0.070808,2.0731,3.8383,0.070771,2.3614,4.311,0.079903,2.2601,4.03,0.047624
2.1524,4.2193,1.7585,2.1335,4.1092,1.7798,2.267,4.1154,1.5857,2.0046,4.1473,1.6025,2.0559,4.1663,1.7333,2.3202,4.0348,1.4689,1.9427,4.0644,1.5039,2.0339,4.1151,0.070738,2.0731,3.8384,0.07093,2.3619,4.3114,0.07892,2.2602,4.0302,0.047966
2.1543,4.2212,1.7584,2.1354,4.111,1.7796,2.2689,4.1175,1.5853,2.0065,4.1493,1.6023,2.0577,4.168,1.7331,2.3222,4.0379,1.4683,1.9445,4.0668,1.5039,2.0339,4.1151,0.070663,2.0731,3.8384,0.071093,2.3627,4.3114,0.078532,2.2603,4.0303,0.048116
2.1559,4.2233,1.7586,2.1374,4.1127,1.7792,2.2707,4.12,1.585,2.0083,4.1515,1.6022,2.0596,4.17,1.733,2.324,4.041,1.4679,1.9463,4.0692,1.5039,2.0339,4.1151,0.070563,2.073,3.8385,0.071227,2.3633,4.3113,0.077918,2.2604,4.0303,0.048211
2.1581,4.225,1.7584,2.1392,4.1147,1.779,2.2728,4.1225,1.5847,2.0102,4.1539,1.6019,2.0616,4.1719,1.7328,2.3258,4.0442,1.4675,1.9482,4.0719,1.5039,2.0339,4.1151,0.070468,2.0731,3.8385,0.071385,2.3638,4.3114,0.077364,2.2606,4.0304,0.048302
2.16,4.2272,1.7585,2.1412,4.1167,1.7786,2.2748,4.1251,1.5846,2.012,4.1564,1.6018,2.0634,4.1739,1.7327,2.3279,4.0476,1.467,1.9501,4.0744,1.5037,2.0338,4.1151,0.07038,2.073,3.8386,0.071528,2.3643,4.3113,0.07678,2.2607,4.0305,0.048408
2.1617,4.229,1.7583,2.1431,4.1188,1.7784,2.2766,4.1277,1.5842,2.0139,4.1587,1.6015,2.0653,4.176,1.7324,2.3297,4.0508,1.4666,1.9521,4.077,1.5036,2.0338,4.1151,0.070334,2.0731,3.8386,0.071684,2.3648,4.3114,0.076361,2.2609,4.0305,0.048428
2.1634,4.2312,1.7583,2.145,4.1211,1.7781,2.2786,4.1305,1.5841,2.016,4.1611,1.6013,2.0672,4.1784,1.7322,2.3317,4.0541,1.4661,1.954,4.0797,1.5036,2.0338,4.1151,0.070257,2.073,3.8387,0.071821,2.3652,4.3113,0.075978,2.2611,4.0305,0.048453
2.1651,4.2334,1.7581,2.1469,4.1235,1.7779,2.2805,4.1332,1.584,2.0179,4.1636,1.6011,2.0689,4.1807,1.7321,2.3337,4.0572,1.4656,1.956,4.0822,1.5034,2.0338,4.1151,0.070229,2.0731,3.8388,0.072011,2.3656,4.3113,0.075597,2.2612,4.0304,0.048469
2.1669,4.2357,1.7579,2.1487,4.1261,1.7775,2.2825,4.1365,1.5839,2.0199,4.1663,1.601,2.0708,4.1834,1.7319,2.3356,4.0605,1.4652,1.958,4.085,1.5037,2.0338,4.1152,0.07015,2.0731,3.8389,0.072267,2.3659,4.3112,0.075357,2.2613,4.0305,0.048434
2.1688,4.2381,1.7576,2.1505,4.1287,1.7774,2.2845,4.1395,1.5838,2.0219,4.169,1.6007,2.0726,4.1861,1.7318,2.3376,4.0637,1.4648,1.9599,4.0877,1.5041,2.0338,4.1153,0.070068,2.0732,3.839,0.072572,2.366,4.3112,0.075242,2.2614,4.0304,0.048383
2.1706,4.2413,1.7577,2.1525,4.1314,1.7771,2.2864,4.1426,1.5836,2.0236,4.1719,1.6006,2.0744,4.1888,1.7317,2.3395,4.0668,1.4645,1.962,4.0903,1.5043,2.0338,4.1154,0.070006,2.0732,3.8393,0.072977,2.3661,4.3112,0.075128,2.2615,4.0304,0.048325
2.1723,4.245,1.7579,2.1544,4.1344,1.7771,2.2884,4.146,1.5836,2.0256,4.1747,1.6004,2.0764,4.1917,1.7317,2.3414,4.0703,1.4642,1.9637,4.093,1.5046,2.0339,4.1155,0.069912,2.0733,3.8396,0.073551,2.3662,4.3111,0.075005,2.2615,4.0304,0.048302
2.1741,4.2483,1.758,2.1564,4.1374,1.777,2.2905,4.1491,1.5835,2.0275,4.1777,1.6003,2.0783,4.1945,1.7317,2.3433,4.0734,1.4639,1.9656,4.0956,1.5049,2.0339,4.1157,0.069838,2.0734,3.8398,0.074141,2.3662,4.3112,0.074933,2.2616,4.0304,0.048272
2.1759,4.2505,1.7577,2.1586,4.1404,1.777,2.2923,4.1528,1.5834,2.0293,4.1805,1.6003,2.0802,4.1973,1.7316,2.3452,4.0769,1.4638,1.9675,4.0984,1.5054,2.0339,4.1159,0.06971,2.0735,3.8402,0.074937,2.3663,4.3112,0.074865,2.2616,4.0305,0.04825
2.1777,4.2532,1.7575,2.1606,4.1436,1.7771,2.2942,4.1561,1.5834,2.0313,4.1834,1.6004,2.0822,4.2002,1.7315,2.3469,4.0802,1.4637,1.9692,4.1012,1.5058,2.0339,4.1161,0.069546,2.0735,3.8405,0.075894,2.3663,4.3111,0.074791,2.2617,4.0304,0.048177
2.1796,4.2562,1.7575,2.1626,4.1466,1.777,2.2962,4.1595,1.5834,2.033,4.1863,1.6006,2.0839,4.2031,1.7317,2.3488,4.0835,1.4635,1.971,4.104,1.5063,2.0339,4.1164,0.069367,2.0735,3.8409,0.077162,2.3663,4.3111,0.074748,2.2617,4.0303,0.048101
2.1813,4.2598,1.7578,2.1647,4.1497,1.777,2.298,4.163,1.5833,2.0349,4.1893,1.6009,2.0859,4.2063,1.7318,2.3507,4.0869,1.4635,1.9728,4.107,1.5067,2.0338,4.1167,0.069192,2.0734,3.8415,0.078447,2.3663,4.3111,0.074748,2.2618,4.0303,0.048063
2.183,4.2633,1.758,2.1665,4.1526,1.7769,2.2995,4.1662,1.5831,2.0367,4.1922,1.6009,2.0876,4.2093,1.732,2.3523,4.0905,1.4638,1.9743,4.11,1.5074,2.0338,4.117,0.069006,2.0733,3.8421,0.079772,2.3663,4.3111,0.074722,2.2618,4.0303,0.04801
2.1847,4.2668,1.7582,2.1683,4.1559,1.7772,2.3014,4.1697,1.5833,2.0383,4.1951,1.601,2.0893,4.2124,1.7322,2.354,4.094,1.4639,1.9761,4.113,1.5079,2.0337,4.1174,0.06881,2.0733,3.8427,0.081495,2.3663,4.3111,0.074717,2.2619,4.0302,0.047948
2.1863,4.2704,1.7587,2.17,4.1592,1.7775,2.303,4.1731,1.5834,2.04,4.1979,1.6011,2.0909,4.2152,1.7322,2.3558,4.0972,1.464,1.9778,4.1159,1.5084,2.0336,4.1177,0.068589,2.0732,3.8432,0.083304,2.3663,4.3111,0.074711,2.2619,4.0302,0.047899
2.1874,4.2725,1.7586,2.1717,4.1622,1.7776,2.3047,4.1768,1.5837,2.0417,4.2009,1.6014,2.0925,4.2182,1.7324,2.3575,4.1006,1.4642,1.9794,4.1189,1.5089,2.0336,4.118,0.068504,2.0733,3.8436,0.085269,2.3663,4.311,0.074717,2.2619,4.0302,0.047878
2.1888,4.2749,1.7585,2.1732,4.1652,1.7778,2.3063,4.1801,1.5839,2.0431,4.2037,1.6016,2.0938,4.221,1.7327,2.3591,4.1043,1.4647,1.9811,4.122,1.5093,2.0335,4.1183,0.068308,2.0732,3.8442,0.087333,2.3663,4.311,0.074713,2.262,4.0302,0.047833
2.1906,4.2807,1.76,2.1746,4.168,1.7779,2.3079,4.1835,1.5842,2.0445,4.2066,1.6017,2.095,4.2238,1.7329,2.3607,4.1076,1.465,1.9828,4.1249,1.5096,2.0334,4.1186,0.068108,2.073,3.8448,0.089423,2.3664,4.311,0.074695,2.262,4.0302,0.047811
2.1917,4.283,1.7601,2.1759,4.1708,1.7781,2.3092,4.1873,1.5846,2.046,4.2093,1.6017,2.0963,4.2265,1.7331,2.3625,4.1111,1.4651,1.9844,4.1279,1.5102,2.0333,4.1189,0.067858,2.0729,3.8458,0.091736,2.3664,4.311,0.074703,2.262,4.0302,0.047765
2.1925,4.2858,1.7604,2.1772,4.1734,1.7781,2.3107,4.1908,1.585,2.0475,4.212,1.6018,2.0976,4.229,1.7333,2.3641,4.1142,1.4657,1.9859,4.1308,1.5106,2.0333,4.1192,0.067691,2.0727,3.8467,0.093959,2.3664,4.311,0.074713,2.262,4.0301,0.047731
2.1935,4.2887,1.761,2.1784,4.1762,1.7785,2.3121,4.1944,1.5855,2.0487,4.2147,1.6019,2.0986,4.2316,1.7335,2.3657,4.1179,1.4661,1.9876,4.1337,1.5112,2.0332,4.1195,0.067529,2.0728,3.8477,0.096561,2.3664,4.3109,0.07472,2.2621,4.0301,0.047699
2.1936,4.2885,1.7602,2.1796,4.1789,1.7787,2.3136,4.198,1.586,2.0499,4.2173,1.602,2.0994,4.234,1.7339,2.3674,4.121,1.4664,1.9891,4.1363,1.5115,2.0332,4.1199,0.067389,2.0726,3.8487,0.099368,2.3664,4.3109,0.074715,2.2621,4.03,0.047667
2.195,4.2901,1.76,2.1806,4.1812,1.7787,2.3148,4.2019,1.5865,2.0512,4.2198,1.602,2.1004,4.2362,1.7339,2.3691,4.1242,1.4665,1.9907,4.1389,1.512,2.0333,4.1203,0.067287,2.0722,3.8499,0.10236,2.3664,4.3109,0.074713,2.2622,4.0301,0.047599
2.1946,4.2952,1.7622,2.1816,4.1837,1.7789,2.316,4.2052,1.5868,2.0525,4.2222,1.602,2.1012,4.2384,1.734,2.3707,4.1277,1.4669,1.9922,4.1416,1.5125,2.0333,4.1207,0.067136,2.0724,3.8517,0.10571,2.3664,4.3109,0.074728,2.2622,4.03,0.047558
2.195,4.2982,1.7628,2.1826,4.1861,1.7789,2.3172,4.209,1.5872,2.0535,4.2246,1.602,2.1021,4.2405,1.7341,2.3723,4.1311,1.4674,1.9938,4.1442,1.5128,2.0334,4.1211,0.066947,2.0726,3.8536,0.10943,2.3665,4.3108,0.07472,2.2623,4.03,0.047523
2.1957,4.3007,1.7633,2.1835,4.1883,1.7789,2.3185,4.2127,1.5878,2.0546,4.2268,1.6019,2.1029,4.2425,1.7341,2.374,4.1346,1.4675,1.9952,4.1464,1.513,2.0335,4.1216,0.066702,2.0727,3.8557,0.11346,2.3665,4.3108,0.074713,2.2623,4.03,0.047485
2.1961,4.3005,1.7622,2.1844,4.1906,1.779,2.3195,4.2163,1.5881,2.0556,4.229,1.6018,2.1036,4.2445,1.7342,2.3755,4.1379,1.4677,1.9967,4.1486,1.5131,2.0337,4.1222,0.066539,2.0726,3.8582,0.11779,2.3665,4.3108,0.074698,2.2623,4.03,0.047447
2.1956,4.3031,1.7628,2.1853,4.1929,1.7789,2.3206,4.2199,1.5884,2.0568,4.2312,1.6016,2.1042,4.2466,1.7342,2.3769,4.1417,1.4679,1.9981,4.1509,1.5134,2.0337,4.1228,0.066361,2.0725,3.861,0.12224,2.3665,4.3108,0.07471,2.2624,4.0299,0.04742
2.196,4.3054,1.7631,2.1861,4.1952,1.7788,2.3215,4.2235,1.5886,2.0578,4.2333,1.6014,2.1048,4.2485,1.7342,2.3784,4.1451,1.4682,1.9993,4.1533,1.5138,2.0338,4.1235,0.066189,2.0726,3.864,0.12709,2.3665,4.3108,0.074681,2.2624,4.0299,0.047392
2.1962,4.3078,1.7634,2.1869,4.1974,1.7788,2.3224,4.2268,1.589,2.0586,4.2354,1.6012,2.1053,4.2506,1.7344,2.3799,4.1486,1.4683,2.0008,4.1554,1.5138,2.0339,4.1244,0.066058,2.0728,3.8671,0.13223,2.3665,4.3108,0.07467,2.2624,4.0299,0.047366
2.1966,4.3123,1.7648,2.1876,4.1997,1.7785,2.3233,4.2304,1.589,2.0593,4.2374,1.6009,2.1058,4.2525,1.7342,2.3812,4.1521,1.4684,2.0019,4.1574,1.5139,2.0343,4.1258,0.066017,2.0732,3.8702,0.13772,2.3665,4.3108,0.074649,2.2624,4.0299,0.04735
2.1966,4.314,1.7646,2.1883,4.202,1.7783,2.3241,4.2337,1.589,2.06,4.2394,1.6007,2.1064,4.2545,1.734,2.3826,4.1558,1.4683,2.0032,4.1595,1.5138,2.0335,4.1264,0.065458,2.0735,3.8737,0.14327,2.3665,4.3108,0.074648,2.2624,4.0299,0.047336
2.1968,4.3164,1.7646,2.1891,4.2042,1.7781,2.3248,4.2369,1.589,2.0609,4.2413,1.6004,2.1068,4.2564,1.7338,2.3837,4.1593,1.4684,2.0043,4.1613,1.5137,2.0338,4.1281,0.065186,2.0739,3.8771,0.1488,2.3665,4.3108,0.074601,2.2625,4.0299,0.047315
2.1968,4.3183,1.7643,2.1896,4.2063,1.7778,2.3257,4.2404,1.5889,2.0616,4.2432,1.6,2.1073,4.2582,1.7335,2.3851,4.163,1.4683,2.0054,4.1632,1.5137,2.0342,4.13,0.064987,2.0744,3.8808,0.15457,2.3665,4.3109,0.074542,2.2625,4.0299,0.047298
2.1969,4.3203,1.7641,2.1903,4.2084,1.7773,2.3262,4.2436,1.5888,2.0623,4.245,1.5995,2.1077,4.26,1.7331,2.386,4.1664,1.4683,2.0064,4.165,1.5135,2.0349,4.1329,0.065043,2.0751,3.8843,0.16011,2.3665,4.3108,0.0745,2.2625,4.0299,0.047268
2.1967,4.3224,1.7639,2.1908,4.2105,1.7769,2.3266,4.2445,1.5867,2.0629,4.2468,1.599,2.108,4.2618,1.7327,2.3872,4.1701,1.4681,2.0074,4.1668,1.5134,2.0346,4.1348,0.064982,2.0759,3.888,0.16547,2.3665,4.3109,0.074461,2.2625,4.0299,0.047264
2.1966,4.3246,1.7639,2.1914,4.2126,1.7766,2.3272,4.25,1.5884,2.0634,4.2485,1.5985,2.1083,4.2635,1.7322,2.388,4.1735,1.4679,2.0081,4.1685,1.5131,2.0343,4.1368,0.064817,2.0768,3.8915,0.17022,2.3665,4.3109,0.074437,2.2625,4.0299,0.047263
2.1966,4.3274,1.764,2.1918,4.2146,1.7762,2.3276,4.253,1.5881,2.0638,4.2503,1.5979,2.1084,4.2652,1.7319,2.3888,4.1772,1.4679,2.0088,4.1701,1.5128,2.0337,4.1393,0.06472,2.0777,3.8952,0.17415,2.3664,4.3109,0.074391,2.2625,4.0299,0.047246
2.1983,4.3279,1.7632,2.1923,4.2165,1.7756,2.3277,4.2537,1.5859,2.0642,4.252,1.5974,2.1087,4.2669,1.7314,2.3895,4.1806,1.4675,2.0096,4.1718,1.5125,2.033,4.1429,0.064798,2.0786,3.8992,0.17691,2.3665,4.3109,0.074322,2.2626,4.0299,0.04725
2.1963,4.3305,1.7631,2.1927,4.2185,1.7752,2.3281,4.259,1.5875,2.0644,4.2537,1.5969,2.109,4.2683,1.7309,2.39,4.1838,1.4672,2.0098,4.1738,1.5127,2.0327,4.1476,0.065198,2.0793,3.9035,0.17832,2.3665,4.3109,0.074249,2.2626,4.0299,0.04724
2.196,4.3329,1.7631,2.1931,4.2205,1.7749,2.3283,4.2619,1.5872,2.0646,4.2554,1.5965,2.1091,4.2699,1.7305,2.3906,4.1872,1.4668,2.0103,4.1756,1.5126,2.0333,4.1531,0.066629,2.0796,3.9083,0.17871,2.3665,4.311,0.074214,2.2626,4.0299,0.047249
2.1958,4.3347,1.7628,2.1933,4.2224,1.7745,2.3284,4.2647,1.5868,2.0647,4.2572,1.5961,2.1092,4.2715,1.7301,2.3911,4.1905,1.4665,2.0108,4.1772,1.5124,2.0341,4.1597,0.068452,2.0796,3.9134,0.17761,2.3665,4.311,0.074146,2.2626,4.0299,0.047262
2.1956,4.3372,1.763,2.1935,4.2242,1.7739,2.3282,4.2649,1.5846,2.0648,4.2589,1.5957,2.1092,4.2731,1.7298,2.3916,4.1944,1.4659,2.0125,4.1773,1.5116,2.0355,4.1674,0.070296,2.0792,3.9189,0.17569,2.3665,4.311,0.074092,2.2626,4.0299,0.047259
2.1952,4.3386,1.7625,2.1937,4.226,1.7734,2.3285,4.2702,1.5862,2.0648,4.2605,1.5954,2.1091,4.2748,1.7295,2.392,4.1973,1.4655,2.0128,4.1789,1.5114,2.037,4.176,0.07203,2.0786,3.9253,0.17254,2.3665,4.311,0.074023,2.2626,4.0299,0.047268
2.1951,4.3398,1.7619,2.1934,4.2279,1.7732,2.3284,4.2729,1.5859,2.0649,4.262,1.5951,2.109,4.2765,1.7292,2.3921,4.2007,1.4654,2.0122,4.1811,1.5122,2.0383,4.1852,0.073513,2.0778,3.9321,0.16888,2.3665,4.3111,0.07397,2.2626,4.0299,0.047289
2.1947,4.3421,1.7619,2.1936,4.23,1.7731,2.3283,4.2755,1.5856,2.0649,4.2635,1.5948,2.1089,4.278,1.729,2.3922,4.2036,1.4652,2.0123,4.1825,1.5121,2.0394,4.1952,0.074888,2.0769,3.9401,0.16402,2.3665,4.3111,0.073878,2.2626,4.03,0.047234
2.1942,4.3439,1.7618,2.1938,4.2316,1.7725,2.3281,4.278,1.5854,2.0647,4.265,1.5945,2.1087,4.2795,1.7287,2.3923,4.2062,1.465,2.0125,4.1838,1.5118,2.0405,4.2056,0.075724,2.0763,3.9478,0.15873,2.3665,4.3111,0.073837,2.2627,4.0304,0.046983
2.1938,4.3445,1.7607,2.1932,4.2337,1.7729,2.3278,4.2805,1.5852,2.0645,4.2666,1.5943,2.1084,4.2809,1.7286,2.3924,4.2089,1.4649,2.0126,4.185,1.5118,2.0418,4.2166,0.076911,2.0755,3.9564,0.15285,2.3665,4.3112,0.073774,2.263,4.0305,0.047149
2.194,4.3462,1.7607,2.193,4.236,1.7731,2.3274,4.2829,1.5849,2.0642,4.2682,1.5941,2.1081,4.2823,1.7285,2.3924,4.2116,1.4647,2.0127,4.1863,1.5117,2.0425,4.2279,0.077778,2.0749,3.9652,0.14666,2.3665,4.3112,0.073721,2.263,4.0305,0.047145
2.1939,4.3481,1.7611,2.1932,4.2369,1.7721,2.327,4.2853,1.5847,2.0638,4.2696,1.5938,2.1077,4.2838,1.7282,2.3923,4.2144,1.4646,2.0128,4.1874,1.5116,2.0429,4.2394,0.078505,2.0742,3.9745,0.14008,2.3665,4.3111,0.073716,2.263,4.0305,0.047166
2.193,4.3492,1.761,2.1925,4.2394,1.7725,2.3265,4.2877,1.5845,2.0634,4.271,1.5937,2.1072,4.2851,1.728,2.3922,4.2166,1.4643,2.0127,4.1886,1.5115,2.043,4.2515,0.07944,2.0739,3.9843,0.13319,2.3665,4.3112,0.073637,2.263,4.0309,0.046745
2.1912,4.3504,1.7607,2.1922,4.241,1.7723,2.3259,4.29,1.5845,2.0631,4.2722,1.5935,2.1066,4.2864,1.7279,2.392,4.2193,1.4643,2.0127,4.1893,1.5111,2.0429,4.2636,0.080226,2.0736,3.9947,0.12642,2.3665,4.3113,0.073587,2.2632,4.0304,0.047484
2.1901,4.3535,1.7613,2.1919,4.2423,1.7721,2.3252,4.2921,1.5843,2.0626,4.2733,1.5935,2.1062,4.2876,1.7278,2.3917,4.2217,1.4644,2.0128,4.1899,1.5106,2.0427,4.2757,0.081057,2.0734,4.0052,0.1197,2.3664,4.3113,0.073519,2.2631,4.0295,0.04773
2.1899,4.3582,1.7628,2.1915,4.2436,1.7719,2.3247,4.2941,1.5843,2.0619,4.2745,1.5933,2.1056,4.2886,1.7277,2.3913,4.2243,1.4644,2.0133,4.1902,1.5096,2.0423,4.2877,0.081941,2.0733,4.0161,0.11296,2.3664,4.3113,0.073504,2.2631,4.0295,0.047732
2.1893,4.3589,1.7624,2.191,4.2449,1.7717,2.3241,4.296,1.5843,2.0612,4.2757,1.5932,2.1049,4.2899,1.7276,2.391,4.2264,1.4643,2.013,4.191,1.5094,2.0419,4.2996,0.082931,2.0732,4.0269,0.10661,2.3664,4.3113,0.073458,2.2631,4.0296,0.047731
2.1883,4.3601,1.7624,2.1902,4.2459,1.7714,2.3233,4.2979,1.5843,2.0604,4.2769,1.5931,2.1042,4.2909,1.7275,2.3904,4.2287,1.4645,2.0125,4.1919,1.5091,2.0412,4.3113,0.083973,2.0739,4.0384,0.10051,2.3664,4.3114,0.073379,2.2631,4.0296,0.04775
2.1867,4.3605,1.762,2.1895,4.2474,1.7715,2.3223,4.2997,1.5842,2.0598,4.2777,1.5931,2.1032,4.2918,1.7273,2.3897,4.2312,1.4647,2.0121,4.1927,1.5088,2.0406,4.323,0.085147,2.0753,4.0503,0.094518,2.3664,4.3114,0.073334,2.2631,4.0296,0.04778
2.1856,4.3615,1.7619,2.1888,4.2482,1.7713,2.3215,4.3013,1.5842,2.0591,4.2786,1.5929,2.1024,4.2925,1.7273,2.3891,4.233,1.4647,2.0115,4.1936,1.5085,2.0398,4.3339,0.086164,2.0753,4.0616,0.089084,2.3663,4.3114,0.073271,2.2631,4.0296,0.047784
2.1847,4.3623,1.7619,2.188,4.2492,1.7712,2.3205,4.3027,1.584,2.0583,4.2795,1.5927,2.1015,4.2933,1.7273,2.3883,4.2351,1.465,2.0108,4.1945,1.5082,2.0393,4.3449,0.087478,2.0765,4.0725,0.083574,2.3663,4.3115,0.073179,2.2631,4.0296,0.047842
2.1834,4.3639,1.7622,2.187,4.2496,1.7707,2.3195,4.304,1.584,2.0571,4.2805,1.5925,2.1007,4.2932,1.7264,2.3876,4.2369,1.465,2.0093,4.1961,1.5089,2.0389,4.3552,0.08817,2.0781,4.0828,0.079005,2.3663,4.3115,0.073132,2.2631,4.0296,0.047849
2.1814,4.3637,1.7622,2.1859,4.2508,1.7707,2.3183,4.3053,1.5839,2.056,4.2812,1.5923,2.0996,4.2937,1.7261,2.3868,4.2387,1.4651,2.0085,4.197,1.5086,2.0382,4.3652,0.088879,2.0795,4.0931,0.074727,2.3663,4.3116,0.073052,2.263,4.0296,0.047881
2.18,4.3643,1.7621,2.1848,4.2513,1.7704,2.3172,4.3064,1.5838,2.0551,4.2819,1.5922,2.0983,4.2942,1.726,2.3858,4.2404,1.4651,2.0076,4.1978,1.5081,2.0378,4.3748,0.089572,2.0812,4.1036,0.070777,2.3663,4.3116,0.073003,2.263,4.0296,0.047919
2.179,4.3647,1.7621,2.1836,4.2516,1.7701,2.316,4.3076,1.5838,2.054,4.2827,1.5919,2.0971,4.2947,1.7259,2.3848,4.242,1.4652,2.0066,4.1984,1.5076,2.0372,4.3837,0.089626,2.0834,4.1135,0.067678,2.3663,4.3116,0.072897,2.263,4.0297,0.047954
2.1777,4.365,1.7617,2.1824,4.2519,1.7696,2.3148,4.3085,1.5837,2.0526,4.2834,1.5916,2.0958,4.2953,1.7256,2.3836,4.2435,1.4652,2.0056,4.199,1.5072,2.0379,4.3925,0.088615,2.0859,4.122,0.068113,2.3663,4.3117,0.072843,2.263,4.0296,0.048036
2.1758,4.3659,1.7621,2.1809,4.2528,1.7697,2.3134,4.3094,1.5836,2.0512,4.2839,1.5915,2.0944,4.2957,1.7254,2.3825,4.2448,1.4652,2.0044,4.1998,1.5069,2.0391,4.3993,0.08631,2.087,4.1283,0.069037,2.3663,4.3117,0.072754,2.2629,4.0296,0.048085
2.1744,4.3664,1.7622,2.1795,4.2531,1.7695,2.312,4.3103,1.5835,2.05,4.2843,1.5914,2.093,4.296,1.7253,2.3812,4.2461,1.4654,2.0038,4.1996,1.5055,2.04,4.4043,0.082868,2.0872,4.1319,0.069927,2.3663,4.3118,0.072654,2.2629,4.0297,0.048129
2.1731,4.3668,1.7619,2.1783,4.2533,1.7692,2.3105,4.311,1.5836,2.0487,4.2849,1.5913,2.0915,4.2966,1.7253,2.3799,4.2471,1.4654,2.0024,4.2001,1.5051,2.0419,4.4071,0.078142,2.0865,4.1332,0.071358,2.3663,4.3118,0.072561,2.2629,4.0296,0.048267
2.1711,4.3674,1.7621,2.1769,4.2534,1.7686,2.3091,4.3117,1.5835,2.0469,4.2854,1.5912,2.0899,4.2968,1.7251,2.3785,4.2482,1.4655,2.0004,4.2013,1.5054,2.0423,4.408,0.075879,2.0868,4.1336,0.071783,2.3663,4.3119,0.072476,2.2628,4.0296,0.04832
2.1695,4.3677,1.762,2.175,4.2544,1.7691,2.3073,4.3121,1.5835,2.0455,4.2856,1.5912,2.0882,4.2972,1.7251,2.3771,4.2494,1.4658,1.9989,4.2018,1.5051,2.0418,4.4068,0.078021,2.0876,4.1338,0.071131,2.3663,4.312,0.072393,2.2628,4.0298,0.048499
2.168,4.368,1.762,2.1736,4.2546,1.7691,2.3058,4.3129,1.5836,2.0441,4.2858,1.5911,2.0866,4.2976,1.7252,2.3757,4.2501,1.4658,1.9978,4.2017,1.5042,2.0412,4.4064,0.078339,2.0877,4.1337,0.07096,2.3663,4.312,0.072323,2.2627,4.0296,0.048477
2.1658,4.3685,1.7622,2.172,4.2544,1.7686,2.3042,4.3134,1.5837,2.0422,4.2862,1.5911,2.0849,4.2977,1.725,2.3742,4.2513,1.4662,1.9964,4.202,1.5038,2.041,4.4066,0.077553,2.0877,4.1338,0.070857,2.3662,4.312,0.072266,2.2627,4.0298,0.048656
2.164,4.3686,1.7622,2.17,4.2552,1.769,2.3022,4.3139,1.5838,2.0404,4.2864,1.5911,2.083,4.2979,1.725,2.3728,4.252,1.4663,1.9947,4.2025,1.5037,2.0411,4.4066,0.077597,2.0876,4.1337,0.070604,2.3663,4.312,0.072224,2.2627,4.0298,0.048738
2.1621,4.3691,1.7627,2.1684,4.2549,1.7688,2.3004,4.3142,1.584,2.0389,4.2864,1.5912,2.0813,4.2981,1.7253,2.3712,4.2527,1.4665,1.9937,4.2023,1.5029,2.0411,4.407,0.077158,2.0875,4.1338,0.070712,2.3662,4.312,0.072176,2.2626,4.0297,0.048718
2.16,4.3691,1.7627,2.1664,4.2556,1.7695,2.2986,4.3148,1.5843,2.0369,4.2866,1.5913,2.0794,4.2982,1.7254,2.3692,4.2537,1.4669,1.9914,4.2036,1.5036,2.0408,4.4071,0.076482,2.0875,4.1338,0.070787,2.3662,4.3121,0.07211,2.2626,4.0298,0.048964
2.1583,4.3691,1.7628,2.1646,4.2552,1.7692,2.2967,4.3154,1.5847,2.0349,4.2868,1.5916,2.0773,4.2983,1.7257,2.3676,4.2545,1.4673,1.9898,4.2035,1.5031,2.041,4.4073,0.076217,2.0874,4.1338,0.0709,2.3662,4.3121,0.072026,2.2626,4.0299,0.04909
2.1559,4.3694,1.7636,2.1629,4.2551,1.7693,2.2948,4.3157,1.5851,2.0333,4.2867,1.5918,2.0755,4.2985,1.7262,2.3658,4.2553,1.4678,1.9887,4.2034,1.5025,2.0411,4.4077,0.075526,2.0874,4.1339,0.071058,2.3662,4.3122,0.071976,2.2624,4.0298,0.049077
2.1542,4.3684,1.7631,2.1608,4.2557,1.7701,2.2927,4.3164,1.5855,2.0311,4.287,1.5921,2.0734,4.2984,1.7264,2.3639,4.2567,1.469,1.9866,4.2041,1.5028,2.041,4.4082,0.074872,2.0872,4.1338,0.071129,2.3662,4.3123,0.071895,2.2624,4.0298,0.049163
2.1523,4.3691,1.7638,2.1589,4.2555,1.77,2.2908,4.3169,1.5859,2.0293,4.2871,1.5924,2.0713,4.2992,1.7272,2.3623,4.2574,1.4694,1.9849,4.2045,1.5025,2.0409,4.4085,0.074357,2.0866,4.1335,0.071405,2.3662,4.3123,0.071833,2.2623,4.0299,0.049312
2.1502,4.3688,1.7641,2.157,4.2554,1.7704,2.2887,4.3174,1.5864,2.0275,4.2872,1.5927,2.0694,4.2991,1.7277,2.3605,4.2582,1.47,1.9833,4.205,1.5024,2.0407,4.4088,0.073854,2.0865,4.1336,0.071556,2.3662,4.3124,0.071793,2.2623,4.03,0.049453
2.1478,4.3702,1.7654,2.1551,4.2555,1.7707,2.2865,4.3179,1.5867,2.0252,4.2875,1.5931,2.0671,4.2992,1.728,2.3592,4.2587,1.4699,1.9818,4.2053,1.5023,2.0414,4.409,0.073353,2.0865,4.1337,0.071742,2.3661,4.3124,0.071728,2.2622,4.03,0.049545
2.1454,4.37,1.7661,2.1531,4.2556,1.7709,2.2846,4.3187,1.5873,2.0234,4.2877,1.5935,2.0652,4.2992,1.7284,2.3575,4.2596,1.4705,1.9801,4.2059,1.5023,2.0407,4.4091,0.073037,2.0865,4.1338,0.071831,2.3661,4.3125,0.07167,2.2621,4.0301,0.04967
2.1434,4.3704,1.7666,2.1512,4.2558,1.7713,2.2824,4.3196,1.5877,2.0212,4.2879,1.5939,2.0632,4.2993,1.729,2.3554,4.2607,1.4713,1.9783,4.2066,1.5024,2.0406,4.4091,0.07276,2.0865,4.1338,0.071871,2.3661,4.3126,0.071627,2.2621,4.0302,0.049776
2.1411,4.3704,1.767,2.1492,4.2562,1.7718,2.2803,4.3204,1.5882,2.0191,4.2884,1.5942,2.0611,4.2994,1.7293,2.3538,4.2616,1.4716,1.9767,4.2071,1.5022,2.0404,4.4092,0.072518,2.0865,4.1339,0.071896,2.3661,4.3126,0.071576,2.262,4.0302,0.049924
2.139,4.3708,1.7677,2.1474,4.2565,1.7721,2.2782,4.3212,1.5885,2.0172,4.2884,1.5947,2.0592,4.2997,1.7298,2.3521,4.2625,1.4721,1.9751,4.2077,1.5019,2.0403,4.4093,0.07236,2.0864,4.1339,0.071917,2.366,4.3127,0.071525,2.262,4.0303,0.050041
2.137,4.3712,1.7681,2.1454,4.2568,1.7725,2.2761,4.3222,1.5889,2.0151,4.289,1.595,2.0571,4.3,1.7304,2.3499,4.264,1.4729,1.9737,4.2081,1.5013,2.0409,4.4094,0.072208,2.0864,4.1339,0.071914,2.366,4.3128,0.071494,2.2619,4.0306,0.050292
2.1347,4.3711,1.7684,2.1435,4.2572,1.7727,2.2741,4.3231,1.5892,2.0131,4.2895,1.5954,2.055,4.3002,1.7305,2.3484,4.2654,1.4735,1.9714,4.2093,1.5019,2.0408,4.4095,0.072063,2.0864,4.1339,0.071886,2.366,4.3128,0.071469,2.2618,4.0308,0.050431
2.133,4.3707,1.7683,2.1416,4.2577,1.773,2.2718,4.324,1.5895,2.0111,4.2898,1.5958,2.0531,4.3004,1.7307,2.3466,4.2669,1.474,1.9695,4.2103,1.5019,2.0407,4.4095,0.071979,2.0864,4.1339,0.071837,2.3659,4.313,0.071398,2.2617,4.0308,0.050478
2.1305,4.3723,1.7693,2.1397,4.2581,1.7731,2.2699,4.3252,1.5899,2.009,4.2908,1.596,2.051,4.301,1.7311,2.3445,4.2679,1.4744,1.9678,4.2113,1.5019,2.0407,4.4095,0.071917,2.0864,4.1338,0.071767,2.3659,4.3131,0.07134,2.2615,4.0308,0.050717
2.1284,4.3732,1.7699,2.1377,4.2586,1.773,2.2677,4.3263,1.5902,2.0071,4.2912,1.5964,2.0491,4.3015,1.7313,2.3427,4.2691,1.4749,1.966,4.2123,1.5019,2.0406,4.4094,0.071891,2.0863,4.1338,0.071686,2.3658,4.3132,0.071288,2.2614,4.0311,0.050884
2.126,4.374,1.7701,2.1357,4.2594,1.7735,2.2656,4.3274,1.5905,2.0049,4.292,1.5967,2.0469,4.3019,1.7315,2.3407,4.2708,1.4755,1.9642,4.213,1.5017,2.0405,4.4094,0.071881,2.0869,4.134,0.071535,2.3657,4.3133,0.071253,2.2612,4.0313,0.05104
2.124,4.3748,1.7707,2.1338,4.2603,1.7736,2.2635,4.3287,1.5909,2.003,4.2929,1.597,2.045,4.303,1.7319,2.339,4.2725,1.476,1.9624,4.214,1.5017,2.0405,4.4094,0.071886,2.0868,4.1339,0.071422,2.3656,4.3135,0.071229,2.261,4.0315,0.051194
2.1217,4.3755,1.7707,2.1319,4.2613,1.7739,2.2615,4.3301,1.5913,2.001,4.2936,1.5974,2.043,4.3037,1.7324,2.3371,4.2739,1.4765,1.9607,4.2149,1.5016,2.0404,4.4093,0.071895,2.0868,4.1339,0.071319,2.3654,4.3137,0.071204,2.2608,4.0318,0.051344
2.1195,4.3765,1.7712,2.1298,4.2622,1.7741,2.2596,4.3314,1.5914,1.999,4.2946,1.5975,2.0409,4.3048,1.7326,2.3351,4.2753,1.4769,1.9589,4.2157,1.5016,2.0404,4.4093,0.071917,2.0868,4.1338,0.07115,2.3652,4.3138,0.071186,2.2606,4.032,0.051589
2.1177,4.3777,1.7713,2.128,4.2634,1.7744,2.2574,4.3326,1.5916,1.9972,4.2953,1.5978,2.0391,4.3057,1.7328,2.3332,4.2766,1.4772,1.9574,4.2163,1.5013,2.0404,4.4092,0.071909,2.0877,4.1341,0.070805,2.365,4.314,0.071141,2.2603,4.032,0.051963
2.1154,4.3786,1.7717,2.1262,4.2646,1.7748,2.2555,4.3336,1.5918,1.9951,4.2963,1.598,2.037,4.3064,1.7329,2.3313,4.278,1.4776,1.9554,4.2173,1.5017,2.0404,4.4093,0.071901,2.0876,4.1344,0.07097,2.3648,4.3142,0.071146,2.2601,4.0321,0.052353
2.1137,4.3797,1.7717,2.1243,4.2656,1.7748,2.2534,4.3348,1.592,1.9932,4.2972,1.5982,2.0351,4.3074,1.7331,2.3294,4.2794,1.478,1.9535,4.2184,1.5019,2.0404,4.4093,0.071857,2.0876,4.1344,0.070934,2.3646,4.3144,0.071168,2.2599,4.0323,0.052779
2.1117,4.3809,1.772,2.1225,4.2665,1.7749,2.2515,4.3361,1.592,1.9914,4.2979,1.5984,2.0334,4.3082,1.7335,2.3273,4.2807,1.4783,1.9517,4.2192,1.5019,2.0404,4.4093,0.071782,2.0868,4.1339,0.071031,2.3643,4.3146,0.071164,2.2597,4.0325,0.053278
2.1099,4.3817,1.7722,2.1208,4.2676,1.7752,2.2497,4.3372,1.5922,1.9893,4.299,1.5987,2.0315,4.3095,1.7337,2.3254,4.2819,1.4786,1.9496,4.2203,1.5023,2.0403,4.4093,0.071688,2.0866,4.1339,0.071015,2.3641,4.3148,0.07116,2.2593,4.0325,0.053978
2.1085,4.3823,1.7718,2.1191,4.2688,1.7755,2.2476,4.338,1.5922,1.9877,4.2997,1.599,2.0299,4.3104,1.7339,2.3234,4.2831,1.4788,1.948,4.2208,1.5022,2.0403,4.4093,0.071644,2.0866,4.1339,0.070981,2.3639,4.315,0.07116,2.259,4.0326,0.054755
2.1064,4.3842,1.7727,2.1175,4.2697,1.7756,2.2458,4.3391,1.5923,1.9857,4.3007,1.5993,2.0281,4.3114,1.7343,2.3215,4.2842,1.4791,1.9459,4.2221,1.5029,2.0403,4.4093,0.071587,2.0866,4.1339,0.070955,2.3639,4.3152,0.071143,2.2584,4.0333,0.055587
2.1047,4.385,1.773,2.1157,4.2707,1.7759,2.2442,4.3402,1.5925,1.9838,4.3017,1.5997,2.0263,4.3125,1.7346,2.3194,4.2849,1.4793,1.944,4.2226,1.5025,2.0402,4.4093,0.071505,2.0865,4.1338,0.070944,2.3638,4.3153,0.07108,2.2575,4.0339,0.056431
2.1032,4.3861,1.773,2.1142,4.2718,1.7762,2.2422,4.341,1.5925,1.9822,4.3025,1.6001,2.0248,4.3134,1.735,2.3176,4.2858,1.4795,1.942,4.2239,1.5031,2.0402,4.4093,0.071464,2.0865,4.1339,0.070908,2.3638,4.3155,0.071026,2.2564,4.0345,0.057309
2.1015,4.3869,1.7732,2.1127,4.2729,1.7767,2.2405,4.3418,1.5927,1.9803,4.3035,1.6005,2.0231,4.3144,1.7354,2.3157,4.2867,1.4799,1.9402,4.2245,1.503,2.0401,4.4093,0.071398,2.0865,4.134,0.070883,2.3638,4.3156,0.070939,2.2555,4.0346,0.058613
2.0998,4.3879,1.7735,2.111,4.2739,1.7771,2.2388,4.3426,1.5929,1.9787,4.3041,1.601,2.0214,4.3152,1.7357,2.314,4.2875,1.4803,1.9382,4.2255,1.5034,2.0401,4.4093,0.071361,2.0864,4.1339,0.070799,2.364,4.3158,0.070761,2.2544,4.0351,0.059915
2.0985,4.3888,1.7737,2.1096,4.2746,1.7774,2.2371,4.3436,1.5931,1.9771,4.3048,1.6013,2.02,4.316,1.7361,2.3121,4.2883,1.4807,1.937,4.2257,1.5028,2.0401,4.4094,0.071329,2.0863,4.1339,0.070755,2.3641,4.3159,0.070596,2.2533,4.0359,0.061043
2.097,4.3894,1.7741,2.1081,4.2754,1.7778,2.2354,4.3443,1.5934,1.9752,4.3058,1.6019,2.0184,4.3167,1.7364,2.3104,4.2888,1.4812,1.9349,4.2271,1.5035,2.0401,4.4093,0.071295,2.0863,4.134,0.070722,2.3643,4.3161,0.070386,2.2519,4.0362,0.062774
2.0953,4.3901,1.7745,2.1065,4.2761,1.778,2.2338,4.3449,1.5936,1.9738,4.3063,1.6024,2.0168,4.3175,1.7369,2.3088,4.2894,1.4816,1.933,4.2282,1.5039,2.0401,4.4093,0.071266,2.0872,4.1347,0.070445,2.3646,4.3162,0.070261,2.2504,4.0377,0.064214
2.0941,4.3905,1.7746,2.1051,4.2765,1.7782,2.2321,4.3456,1.5939,1.9723,4.307,1.6029,2.0155,4.318,1.7374,2.3072,4.2901,1.4822,1.931,4.2294,1.5044,2.0401,4.4093,0.071309,2.0864,4.1342,0.070611,2.3649,4.3163,0.070139,2.2489,4.039,0.065516
2.0928,4.3902,1.7747,2.1037,4.2771,1.7787,2.2306,4.3461,1.5941,1.9704,4.3079,1.6034,2.014,4.3184,1.7377,2.3056,4.2904,1.4827,1.9293,4.2305,1.5048,2.0401,4.4093,0.071215,2.0872,4.1348,0.070379,2.3652,4.3164,0.069974,2.2471,4.0394,0.066956
2.0911,4.3918,1.776,2.1023,4.2776,1.779,2.2292,4.3468,1.5944,1.969,4.3084,1.6039,2.0124,4.3192,1.7382,2.3039,4.2907,1.4833,1.9277,4.2314,1.505,2.0401,4.4093,0.071279,2.0872,4.1349,0.070349,2.3656,4.3165,0.069868,2.2451,4.0404,0.068438
2.0898,4.3923,1.7764,2.1008,4.278,1.7793,2.2275,4.3473,1.5947,1.9676,4.309,1.6044,2.0112,4.3196,1.7388,2.3024,4.291,1.4837,1.9261,4.2323,1.5052,2.0401,4.4093,0.071268,2.0872,4.135,0.070228,2.366,4.3166,0.069724,2.2433,4.0419,0.069669
2.0884,4.3928,1.7768,2.0995,4.2785,1.7797,2.2262,4.3478,1.5951,1.966,4.3096,1.6047,2.0099,4.32,1.7393,2.3009,4.2911,1.4842,1.9245,4.2334,1.5055,2.0401,4.4093,0.071296,2.0871,4.135,0.070238,2.3666,4.3167,0.069662,2.241,4.0429,0.071075
2.0871,4.3929,1.7772,2.0982,4.2787,1.7801,2.2248,4.3483,1.5956,1.9646,4.3102,1.6052,2.0084,4.3207,1.7398,2.2996,4.2914,1.4848,1.9229,4.2345,1.5058,2.0401,4.4093,0.071309,2.087,4.135,0.07026,2.3672,4.3168,0.069637,2.2388,4.0445,0.072014
2.0856,4.3933,1.7779,2.0968,4.2793,1.7807,2.2233,4.349,1.5961,1.9633,4.3105,1.6059,2.007,4.321,1.7402,2.2982,4.2916,1.4854,1.9223,4.2344,1.505,2.0401,4.4092,0.071263,2.087,4.135,0.070235,2.3678,4.317,0.069743,2.2366,4.0462,0.072915
2.0842,4.3939,1.7784,2.0955,4.2797,1.7811,2.222,4.3496,1.5966,1.9622,4.3107,1.6059,2.0057,4.3212,1.7405,2.2969,4.2917,1.4859,1.9209,4.2352,1.5052,2.0401,4.4091,0.071299,2.0865,4.1341,0.070743,2.3684,4.3173,0.069986,2.2343,4.0485,0.073642
2.0832,4.3939,1.7785,2.0942,4.2799,1.7815,2.2208,4.35,1.5971,1.9606,4.3114,1.6064,2.0045,4.3216,1.741,2.2956,4.2918,1.4864,1.9195,4.2362,1.5056,2.0401,4.4091,0.071332,2.0865,4.1341,0.070716,2.3692,4.3165,0.069443,2.232,4.0503,0.073903
2.0817,4.3946,1.7794,2.0931,4.2803,1.7821,2.2196,4.3503,1.5976,1.9594,4.3117,1.6069,2.0031,4.3218,1.7413,2.2945,4.2919,1.487,1.9172,4.2384,1.5071,2.0401,4.4091,0.071387,2.0865,4.134,0.070699,2.3701,4.3175,0.069982,2.2298,4.0527,0.073611
2.0805,4.3948,1.7798,2.0917,4.2805,1.7824,2.2182,4.3507,1.598,1.9585,4.3117,1.6073,2.0018,4.3221,1.7418,2.2934,4.2917,1.4874,1.9161,4.2389,1.5072,2.0401,4.409,0.071446,2.0865,4.134,0.070657,2.3708,4.3187,0.0702,2.2278,4.0558,0.073163
2.0791,4.395,1.7802,2.0906,4.2809,1.7829,2.2171,4.3509,1.5984,1.9574,4.3121,1.6077,2.0008,4.3222,1.7422,2.2924,4.2916,1.4879,1.915,4.2398,1.5074,2.0401,4.409,0.071518,2.0865,4.134,0.070604,2.3714,4.3208,0.071058,2.226,4.0597,0.072361
2.078,4.395,1.7805,2.0895,4.281,1.7833,2.2159,4.3514,1.5989,1.9561,4.3126,1.6083,1.9998,4.3222,1.7424,2.2912,4.2917,1.4885,1.9136,4.2408,1.508,2.0401,4.409,0.071623,2.0854,4.1335,0.070642,2.3723,4.3233,0.07223,2.2246,4.0625,0.071634
2.0768,4.3951,1.7811,2.0885,4.2811,1.7837,2.2151,4.3519,1.5995,1.955,4.3129,1.6086,1.9985,4.3224,1.7428,2.2903,4.2915,1.489,1.9125,4.2416,1.5083,2.0401,4.4089,0.071661,2.0853,4.1334,0.070688,2.3729,4.3259,0.072783,2.2231,4.0677,0.069918
2.0758,4.3951,1.7817,2.0875,4.2812,1.7841,2.214,4.3522,1.6,1.9541,4.313,1.609,1.9974,4.3229,1.7435,2.2894,4.2914,1.4894,1.9112,4.2425,1.5087,2.0401,4.4088,0.071761,2.0859,4.1349,0.070137,2.3734,4.3296,0.074133,2.2223,4.0713,0.068886
2.0747,4.3952,1.7822,2.0865,4.2812,1.7843,2.213,4.3527,1.6005,1.9533,4.313,1.6094,1.9965,4.3229,1.7438,2.2886,4.2912,1.4898,1.9101,4.2435,1.509,2.0402,4.4088,0.071829,2.0858,4.1349,0.070065,2.3739,4.3333,0.075138,2.2214,4.0763,0.067196
2.0736,4.3952,1.7827,2.0855,4.2812,1.7844,2.2121,4.3531,1.6009,1.9524,4.3133,1.6097,1.9958,4.3229,1.7443,2.2877,4.291,1.4902,1.909,4.2444,1.5093,2.0401,4.4088,0.071982,2.0858,4.1348,0.07003,2.3741,4.337,0.075684,2.2211,4.08,0.066198
2.0732,4.3956,1.783,2.0847,4.2812,1.7847,2.2109,4.3532,1.6013,1.9515,4.3136,1.61,1.995,4.323,1.7448,2.2868,4.2909,1.4907,1.908,4.2452,1.5095,2.0402,4.4087,0.072059,2.0858,4.1348,0.069894,2.374,4.3417,0.076843,2.2206,4.0856,0.064601
2.0725,4.3956,1.7833,2.084,4.2814,1.7851,2.2105,4.3533,1.6016,1.9506,4.3139,1.6103,1.9942,4.323,1.7451,2.2859,4.2907,1.491,1.907,4.2462,1.5097,2.0402,4.4086,0.072041,2.0858,4.1347,0.069948,2.3739,4.3463,0.0777,2.2207,4.0904,0.063256
2.0713,4.3955,1.7841,2.0834,4.2815,1.7855,2.2097,4.3535,1.6019,1.9497,4.3141,1.6106,1.9934,4.323,1.7454,2.2851,4.2906,1.4913,1.906,4.2472,1.5099,2.0403,4.4085,0.072017,2.0857,4.134,0.070148,2.3735,4.3514,0.078663,2.2208,4.095,0.06182
2.0706,4.3955,1.7846,2.0827,4.2814,1.7857,2.209,4.3538,1.6022,1.9488,4.3144,1.6113,1.9927,4.3231,1.7457,2.2842,4.2906,1.4918,1.9059,4.247,1.5088,2.0402,4.4086,0.072258,2.0854,4.1334,0.070291,2.373,4.3568,0.079635,2.221,4.1002,0.06039
2.07,4.3953,1.785,2.0821,4.2813,1.7859,2.2082,4.354,1.6023,1.9486,4.3143,1.6111,1.9921,4.3231,1.7459,2.2835,4.2904,1.492,1.9051,4.2481,1.5091,2.0402,4.4086,0.072325,2.0855,4.1333,0.070236,2.3721,4.362,0.079942,2.2217,4.1046,0.059274
2.0694,4.3951,1.7852,2.0815,4.2813,1.7861,2.2076,4.3544,1.6026,1.9481,4.3145,1.6113,1.9915,4.3231,1.7461,2.2828,4.2899,1.4922,1.9042,4.2493,1.5092,2.0402,4.4085,0.072375,2.0854,4.1333,0.070202,2.3712,4.3678,0.081198,2.2225,4.1097,0.058383
2.0692,4.3952,1.7853,2.081,4.2813,1.7862,2.2071,4.3547,1.6028,1.9475,4.3148,1.6115,1.991,4.3232,1.7463,2.2822,4.2894,1.4922,1.9027,4.2512,1.51,2.0402,4.4085,0.072382,2.0854,4.1333,0.070195,2.3702,4.3732,0.081825,2.2231,4.1148,0.057288
2.0685,4.3953,1.7857,2.0804,4.2812,1.7862,2.2066,4.3549,1.603,1.9469,4.3152,1.6116,1.9905,4.3231,1.7464,2.2819,4.289,1.4924,1.902,4.2527,1.51,2.0402,4.4085,0.072376,2.0854,4.1333,0.070178,2.3691,4.3791,0.083027,2.2242,4.1184,0.056909
2.0682,4.3954,1.7858,2.0799,4.2812,1.7862,2.206,4.3551,1.6032,1.9463,4.3156,1.6118,1.99,4.3231,1.7465,2.2813,4.2886,1.4925,1.9018,4.2529,1.5084,2.0402,4.4085,0.072309,2.0855,4.1334,0.07022,2.368,4.3845,0.083468,2.2251,4.1242,0.056201
2.0674,4.3952,1.7861,2.0794,4.2812,1.7862,2.2055,4.3553,1.6034,1.9458,4.316,1.6119,1.9896,4.3231,1.7466,2.281,4.288,1.4927,1.9012,4.2539,1.508,2.0403,4.4085,0.072239,2.0854,4.1334,0.070273,2.3669,4.3904,0.084677,2.2259,4.1286,0.055972
2.0671,4.3951,1.7862,2.079,4.2812,1.7863,2.2052,4.3556,1.6035,1.9453,4.3164,1.6121,1.9892,4.3232,1.7467,2.2804,4.2871,1.4925,1.9006,4.255,1.5078,2.0403,4.4086,0.072175,2.0854,4.1334,0.070294,2.366,4.3956,0.08531,2.2268,4.1336,0.055336
2.0666,4.3951,1.7862,2.0786,4.2814,1.7863,2.2049,4.3559,1.6037,1.9449,4.3166,1.6121,1.9887,4.3234,1.7468,2.2799,4.2865,1.4926,1.8999,4.2561,1.5077,2.0403,4.4086,0.072117,2.0854,4.1334,0.070323,2.3652,4.4011,0.086389,2.2279,4.1377,0.055444
2.0665,4.3954,1.7863,2.0782,4.2815,1.7864,2.2046,4.3562,1.6039,1.9445,4.3169,1.6122,1.9882,4.3236,1.7468,2.2794,4.2858,1.4927,1.8994,4.2572,1.5076,2.0403,4.4086,0.072073,2.0855,4.1335,0.070334,2.3647,4.406,0.086818,2.2285,4.1425,0.054969
2.0658,4.3954,1.7865,2.0777,4.2817,1.7865,2.2043,4.3564,1.604,1.9442,4.3172,1.6122,1.9878,4.3238,1.7468,2.279,4.285,1.4927,1.899,4.2585,1.5074,2.0403,4.4086,0.072062,2.0855,4.1335,0.070396,2.3644,4.4114,0.088349,2.2293,4.1484,0.054271
2.0654,4.3956,1.7867,2.0773,4.2818,1.7865,2.2039,4.3567,1.6041,1.944,4.3175,1.6121,1.9874,4.3241,1.7468,2.2786,4.2845,1.4928,1.8986,4.2596,1.5074,2.0403,4.4087,0.071984,2.0854,4.1334,0.070413,2.3642,4.4159,0.089018,2.23,4.153,0.054222
2.0651,4.3957,1.7868,2.077,4.2821,1.7866,2.2036,4.357,1.6043,1.9438,4.3178,1.6121,1.987,4.3244,1.7468,2.2783,4.284,1.4928,1.8982,4.2607,1.5073,2.0403,4.4087,0.071964,2.0854,4.1334,0.070395,2.3644,4.4205,0.08984,2.23,4.1578,0.053874
2.0648,4.3959,1.7869,2.0767,4.2823,1.7866,2.2033,4.3572,1.6044,1.9436,4.3182,1.612,1.9867,4.3247,1.7468,2.2781,4.2834,1.4928,1.8979,4.2619,1.5074,2.0403,4.4087,0.071926,2.0854,4.1334,0.070433,2.3648,4.4253,0.091284,2.2302,4.1619,0.05372
2.0645,4.3962,1.787,2.0763,4.2826,1.7867,2.2028,4.3575,1.6045,1.9434,4.3186,1.612,1.9865,4.3251,1.7468,2.2779,4.2829,1.4928,1.8977,4.2631,1.5075,2.0403,4.4087,0.071905,2.0855,4.1335,0.070444,2.3655,4.4294,0.091932,2.2305,4.1672,0.053733
2.0642,4.3966,1.7871,2.076,4.2829,1.7867,2.2027,4.3578,1.6047,1.9432,4.319,1.6119,1.9863,4.3254,1.7468,2.2777,4.2824,1.4927,1.8975,4.264,1.5075,2.0403,4.4087,0.071905,2.0855,4.1335,0.070458,2.3664,4.4338,0.093209,2.2305,4.1718,0.053053
2.0639,4.3969,1.7872,2.0757,4.2832,1.7867,2.2029,4.3581,1.6049,1.9431,4.3194,1.6119,1.986,4.3258,1.7468,2.2775,4.282,1.4927,1.8974,4.2649,1.5075,2.0403,4.4086,0.071808,2.0855,4.1335,0.070464,2.3674,4.4379,0.094195,2.2308,4.1765,0.05282
2.0637,4.3972,1.7873,2.0754,4.2835,1.7867,2.2028,4.3585,1.605,1.943,4.3198,1.6118,1.9859,4.3261,1.7468,2.2774,4.2817,1.4926,1.8972,4.2657,1.5074,2.0403,4.4087,0.071887,2.0856,4.1339,0.07041,2.3687,4.442,0.095591,2.2308,4.1818,0.052435
2.0636,4.3975,1.7873,2.0752,4.2838,1.7867,2.2027,4.3589,1.6052,1.9429,4.3203,1.6118,1.9857,4.3264,1.7468,2.2773,4.2814,1.4925,1.8967,4.2673,1.5081,2.0403,4.4087,0.07187,2.0855,4.1335,0.070491,2.3698,4.446,0.096623,2.2306,4.1856,0.052061
2.0635,4.3979,1.7873,2.0751,4.2842,1.7868,2.2027,4.3593,1.6053,1.9429,4.3207,1.6117,1.9856,4.3267,1.7467,2.2773,4.2811,1.4924,1.8969,4.2678,1.5077,2.0403,4.4087,0.071851,2.0855,4.1335,0.070511,2.3712,4.45,0.098078,2.2308,4.1905,0.051661
2.0634,4.3983,1.7873,2.075,4.2845,1.7868,2.2027,4.3596,1.6054,1.9428,4.3212,1.6117,1.9856,4.3271,1.7467,2.2773,4.2809,1.4923,1.897,4.2686,1.5075,2.0403,4.4087,0.071827,2.0854,4.1334,0.070536,2.3726,4.4534,0.09844,2.2311,4.1951,0.051314
2.0637,4.3987,1.7872,2.075,4.2848,1.7868,2.2028,4.3599,1.6054,1.9429,4.3216,1.6117,1.9856,4.3274,1.7467,2.2773,4.2808,1.4922,1.897,4.2694,1.5076,2.0403,4.4086,0.071715,2.0854,4.1334,0.070579,2.3738,4.4574,0.099558,2.2313,4.1993,0.050434
2.0637,4.3991,1.7873,2.075,4.2851,1.7868,2.2029,4.3602,1.6054,1.943,4.3219,1.6116,1.9857,4.3277,1.7467,2.2774,4.2807,1.492,1.8971,4.2703,1.5077,2.0403,4.4087,0.071773,2.0855,4.1336,0.070555,2.3749,4.4611,0.10037,2.2317,4.204,0.049528
2.0639,4.3994,1.7873,2.0751,4.2854,1.7867,2.203,4.3605,1.6054,1.9431,4.3223,1.6116,1.9858,4.328,1.7467,2.2774,4.2806,1.4919,1.8967,4.272,1.5087,2.0403,4.4087,0.071705,2.0854,4.1335,0.070586,2.3759,4.4647,0.10067,2.232,4.2083,0.049045
2.0641,4.3998,1.7873,2.0753,4.2857,1.7867,2.2032,4.3609,1.6054,1.9433,4.3226,1.6115,1.986,4.3284,1.7466,2.2775,4.2806,1.4917,1.8971,4.2724,1.5084,2.0403,4.4087,0.071684,2.0854,4.1334,0.070602,2.3768,4.4684,0.10148,2.2325,4.2124,0.048683
2.0643,4.4,1.7874,2.0755,4.286,1.7867,2.2035,4.3612,1.6055,1.9435,4.323,1.6116,1.9862,4.3287,1.7467,2.2776,4.2807,1.4914,1.8975,4.2726,1.5079,2.0403,4.4087,0.071674,2.0854,4.1334,0.070635,2.3775,4.4719,0.10112,2.2332,4.2161,0.047793
2.0645,4.4003,1.7875,2.0758,4.2862,1.7866,2.2038,4.3615,1.6055,1.9437,4.3234,1.6116,1.9864,4.3289,1.7467,2.2777,4.2808,1.4912,1.8977,4.2732,1.508,2.0403,4.4087,0.071664,2.0854,4.1334,0.070601,2.378,4.4757,0.10131,2.2337,4.2197,0.047418
2.0645,4.4004,1.7876,2.0761,4.2864,1.7865,2.2041,4.3618,1.6055,1.944,4.3237,1.6116,1.9866,4.3292,1.7467,2.2779,4.2809,1.4909,1.8978,4.2743,1.5084,2.0403,4.4087,0.071657,2.0854,4.1334,0.070599,2.3782,4.4793,0.10143,2.2344,4.2235,0.046832
2.0649,4.4007,1.7877,2.0766,4.2866,1.7865,2.2044,4.3621,1.6055,1.9444,4.324,1.6117,1.987,4.3295,1.7468,2.2782,4.281,1.4907,1.898,4.2749,1.5085,2.0403,4.4087,0.071665,2.0855,4.1335,0.070605,2.3781,4.4827,0.10132,2.2351,4.2265,0.04624
2.0654,4.401,1.7878,2.077,4.2869,1.7865,2.2048,4.3625,1.6055,1.9447,4.3243,1.6117,1.9874,4.3298,1.7469,2.2784,4.2811,1.4904,1.8983,4.2754,1.5085,2.0403,4.4087,0.071722,2.0855,4.1334,0.070634,2.3777,4.4858,0.10054,2.2358,4.2291,0.045585
2.066,4.4013,1.7879,2.0776,4.2871,1.7866,2.2052,4.3629,1.6055,1.9452,4.3245,1.6118,1.9879,4.3302,1.7469,2.2787,4.2813,1.4901,1.8988,4.2755,1.5081,2.0404,4.4088,0.071692,2.0854,4.1334,0.070601,2.3771,4.4891,0.1003,2.2366,4.2319,0.044812
2.0669,4.4017,1.788,2.0782,4.2874,1.7867,2.2056,4.3634,1.6054,1.9457,4.3248,1.6119,1.9884,4.3305,1.747,2.2791,4.2814,1.4897,1.8992,4.2761,1.5082,2.0405,4.4091,0.071798,2.0855,4.1335,0.070605,2.3764,4.492,0.099898,2.2373,4.2343,0.044309
2.0675,4.4018,1.7879,2.0789,4.2877,1.7866,2.2061,4.3639,1.6053,1.9462,4.3252,1.6121,1.989,4.3308,1.747,2.2794,4.2816,1.4894,1.8995,4.2768,1.5083,2.0408,4.4093,0.071675,2.0854,4.1334,0.070626,2.3753,4.495,0.099257,2.238,4.2355,0.044394
2.0678,4.4018,1.788,2.0795,4.288,1.7866,2.2065,4.3644,1.6052,1.9468,4.3255,1.6121,1.9897,4.331,1.747,2.2798,4.2819,1.4892,1.8998,4.2777,1.5087,2.0405,4.4088,0.071739,2.0855,4.1334,0.070614,2.3733,4.4976,0.097843,2.2388,4.2363,0.0447
2.0685,4.4021,1.7881,2.0802,4.2882,1.7865,2.2071,4.3649,1.6051,1.9474,4.326,1.6122,1.9904,4.3312,1.7471,2.2803,4.2822,1.4889,1.9005,4.2779,1.5083,2.0405,4.4088,0.071755,2.0855,4.1334,0.0706,2.3713,4.4996,0.096057,2.2397,4.2367,0.045108
2.069,4.4025,1.7881,2.0809,4.2884,1.7864,2.2077,4.3654,1.6052,1.9481,4.3264,1.6123,1.991,4.3314,1.7472,2.2809,4.2825,1.4887,1.9008,4.279,1.5087,2.0406,4.4088,0.071795,2.0855,4.1335,0.070579,2.369,4.5015,0.095276,2.2405,4.2365,0.045326
2.0697,4.4028,1.7883,2.0816,4.2886,1.7863,2.2083,4.3658,1.6052,1.9486,4.3269,1.6124,1.9918,4.3318,1.7473,2.2814,4.2828,1.4884,1.9013,4.2797,1.5088,2.0406,4.4088,0.071804,2.0855,4.1334,0.070591,2.3667,4.5029,0.094659,2.2409,4.2361,0.045306
