2.0503,0.2583,1.7538,2.0484,0.14414,1.7592,2.1936,0.18775,1.5747,1.9324,0.18038,1.5758,1.9662,0.19451,1.7107,2.2304,0.091674,1.4743,1.9227,0.081637,1.4774,1.9622,0.22412,0.060542,1.9761,-0.056284,0.060769,2.2537,0.2265,0.06065,2.2138,-0.053847,0.058941
2.0503,0.25803,1.7539,2.0483,0.14385,1.7592,2.1935,0.18752,1.5748,1.9323,0.18023,1.5758,1.9661,0.19424,1.7108,2.2303,0.091513,1.4743,1.9226,0.081501,1.4774,1.9622,0.22408,0.060592,1.9761,-0.056285,0.060728,2.2536,0.22652,0.060611,2.2138,-0.053835,0.058906
2.0502,0.25776,1.7539,2.0482,0.14355,1.7592,2.1935,0.18729,1.5748,1.9322,0.18012,1.5759,1.966,0.19398,1.7109,2.2302,0.091359,1.4743,1.9225,0.081379,1.4773,1.9622,0.22412,0.060536,1.9761,-0.056283,0.060726,2.2536,0.22652,0.060613,2.2138,-0.053833,0.058905
2.0501,0.25745,1.7541,2.0482,0.14327,1.7592,2.1934,0.18712,1.5749,1.9321,0.17997,1.5759,1.9659,0.19372,1.7109,2.2301,0.091202,1.4743,1.9223,0.081282,1.4773,1.9622,0.22411,0.060556,1.9761,-0.056275,0.060714,2.2537,0.22651,0.060635,2.2138,-0.053825,0.058908
2.0501,0.25712,1.7542,2.0481,0.14299,1.7592,2.1933,0.18692,1.575,1.932,0.17984,1.576,1.9659,0.19348,1.711,2.23,0.091042,1.4743,1.9222,0.081189,1.4773,1.9622,0.22409,0.060597,1.976,-0.056298,0.060737,2.2536,0.22653,0.060609,2.2138,-0.053841,0.058915
2.05,0.25688,1.7542,2.048,0.14268,1.7592,2.1932,0.18673,1.575,1.9319,0.17973,1.576,1.9658,0.19324,1.711,2.2299,0.090855,1.4742,1.9221,0.081137,1.4772,1.9622,0.22406,0.060602,1.976,-0.05631,0.0607,2.2536,0.22653,0.060625,2.2138,-0.053847,0.058901
2.05,0.25656,1.7543,2.0479,0.14242,1.7591,2.1932,0.18651,1.5751,1.9319,0.17964,1.5761,1.9657,0.19302,1.711,2.2298,0.090658,1.4743,1.9219,0.081106,1.4772,1.9622,0.22406,0.060568,1.976,-0.056286,0.060626,2.2536,0.22654,0.060623,2.2138,-0.053852,0.058896
2.05,0.2563,1.7544,2.0478,0.14213,1.7591,2.1931,0.18631,1.5751,1.9318,0.17957,1.5761,1.9657,0.19282,1.7111,2.2297,0.090466,1.4742,1.9218,0.081076,1.4772,1.9622,0.22404,0.060601,1.976,-0.056288,0.060613,2.2536,0.22657,0.060594,2.2138,-0.053832,0.058852
2.0499,0.25603,1.7545,2.0477,0.14185,1.7592,2.1931,0.18605,1.5752,1.9317,0.17949,1.5761,1.9656,0.19261,1.7112,2.2296,0.090256,1.4743,1.9217,0.08107,1.4771,1.9622,0.22406,0.060598,1.976,-0.056291,0.060627,2.2536,0.22653,0.060655,2.2138,-0.053836,0.058884
2.0499,0.25573,1.7546,2.0476,0.14157,1.7591,2.193,0.18583,1.5752,1.9317,0.17944,1.5762,1.9655,0.19241,1.7112,2.2295,0.090074,1.4743,1.9216,0.081063,1.4771,1.9622,0.22405,0.060621,1.976,-0.056289,0.060612,2.2536,0.22653,0.060648,2.2138,-0.053833,0.058875
2.0498,0.25545,1.7547,2.0477,0.14116,1.7584,2.1929,0.18561,1.5752,1.9316,0.17941,1.5762,1.9655,0.19217,1.7112,2.2294,0.089881,1.4743,1.9215,0.081051,1.4771,1.9622,0.22404,0.060584,1.976,-0.056303,0.060594,2.2536,0.22656,0.060616,2.2138,-0.053853,0.058893
2.0498,0.25521,1.7547,2.0476,0.14095,1.7582,2.1928,0.18544,1.5753,1.9316,0.17935,1.5762,1.9654,0.19196,1.7112,2.2293,0.089704,1.4743,1.9214,0.081062,1.477,1.9622,0.22401,0.060625,1.976,-0.056324,0.060587,2.2536,0.22653,0.060613,2.2138,-0.053853,0.058867
2.0498,0.25496,1.7548,2.0475,0.14074,1.7582,2.1928,0.18526,1.5753,1.9315,0.17935,1.5762,1.9654,0.1918,1.7113,2.2292,0.089536,1.4744,1.9213,0.081055,1.477,1.9622,0.22401,0.060627,1.976,-0.056305,0.06057,2.2536,0.22656,0.060601,2.2138,-0.05385,0.058888
2.0497,0.25474,1.7549,2.0473,0.14054,1.7582,2.1927,0.1851,1.5754,1.9315,0.17932,1.5762,1.9653,0.19164,1.7113,2.2291,0.08938,1.4744,1.9211,0.081064,1.477,1.9622,0.22401,0.06066,1.976,-0.056315,0.060594,2.2536,0.22657,0.06063,2.2138,-0.053833,0.05888
2.0496,0.2545,1.755,2.0472,0.14037,1.7582,2.1927,0.18495,1.5754,1.9314,0.17932,1.5762,1.9652,0.19152,1.7113,2.229,0.089195,1.4744,1.9211,0.081074,1.477,1.9622,0.22403,0.060627,1.976,-0.056306,0.06058,2.2536,0.22657,0.060643,2.2138,-0.053833,0.058864
2.0496,0.25432,1.755,2.047,0.1403,1.759,2.1926,0.18474,1.5755,1.9314,0.17932,1.5762,1.9651,0.19143,1.7113,2.2289,0.089014,1.4745,1.921,0.081068,1.477,1.9622,0.22402,0.060628,1.976,-0.056322,0.060575,2.2536,0.22657,0.06063,2.2138,-0.053835,0.058853
2.0495,0.25416,1.7551,2.0469,0.14016,1.759,2.1926,0.18461,1.5755,1.9314,0.17932,1.5761,1.9651,0.19136,1.7113,2.2288,0.088852,1.4745,1.9209,0.081037,1.477,1.9622,0.224,0.060616,1.976,-0.056319,0.060551,2.2536,0.22654,0.060612,2.2137,-0.053851,0.058868
2.0495,0.25404,1.7551,2.0468,0.14003,1.759,2.1925,0.18447,1.5755,1.9313,0.1793,1.5762,1.965,0.19128,1.7113,2.2287,0.088692,1.4745,1.9208,0.081033,1.477,1.9622,0.22401,0.060613,1.976,-0.056311,0.060559,2.2536,0.22657,0.060632,2.2138,-0.053847,0.058869
2.0495,0.25394,1.7552,2.0467,0.13993,1.759,2.1925,0.1843,1.5756,1.9312,0.17929,1.5762,1.965,0.19126,1.7113,2.2286,0.088549,1.4745,1.9207,0.080977,1.477,1.9622,0.22401,0.060634,1.976,-0.056323,0.060592,2.2536,0.22655,0.060618,2.2138,-0.053838,0.05886
2.0495,0.25389,1.7552,2.0466,0.13984,1.759,2.1924,0.18415,1.5756,1.9312,0.17929,1.5762,1.9649,0.19123,1.7113,2.2285,0.088397,1.4746,1.9206,0.080944,1.477,1.9622,0.22403,0.060623,1.976,-0.056308,0.060569,2.2536,0.22656,0.060632,2.2138,-0.053837,0.058871
2.0495,0.25382,1.7552,2.0465,0.13976,1.759,2.1924,0.18398,1.5756,1.9311,0.17926,1.5762,1.9649,0.19121,1.7113,2.2284,0.08827,1.4746,1.9205,0.080878,1.477,1.9622,0.22402,0.0606,1.976,-0.056316,0.060565,2.2536,0.22655,0.060624,2.2138,-0.053835,0.05884
2.0494,0.2538,1.7552,2.0464,0.13973,1.759,2.1923,0.18386,1.5756,1.931,0.17924,1.5763,1.9648,0.19121,1.7113,2.2283,0.088118,1.4746,1.9204,0.080808,1.477,1.9622,0.22399,0.060629,1.976,-0.056327,0.060571,2.2536,0.22655,0.060617,2.2138,-0.053858,0.058882
2.0494,0.25377,1.7552,2.0463,0.13971,1.759,2.1922,0.18372,1.5756,1.931,0.17921,1.5763,1.9648,0.19121,1.7113,2.2282,0.088003,1.4747,1.9203,0.080721,1.477,1.9622,0.224,0.060668,1.976,-0.056332,0.060558,2.2536,0.22654,0.06065,2.2138,-0.053853,0.058865
2.0494,0.25376,1.7551,2.0463,0.1397,1.7591,2.1922,0.18359,1.5756,1.9309,0.17919,1.5763,1.9647,0.19122,1.7114,2.2281,0.087908,1.4747,1.9203,0.080658,1.4769,1.9622,0.22401,0.060657,1.976,-0.056333,0.060546,2.2536,0.22656,0.060647,2.2138,-0.053842,0.058881
2.0493,0.25376,1.7551,2.0462,0.13969,1.7591,2.1921,0.1835,1.5756,1.9309,0.17914,1.5763,1.9647,0.19122,1.7113,2.2281,0.087799,1.4747,1.9202,0.080555,1.4769,1.9622,0.22401,0.060643,1.976,-0.056313,0.060515,2.2536,0.22659,0.060595,2.2138,-0.05385,0.058866
2.0492,0.25379,1.755,2.0461,0.13968,1.7591,2.192,0.1834,1.5756,1.9308,0.17912,1.5762,1.9646,0.19122,1.7113,2.228,0.087685,1.4747,1.9202,0.080465,1.4769,1.9622,0.22401,0.06062,1.976,-0.056325,0.060527,2.2536,0.22653,0.060627,2.2138,-0.053848,0.058866
2.0492,0.2538,1.755,2.046,0.13967,1.7591,2.1919,0.18332,1.5756,1.9307,0.17905,1.5762,1.9645,0.19119,1.7113,2.2279,0.087597,1.4747,1.9201,0.080349,1.4769,1.9622,0.22401,0.060627,1.976,-0.056323,0.060508,2.2536,0.22655,0.06062,2.2138,-0.053857,0.058862
2.0491,0.2538,1.7549,2.0459,0.13967,1.7591,2.1919,0.18327,1.5756,1.9307,0.17899,1.5762,1.9644,0.1912,1.7112,2.2279,0.087494,1.4747,1.9201,0.080226,1.4768,1.9622,0.22399,0.060651,1.976,-0.056342,0.060525,2.2536,0.22655,0.060649,2.2138,-0.053867,0.058862
2.049,0.25382,1.7549,2.0458,0.1397,1.7591,2.1918,0.18322,1.5755,1.9306,0.17891,1.5761,1.9644,0.19119,1.7112,2.2278,0.087417,1.4747,1.9201,0.080101,1.4768,1.9622,0.22399,0.060646,1.976,-0.056333,0.060497,2.2536,0.22656,0.06065,2.2138,-0.053851,0.058842
2.0489,0.25383,1.7548,2.0457,0.13969,1.7591,2.1917,0.18321,1.5755,1.9306,0.17883,1.5761,1.9643,0.19116,1.7112,2.2278,0.08735,1.4747,1.92,0.079969,1.4768,1.9622,0.224,0.060647,1.976,-0.056317,0.060471,2.2536,0.22658,0.060596,2.2138,-0.053845,0.058824
2.0488,0.25385,1.7548,2.0456,0.1397,1.7591,2.1917,0.18318,1.5755,1.9305,0.17873,1.5761,1.9642,0.19114,1.7111,2.2278,0.087288,1.4747,1.92,0.079859,1.4767,1.9622,0.22399,0.060629,1.976,-0.056323,0.060452,2.2536,0.22656,0.060646,2.2138,-0.053851,0.058853
2.0487,0.25384,1.7547,2.0455,0.13974,1.759,2.1916,0.18317,1.5755,1.9305,0.17864,1.576,1.9641,0.19113,1.7111,2.2278,0.087237,1.4746,1.92,0.079717,1.4767,1.9622,0.22397,0.060664,1.976,-0.056332,0.060456,2.2536,0.22655,0.060624,2.2138,-0.053861,0.058843
2.0485,0.25386,1.7546,2.0454,0.13974,1.759,2.1915,0.18319,1.5755,1.9304,0.17852,1.5759,1.964,0.19109,1.711,2.2278,0.087198,1.4746,1.92,0.079581,1.4767,1.9622,0.22397,0.060671,1.976,-0.056345,0.060472,2.2536,0.22655,0.060653,2.2138,-0.053842,0.058823
2.0484,0.25386,1.7546,2.0453,0.13976,1.759,2.1915,0.18319,1.5755,1.9303,0.17839,1.5759,1.9639,0.19105,1.711,2.2278,0.087171,1.4746,1.92,0.079453,1.4766,1.9622,0.224,0.06064,1.976,-0.05633,0.060454,2.2536,0.22653,0.060633,2.2138,-0.053852,0.058842
2.0483,0.25386,1.7546,2.0453,0.13978,1.759,2.1914,0.1832,1.5755,1.9303,0.17829,1.5759,1.9638,0.19098,1.711,2.2278,0.087163,1.4746,1.92,0.07932,1.4766,1.9622,0.22401,0.060632,1.976,-0.056327,0.060449,2.2536,0.22656,0.06061,2.2138,-0.053845,0.058837
2.0482,0.25386,1.7545,2.0452,0.13974,1.759,2.1913,0.18323,1.5755,1.9302,0.17816,1.5758,1.9637,0.19094,1.711,2.2277,0.087146,1.4746,1.9199,0.079184,1.4766,1.9622,0.22401,0.06064,1.976,-0.056348,0.060473,2.2536,0.22656,0.060639,2.2138,-0.053854,0.058856
2.0481,0.25383,1.7545,2.0451,0.13975,1.759,2.1913,0.18325,1.5755,1.9302,0.17805,1.5758,1.9637,0.19087,1.711,2.2278,0.087148,1.4746,1.92,0.079048,1.4766,1.9622,0.22396,0.060706,1.976,-0.056335,0.060448,2.2536,0.22654,0.060655,2.2138,-0.053867,0.058867
2.048,0.25381,1.7545,2.0451,0.13972,1.7591,2.1912,0.18326,1.5756,1.9301,0.17792,1.5758,1.9636,0.1908,1.7109,2.2278,0.087153,1.4746,1.92,0.078912,1.4766,1.9622,0.22397,0.060676,1.976,-0.056348,0.060442,2.2536,0.22655,0.060609,2.2138,-0.053868,0.058852
2.0479,0.25379,1.7545,2.0451,0.13971,1.7591,2.1911,0.18331,1.5756,1.9301,0.1778,1.5758,1.9635,0.19074,1.7109,2.2278,0.087162,1.4746,1.92,0.078793,1.4766,1.9622,0.22395,0.06071,1.976,-0.056325,0.060415,2.2536,0.22655,0.060633,2.2138,-0.053848,0.058834
2.0478,0.25376,1.7545,2.0451,0.13968,1.7591,2.1911,0.18333,1.5756,1.93,0.17768,1.5758,1.9635,0.19064,1.7109,2.2278,0.087173,1.4746,1.92,0.078695,1.4766,1.9622,0.22399,0.060686,1.976,-0.056331,0.060427,2.2536,0.22656,0.060616,2.2138,-0.053842,0.058828
2.0477,0.25371,1.7545,2.045,0.13964,1.7591,2.191,0.18335,1.5756,1.93,0.17753,1.5758,1.9634,0.19051,1.711,2.2278,0.087209,1.4746,1.92,0.078583,1.4767,1.9622,0.224,0.060649,1.976,-0.056326,0.060438,2.2536,0.22658,0.06064,2.2138,-0.053849,0.058852
2.0476,0.25364,1.7545,2.045,0.13957,1.7591,2.191,0.18337,1.5756,1.93,0.17742,1.5758,1.9634,0.1904,1.711,2.2278,0.087222,1.4746,1.92,0.078482,1.4767,1.9622,0.22398,0.060667,1.976,-0.056351,0.060439,2.2536,0.22656,0.060628,2.2138,-0.053849,0.058853
2.0476,0.25357,1.7545,2.045,0.13955,1.7591,2.1909,0.18337,1.5756,1.93,0.1773,1.5758,1.9633,0.19026,1.711,2.2278,0.087252,1.4746,1.92,0.078398,1.4767,1.9622,0.22395,0.060692,1.976,-0.056349,0.060432,2.2536,0.22655,0.060644,2.2138,-0.053847,0.05884
2.0475,0.25351,1.7545,2.045,0.13947,1.7591,2.1909,0.18343,1.5756,1.9299,0.17719,1.5758,1.9633,0.19014,1.711,2.2278,0.087279,1.4746,1.92,0.078315,1.4767,1.9622,0.22398,0.060667,1.976,-0.056337,0.060409,2.2536,0.22656,0.060631,2.2138,-0.053852,0.058874
2.0474,0.25343,1.7545,2.045,0.13941,1.7591,2.1909,0.18346,1.5756,1.9299,0.17705,1.5758,1.9632,0.19,1.711,2.2278,0.087327,1.4746,1.92,0.078259,1.4767,1.9622,0.224,0.06066,1.976,-0.05634,0.060436,2.2536,0.22659,0.060624,2.2138,-0.053836,0.058861
2.0473,0.25334,1.7545,2.045,0.13931,1.7591,2.1908,0.1835,1.5757,1.9299,0.17695,1.5758,1.9632,0.18986,1.711,2.2278,0.087336,1.4746,1.92,0.078202,1.4767,1.9622,0.224,0.060646,1.976,-0.056341,0.060438,2.2536,0.22658,0.060624,2.2138,-0.053841,0.058868
2.0473,0.25324,1.7546,2.045,0.13921,1.7591,2.1909,0.18348,1.5757,1.9299,0.17682,1.5758,1.9632,0.18972,1.711,2.2278,0.087377,1.4746,1.9201,0.078132,1.4767,1.9622,0.22397,0.060663,1.976,-0.056345,0.060431,2.2536,0.22654,0.060623,2.2138,-0.05384,0.058855
2.0473,0.25313,1.7546,2.045,0.13913,1.7591,2.1909,0.18347,1.5757,1.9299,0.17673,1.5759,1.9632,0.18959,1.7111,2.2279,0.087401,1.4746,1.9201,0.078073,1.4768,1.9622,0.22398,0.060651,1.976,-0.056359,0.060443,2.2536,0.22658,0.0606,2.2138,-0.053855,0.05886
2.0472,0.25305,1.7546,2.045,0.13905,1.7591,2.1908,0.18348,1.5757,1.9299,0.17667,1.5758,1.9632,0.18948,1.7111,2.2279,0.087446,1.4746,1.9201,0.078033,1.4768,1.9622,0.22398,0.060653,1.976,-0.05636,0.060429,2.2536,0.22654,0.060606,2.2138,-0.053842,0.058845
2.0472,0.25297,1.7547,2.0451,0.139,1.7591,2.1908,0.18351,1.5757,1.9298,0.17658,1.5759,1.9631,0.18937,1.7111,2.2279,0.087464,1.4745,1.9201,0.077984,1.4768,1.9622,0.22401,0.060656,1.976,-0.056345,0.06042,2.2536,0.22656,0.060643,2.2138,-0.053837,0.058879
2.0472,0.25287,1.7547,2.0451,0.13894,1.7591,2.1908,0.18352,1.5757,1.9298,0.17649,1.5759,1.9632,0.18927,1.7111,2.2279,0.087497,1.4745,1.9202,0.077948,1.4768,1.9622,0.22399,0.060677,1.976,-0.056344,0.060419,2.2536,0.22657,0.060612,2.2138,-0.053822,0.058858
2.0472,0.25278,1.7548,2.0451,0.13883,1.7591,2.1908,0.18349,1.5757,1.9298,0.17641,1.5759,1.9632,0.18915,1.7112,2.228,0.087499,1.4745,1.9202,0.0779,1.4768,1.9622,0.22398,0.060693,1.976,-0.056343,0.060394,2.2536,0.22656,0.060627,2.2138,-0.053844,0.058874
2.0472,0.25271,1.7548,2.0451,0.13879,1.7591,2.1909,0.18349,1.5758,1.9299,0.17637,1.5759,1.9632,0.18908,1.7112,2.228,0.087534,1.4745,1.9202,0.077879,1.4768,1.9622,0.22396,0.060706,1.976,-0.056358,0.060415,2.2536,0.22655,0.060625,2.2138,-0.053833,0.058847
2.0472,0.25263,1.7548,2.0452,0.1387,1.7591,2.1908,0.18352,1.5758,1.9298,0.17629,1.576,1.9632,0.18905,1.7112,2.228,0.087539,1.4745,1.9202,0.077873,1.4768,1.9622,0.22399,0.060653,1.976,-0.056346,0.060409,2.2536,0.22652,0.060617,2.2138,-0.053833,0.058863
2.0472,0.25257,1.7549,2.0452,0.13867,1.7591,2.1909,0.18349,1.5758,1.9299,0.17622,1.576,1.9632,0.18898,1.7112,2.228,0.087554,1.4745,1.9203,0.07785,1.4769,1.9622,0.224,0.060676,1.976,-0.056346,0.06041,2.2536,0.22653,0.060588,2.2138,-0.053828,0.058857
2.0472,0.2525,1.7549,2.0452,0.1386,1.7591,2.1909,0.18347,1.5758,1.9299,0.1762,1.576,1.9632,0.18891,1.7112,2.2281,0.087576,1.4745,1.9203,0.077848,1.4769,1.9622,0.22399,0.060682,1.976,-0.056343,0.060402,2.2536,0.22655,0.060625,2.2138,-0.053856,0.058894
2.0473,0.25243,1.7549,2.0453,0.13855,1.7591,2.1909,0.18349,1.5758,1.9299,0.17616,1.5761,1.9633,0.18886,1.7112,2.2281,0.087572,1.4745,1.9203,0.077833,1.4769,1.9622,0.22398,0.060685,1.976,-0.056363,0.060429,2.2537,0.22652,0.060638,2.2138,-0.053865,0.058917
2.0473,0.25237,1.755,2.0453,0.1385,1.7591,2.191,0.18345,1.5758,1.93,0.17615,1.5761,1.9633,0.1888,1.7113,2.2281,0.08757,1.4745,1.9203,0.077841,1.4769,1.9622,0.22396,0.060694,1.976,-0.056357,0.060425,2.2537,0.22651,0.060625,2.2138,-0.053855,0.058901
2.0473,0.25233,1.755,2.0454,0.13846,1.7591,2.191,0.18348,1.5758,1.93,0.17614,1.5761,1.9633,0.18877,1.7113,2.2282,0.087586,1.4745,1.9204,0.077858,1.4769,1.9622,0.22398,0.060653,1.976,-0.056354,0.06042,2.2537,0.22656,0.060637,2.2138,-0.053834,0.058889
2.0474,0.25229,1.7551,2.0454,0.13839,1.7591,2.1911,0.18343,1.5758,1.93,0.17615,1.5762,1.9634,0.1887,1.7113,2.2282,0.087582,1.4745,1.9204,0.077867,1.4769,1.9622,0.22398,0.060673,1.976,-0.056354,0.060425,2.2536,0.22653,0.060612,2.2138,-0.05384,0.058864
2.0475,0.25225,1.7551,2.0455,0.13841,1.7591,2.1911,0.18341,1.5759,1.9301,0.17613,1.5762,1.9635,0.18873,1.7113,2.2283,0.087555,1.4745,1.9204,0.07788,1.477,1.9622,0.224,0.060651,1.976,-0.056341,0.060427,2.2537,0.22654,0.060596,2.2138,-0.05385,0.058888
2.0476,0.25221,1.7551,2.0456,0.13837,1.7591,2.1912,0.18341,1.5759,1.9301,0.17615,1.5762,1.9636,0.18869,1.7114,2.2283,0.087545,1.4745,1.9205,0.077885,1.477,1.9622,0.224,0.060645,1.976,-0.056343,0.060412,2.2537,0.22651,0.060629,2.2138,-0.053852,0.058911
2.0476,0.25219,1.7551,2.0457,0.13834,1.7591,2.1912,0.18339,1.5758,1.9302,0.17617,1.5762,1.9636,0.18867,1.7114,2.2283,0.087527,1.4745,1.9205,0.077925,1.477,1.9622,0.224,0.060638,1.976,-0.056345,0.0604,2.2537,0.22652,0.060606,2.2138,-0.053849,0.058897
2.0477,0.25217,1.7551,2.0457,0.13831,1.7591,2.1913,0.18337,1.5758,1.9302,0.1762,1.5762,1.9637,0.18867,1.7114,2.2283,0.08752,1.4744,1.9205,0.077938,1.477,1.9622,0.22398,0.06066,1.976,-0.056364,0.060459,2.2537,0.22652,0.060611,2.2138,-0.053863,0.058903
2.0478,0.25217,1.7551,2.0458,0.13827,1.7591,2.1914,0.18333,1.5759,1.9303,0.17624,1.5763,1.9638,0.18869,1.7114,2.2284,0.087497,1.4744,1.9205,0.077991,1.477,1.9622,0.22398,0.060675,1.976,-0.05635,0.06045,2.2537,0.22653,0.060601,2.2138,-0.053844,0.058889
2.0479,0.25216,1.7552,2.0459,0.13831,1.7591,2.1914,0.18332,1.5758,1.9304,0.17625,1.5763,1.9639,0.18871,1.7114,2.2284,0.087444,1.4744,1.9206,0.078031,1.477,1.9622,0.224,0.060644,1.976,-0.056352,0.060469,2.2537,0.22653,0.060649,2.2138,-0.053853,0.058886
2.048,0.25215,1.7552,2.0459,0.13828,1.7591,2.1915,0.18325,1.5758,1.9304,0.17631,1.5763,1.9639,0.18874,1.7115,2.2285,0.087405,1.4744,1.9206,0.078074,1.477,1.9622,0.22399,0.060666,1.976,-0.05635,0.06048,2.2537,0.22655,0.060603,2.2138,-0.053854,0.058912
2.0481,0.25216,1.7552,2.046,0.13829,1.7591,2.1916,0.18321,1.5758,1.9305,0.17635,1.5763,1.964,0.18877,1.7115,2.2285,0.087349,1.4744,1.9206,0.07812,1.477,1.9622,0.224,0.060647,1.976,-0.056343,0.06047,2.2537,0.22653,0.06063,2.2138,-0.053836,0.058886
2.0482,0.25218,1.7552,2.0461,0.13826,1.7591,2.1917,0.18312,1.5758,1.9306,0.17638,1.5764,1.9641,0.18883,1.7115,2.2285,0.087299,1.4744,1.9206,0.078159,1.477,1.9622,0.22401,0.060654,1.976,-0.056326,0.060465,2.2537,0.22656,0.060554,2.2138,-0.053841,0.058915
2.0483,0.2522,1.7552,2.0462,0.13827,1.7591,2.1918,0.1831,1.5758,1.9306,0.1764,1.5764,1.9642,0.18888,1.7115,2.2286,0.087234,1.4744,1.9207,0.078208,1.477,1.9622,0.22401,0.060624,1.976,-0.056329,0.060472,2.2537,0.22656,0.06058,2.2138,-0.053841,0.058935
2.0484,0.25221,1.7552,2.0465,0.13809,1.7584,2.1919,0.18304,1.5758,1.9307,0.17647,1.5764,1.9643,0.18891,1.7115,2.2286,0.087161,1.4743,1.9207,0.078253,1.477,1.9622,0.22402,0.060634,1.976,-0.056343,0.060509,2.2537,0.22656,0.060605,2.2137,-0.053831,0.058941
2.0486,0.25223,1.7552,2.0465,0.13809,1.7584,2.1919,0.18302,1.5758,1.9308,0.17651,1.5764,1.9644,0.18898,1.7115,2.2286,0.087097,1.4743,1.9207,0.0783,1.477,1.9622,0.22404,0.060621,1.976,-0.056333,0.060512,2.2537,0.22656,0.060592,2.2138,-0.053826,0.058941
2.0487,0.25227,1.7552,2.0466,0.13812,1.7584,2.192,0.18298,1.5758,1.9308,0.17656,1.5764,1.9645,0.18902,1.7115,2.2287,0.087005,1.4743,1.9207,0.078346,1.477,1.9622,0.22405,0.060628,1.976,-0.056331,0.060553,2.2537,0.22654,0.060592,2.2138,-0.053839,0.058967
2.0488,0.25228,1.7552,2.0467,0.13814,1.7584,2.1921,0.18287,1.5758,1.9309,0.1766,1.5764,1.9645,0.18909,1.7115,2.2287,0.086936,1.4743,1.9208,0.078388,1.477,1.9622,0.22402,0.060638,1.976,-0.056333,0.060581,2.2537,0.22655,0.060565,2.2138,-0.053821,0.058945
2.0489,0.25229,1.7552,2.0468,0.13815,1.7584,2.1921,0.18284,1.5758,1.9309,0.17663,1.5765,1.9647,0.18915,1.7115,2.2287,0.086843,1.4743,1.9208,0.078414,1.477,1.9622,0.22402,0.060622,1.976,-0.056309,0.060551,2.2537,0.22656,0.060567,2.2137,-0.05383,0.058973
2.0491,0.25227,1.7552,2.0468,0.13816,1.7584,2.1922,0.18274,1.5758,1.931,0.17671,1.5765,1.9647,0.18921,1.7115,2.2287,0.086764,1.4743,1.9208,0.078447,1.4771,1.9622,0.22404,0.060606,1.976,-0.056311,0.060567,2.2537,0.22656,0.06057,2.2137,-0.053813,0.058952
2.0492,0.25227,1.7552,2.0469,0.13815,1.7584,2.1923,0.18266,1.5758,1.9311,0.17673,1.5765,1.9649,0.18925,1.7115,2.2288,0.086657,1.4743,1.9208,0.078485,1.4771,1.9622,0.22408,0.060585,1.976,-0.056294,0.060565,2.2537,0.22656,0.060562,2.2138,-0.053798,0.058955
2.0493,0.25223,1.7553,2.047,0.13814,1.7584,2.1924,0.18255,1.5758,1.9311,0.17678,1.5765,1.965,0.1893,1.7116,2.2288,0.086576,1.4742,1.9208,0.078498,1.4771,1.9622,0.22402,0.060628,1.976,-0.056302,0.060606,2.2537,0.22658,0.060562,2.2137,-0.053817,0.058995
2.0495,0.25222,1.7553,2.0471,0.13812,1.7585,2.1925,0.18246,1.5758,1.9312,0.1768,1.5766,1.965,0.18932,1.7116,2.2288,0.086473,1.4742,1.9209,0.078507,1.4771,1.9622,0.22403,0.060625,1.976,-0.056313,0.060641,2.2537,0.22659,0.06056,2.2137,-0.053808,0.05899
2.0496,0.2522,1.7553,2.0471,0.13811,1.7585,2.1926,0.18234,1.5758,1.9313,0.17684,1.5766,1.9652,0.18936,1.7116,2.2288,0.086371,1.4742,1.9209,0.07853,1.4771,1.9622,0.22406,0.060592,1.976,-0.056306,0.060645,2.2537,0.22657,0.060578,2.2137,-0.053805,0.058979
2.0498,0.25215,1.7553,2.0472,0.13808,1.7585,2.1927,0.18226,1.5758,1.9314,0.17685,1.5766,1.9653,0.18935,1.7116,2.2288,0.086266,1.4742,1.9209,0.078538,1.4771,1.9622,0.22406,0.060578,1.976,-0.056305,0.060644,2.2537,0.22658,0.060561,2.2138,-0.0538,0.05898
2.0499,0.25211,1.7553,2.0473,0.13803,1.7585,2.1927,0.18218,1.5757,1.9314,0.17684,1.5766,1.9654,0.18934,1.7116,2.2289,0.086177,1.4741,1.9209,0.078522,1.4771,1.9622,0.22405,0.060612,1.976,-0.05629,0.060637,2.2537,0.22657,0.060525,2.2138,-0.053796,0.058952
2.05,0.25206,1.7553,2.0474,0.138,1.7585,2.1928,0.18206,1.5757,1.9315,0.17687,1.5767,1.9655,0.18931,1.7117,2.2289,0.086061,1.4741,1.9209,0.078484,1.4771,1.9622,0.22406,0.060597,1.976,-0.056284,0.060648,2.2537,0.22658,0.060551,2.2137,-0.053816,0.059001
2.0501,0.25198,1.7553,2.0475,0.13792,1.7585,2.1929,0.18199,1.5757,1.9316,0.17682,1.5767,1.9656,0.18927,1.7117,2.2289,0.085936,1.4741,1.9209,0.078484,1.4771,1.9622,0.22407,0.060584,1.976,-0.0563,0.060674,2.2537,0.22657,0.06057,2.2137,-0.053801,0.058986
2.0502,0.25192,1.7553,2.0476,0.13788,1.7585,2.193,0.18189,1.5757,1.9316,0.17683,1.5767,1.9657,0.18923,1.7117,2.2289,0.085833,1.474,1.921,0.078454,1.4771,1.9622,0.22405,0.060582,1.976,-0.056303,0.060695,2.2537,0.2266,0.060571,2.2137,-0.053798,0.058991
2.0503,0.25185,1.7554,2.0477,0.13779,1.7585,2.193,0.18184,1.5757,1.9317,0.1768,1.5768,1.9658,0.18918,1.7117,2.229,0.085713,1.474,1.921,0.078424,1.4771,1.9622,0.22407,0.06058,1.976,-0.056285,0.060675,2.2537,0.22658,0.060558,2.2138,-0.05378,0.058971
2.0504,0.25177,1.7554,2.0478,0.1377,1.7585,2.1931,0.18174,1.5757,1.9317,0.17677,1.5768,1.9658,0.18912,1.7118,2.229,0.085593,1.4739,1.921,0.078377,1.4771,1.9622,0.22405,0.060595,1.976,-0.056286,0.060669,2.2537,0.22659,0.060563,2.2137,-0.053804,0.059
2.0505,0.25168,1.7554,2.0478,0.13763,1.7585,2.1932,0.18164,1.5757,1.9318,0.17675,1.5768,1.9659,0.18902,1.7118,2.229,0.085479,1.4739,1.9211,0.078309,1.4771,1.9622,0.22407,0.060604,1.976,-0.056286,0.060661,2.2537,0.22657,0.060558,2.2137,-0.053812,0.059022
2.0506,0.25158,1.7555,2.0479,0.13754,1.7585,2.1932,0.18159,1.5757,1.9318,0.17671,1.5769,1.966,0.18896,1.7119,2.229,0.085355,1.4738,1.9211,0.078268,1.477,1.9622,0.22407,0.060586,1.976,-0.056305,0.060697,2.2537,0.22657,0.06056,2.2137,-0.05381,0.059022
2.0507,0.25149,1.7555,2.048,0.13747,1.7585,2.1933,0.18152,1.5757,1.9319,0.17668,1.5769,1.9661,0.18887,1.7119,2.2291,0.08523,1.4737,1.9211,0.078226,1.477,1.9622,0.22407,0.060584,1.976,-0.056311,0.060684,2.2537,0.22658,0.060568,2.2137,-0.053794,0.058984
2.0508,0.25138,1.7556,2.048,0.13736,1.7586,2.1933,0.18149,1.5757,1.9319,0.17662,1.577,1.9661,0.1888,1.712,2.2291,0.085114,1.4737,1.9212,0.078142,1.477,1.9622,0.22405,0.060596,1.976,-0.056281,0.060668,2.2537,0.22658,0.060551,2.2137,-0.053794,0.058984
2.0508,0.2513,1.7556,2.0481,0.13727,1.7586,2.1934,0.18141,1.5757,1.932,0.17659,1.577,1.9662,0.1887,1.712,2.2291,0.084985,1.4736,1.9212,0.078077,1.477,1.9622,0.22407,0.06057,1.976,-0.056287,0.060644,2.2537,0.22658,0.060564,2.2137,-0.053811,0.059012
2.0509,0.2512,1.7557,2.0481,0.13716,1.7586,2.1934,0.18137,1.5757,1.932,0.17654,1.5771,1.9662,0.18862,1.712,2.2291,0.084861,1.4735,1.9212,0.077979,1.4769,1.9622,0.22405,0.060615,1.976,-0.05631,0.060679,2.2537,0.22659,0.060555,2.2137,-0.053809,0.059018
2.0508,0.25068,1.7562,2.0482,0.13707,1.7586,2.1935,0.18132,1.5758,1.9321,0.1765,1.5771,1.9663,0.18852,1.7121,2.2292,0.084726,1.4734,1.9212,0.077901,1.4769,1.9622,0.22406,0.060594,1.976,-0.056308,0.060683,2.2537,0.22658,0.060582,2.2137,-0.053818,0.059025
2.0508,0.25059,1.7563,2.0482,0.13697,1.7586,2.1935,0.18132,1.5759,1.9321,0.17644,1.5771,1.9663,0.18842,1.7121,2.2292,0.084614,1.4733,1.9213,0.077813,1.4769,1.9622,0.22406,0.060592,1.976,-0.056298,0.060674,2.2537,0.22659,0.060571,2.2137,-0.053801,0.059004
2.0508,0.25051,1.7563,2.0481,0.13706,1.7594,2.1934,0.18141,1.5759,1.9322,0.17639,1.5772,1.9663,0.18832,1.7122,2.2293,0.084485,1.4733,1.9213,0.077715,1.4769,1.9622,0.22406,0.060589,1.976,-0.056292,0.060662,2.2537,0.22659,0.060545,2.2137,-0.053778,0.058965
2.0508,0.2504,1.7564,2.0481,0.13698,1.7594,2.1935,0.18133,1.576,1.9322,0.17635,1.5772,1.9664,0.18822,1.7122,2.2293,0.08432,1.4732,1.9214,0.077626,1.4768,1.9622,0.22404,0.060623,1.976,-0.056292,0.060661,2.2537,0.22659,0.060534,2.2137,-0.053804,0.058993
2.0509,0.25027,1.7565,2.0481,0.13686,1.7595,2.1935,0.18141,1.576,1.9323,0.17629,1.5773,1.9664,0.18811,1.7123,2.2294,0.08418,1.4731,1.9214,0.077516,1.4768,1.9622,0.22405,0.060598,1.976,-0.056297,0.060675,2.2537,0.22657,0.060552,2.2137,-0.05378,0.05897
2.0509,0.25015,1.7566,2.0481,0.13622,1.76,2.1935,0.18141,1.5761,1.9324,0.17627,1.5773,1.9664,0.188,1.7124,2.2294,0.084039,1.473,1.9214,0.07739,1.4767,1.9622,0.22404,0.060617,1.976,-0.05629,0.060661,2.2537,0.22656,0.060579,2.2137,-0.05382,0.059028
2.0509,0.25005,1.7567,2.0482,0.13611,1.76,2.1937,0.18133,1.5762,1.9324,0.17623,1.5774,1.9664,0.18791,1.7124,2.2294,0.083927,1.4729,1.9215,0.077271,1.4766,1.9622,0.22403,0.060624,1.976,-0.056286,0.060637,2.2537,0.22657,0.060559,2.2137,-0.05379,0.058972
2.051,0.24992,1.7568,2.0483,0.136,1.7601,2.1937,0.18138,1.5762,1.9325,0.17619,1.5775,1.9665,0.18779,1.7125,2.2294,0.083802,1.4728,1.9215,0.077153,1.4765,1.9622,0.22406,0.060627,1.976,-0.056276,0.060634,2.2537,0.2266,0.060579,2.2137,-0.053795,0.058968
2.0511,0.24981,1.7569,2.0483,0.13591,1.7601,2.1937,0.1814,1.5762,1.9325,0.17616,1.5775,1.9665,0.18771,1.7126,2.2294,0.083702,1.4727,1.9215,0.077018,1.4765,1.9622,0.22405,0.060585,1.976,-0.056309,0.060659,2.2537,0.22659,0.060544,2.2137,-0.053797,0.058959
2.0511,0.24969,1.757,2.0484,0.13578,1.7601,2.1938,0.18137,1.5763,1.9325,0.17609,1.5776,1.9666,0.18761,1.7127,2.2294,0.083625,1.4726,1.9216,0.076886,1.4763,1.9622,0.22402,0.060634,1.976,-0.056306,0.060659,2.2537,0.22658,0.060564,2.2137,-0.0538,0.058948
2.0512,0.24956,1.7571,2.0485,0.13568,1.7602,2.1939,0.18137,1.5763,1.9326,0.17609,1.5777,1.9667,0.18752,1.7127,2.2295,0.083498,1.4725,1.9216,0.076753,1.4762,1.9622,0.22405,0.060605,1.976,-0.056299,0.060628,2.2537,0.22658,0.060595,2.2137,-0.05383,0.058987
2.0513,0.2495,1.7571,2.0486,0.13561,1.7602,2.1939,0.18138,1.5763,1.9327,0.17606,1.5778,1.9668,0.18746,1.7128,2.2294,0.083411,1.4724,1.9216,0.076619,1.4761,1.9622,0.22403,0.060603,1.976,-0.056305,0.060616,2.2537,0.22658,0.060554,2.2137,-0.053808,0.058961
2.0514,0.24943,1.7572,2.0487,0.13555,1.7602,2.194,0.1814,1.5763,1.9327,0.17606,1.5778,1.9669,0.18742,1.7128,2.2294,0.083335,1.4723,1.9216,0.076465,1.476,1.9622,0.22404,0.060606,1.976,-0.056296,0.0606,2.2537,0.2266,0.060566,2.2137,-0.053802,0.058936
2.0515,0.24939,1.7572,2.0489,0.13547,1.7602,2.194,0.18142,1.5763,1.9327,0.17606,1.5779,1.9669,0.18739,1.7129,2.2294,0.083253,1.4722,1.9216,0.07631,1.4758,1.9622,0.22403,0.060602,1.976,-0.056299,0.060564,2.2537,0.22656,0.060556,2.2137,-0.053811,0.058944
2.0516,0.24934,1.7573,2.049,0.1354,1.7602,2.1941,0.18141,1.5762,1.9328,0.17607,1.578,1.967,0.18734,1.713,2.2294,0.08318,1.4721,1.9216,0.076168,1.4757,1.9622,0.22402,0.060626,1.976,-0.0563,0.06056,2.2537,0.22655,0.060604,2.2137,-0.053812,0.058928
2.0518,0.24929,1.7573,2.0491,0.13536,1.7602,2.1941,0.18142,1.5761,1.9328,0.17611,1.5781,1.9671,0.1873,1.713,2.2294,0.083138,1.472,1.9216,0.076047,1.4756,1.9622,0.22402,0.060609,1.976,-0.056329,0.060587,2.2537,0.22653,0.060601,2.2137,-0.053814,0.058912
2.0519,0.24927,1.7574,2.0492,0.13534,1.7602,2.1941,0.1814,1.5761,1.9329,0.17611,1.5782,1.9672,0.1873,1.7131,2.2294,0.083083,1.4719,1.9216,0.075928,1.4755,1.9622,0.22401,0.060633,1.976,-0.056311,0.060537,2.2537,0.22657,0.060594,2.2137,-0.053836,0.058936
2.052,0.24927,1.7574,2.0493,0.13533,1.7602,2.1941,0.18143,1.576,1.9329,0.17617,1.5782,1.9673,0.18729,1.7132,2.2294,0.083053,1.4718,1.9216,0.075814,1.4754,1.9622,0.22399,0.060643,1.976,-0.056318,0.060522,2.2537,0.22654,0.060586,2.2137,-0.053809,0.058899
2.0521,0.24929,1.7574,2.0494,0.13532,1.7603,2.1942,0.1814,1.576,1.9329,0.17628,1.5782,1.9674,0.1873,1.7132,2.2294,0.083027,1.4718,1.9216,0.075718,1.4753,1.9622,0.22398,0.060647,1.976,-0.05631,0.060485,2.2537,0.22655,0.060592,2.2138,-0.053808,0.058876
2.0522,0.24932,1.7574,2.0495,0.13532,1.7603,2.1942,0.18141,1.576,1.933,0.17625,1.5783,1.9675,0.18731,1.7132,2.2294,0.083037,1.4717,1.9215,0.075604,1.4753,1.9622,0.22399,0.060634,1.976,-0.056331,0.060479,2.2537,0.22655,0.060579,2.2137,-0.053824,0.058894
2.0523,0.24934,1.7575,2.0496,0.13532,1.7603,2.1943,0.1814,1.576,1.933,0.17637,1.5783,1.9676,0.18734,1.7133,2.2293,0.083027,1.4716,1.9215,0.075503,1.4752,1.9622,0.22396,0.060658,1.9759,-0.056333,0.060487,2.2537,0.22656,0.060589,2.2138,-0.053833,0.0589
2.0524,0.24938,1.7575,2.0498,0.13529,1.7595,2.1943,0.18142,1.5761,1.933,0.17638,1.5783,1.9676,0.18737,1.7133,2.2293,0.083004,1.4716,1.9215,0.075391,1.4752,1.9622,0.22397,0.060653,1.9759,-0.056337,0.060474,2.2537,0.22654,0.060606,2.2138,-0.053828,0.058885
2.0525,0.24942,1.7575,2.0499,0.13532,1.7596,2.1944,0.18144,1.5761,1.933,0.17642,1.5784,1.9677,0.18743,1.7134,2.2293,0.082978,1.4715,1.9215,0.075287,1.4751,1.9622,0.22396,0.060643,1.9759,-0.056326,0.060464,2.2537,0.22656,0.060584,2.2138,-0.053822,0.058868
2.0526,0.24947,1.7575,2.05,0.13536,1.7596,2.1944,0.18147,1.5761,1.9331,0.17647,1.5785,1.9678,0.18747,1.7135,2.2293,0.082954,1.4714,1.9215,0.075185,1.4751,1.9622,0.22395,0.060666,1.9759,-0.05634,0.060467,2.2537,0.22654,0.060615,2.2138,-0.053835,0.05889
2.0526,0.24953,1.7576,2.0501,0.1354,1.7597,2.1945,0.18148,1.5761,1.9331,0.1766,1.5786,1.9679,0.18753,1.7136,2.2293,0.082911,1.4713,1.9214,0.075058,1.475,1.9622,0.22396,0.060686,1.9759,-0.056341,0.060475,2.2537,0.22658,0.060604,2.2138,-0.05384,0.058877
2.0528,0.24957,1.7576,2.0502,0.13544,1.7597,2.1945,0.1815,1.5761,1.9331,0.17661,1.5787,1.968,0.18756,1.7137,2.2293,0.082848,1.4713,1.9214,0.074921,1.475,1.9622,0.22396,0.06067,1.9759,-0.056353,0.060455,2.2537,0.22653,0.060609,2.2138,-0.053847,0.058899
2.0529,0.24962,1.7576,2.0503,0.13544,1.7598,2.1946,0.18155,1.576,1.9332,0.17667,1.5788,1.968,0.18765,1.7137,2.2293,0.082834,1.4712,1.9214,0.074797,1.4749,1.9622,0.22395,0.06068,1.9759,-0.056345,0.060441,2.2537,0.22655,0.06063,2.2138,-0.05384,0.058891
2.0531,0.24991,1.7574,2.0504,0.13548,1.7598,2.1946,0.18163,1.576,1.9332,0.17668,1.5789,1.9681,0.18768,1.7138,2.2293,0.082814,1.4712,1.9214,0.074662,1.4749,1.9622,0.22395,0.06068,1.9759,-0.056329,0.060401,2.2537,0.22656,0.060603,2.2138,-0.053829,0.058891
2.0532,0.24993,1.7574,2.0506,0.1355,1.7598,2.1947,0.18167,1.576,1.9332,0.17669,1.579,1.9682,0.18772,1.7139,2.2293,0.082797,1.4711,1.9214,0.074537,1.4748,1.9622,0.22394,0.060692,1.9759,-0.056344,0.060403,2.2537,0.22657,0.060588,2.2138,-0.053828,0.058866
2.0533,0.24997,1.7575,2.0507,0.13552,1.7599,2.1947,0.18177,1.5759,1.9333,0.17663,1.5791,1.9683,0.1877,1.714,2.2292,0.082779,1.471,1.9214,0.07439,1.4747,1.9622,0.22393,0.060693,1.9759,-0.056354,0.060401,2.2537,0.22655,0.060603,2.2137,-0.053841,0.058884
2.0535,0.25,1.7575,2.0509,0.13555,1.7599,2.1947,0.18185,1.5759,1.9332,0.17669,1.5792,1.9684,0.18771,1.7141,2.2292,0.082738,1.471,1.9213,0.074235,1.4747,1.9622,0.2239,0.060736,1.9759,-0.056366,0.060396,2.2537,0.22654,0.060625,2.2138,-0.053845,0.058887
2.0536,0.25001,1.7575,2.051,0.13557,1.7599,2.1948,0.18188,1.5758,1.9333,0.17671,1.5793,1.9685,0.18772,1.7142,2.2292,0.082718,1.4709,1.9213,0.07409,1.4746,1.9622,0.22392,0.060701,1.9759,-0.056371,0.06039,2.2537,0.22652,0.060616,2.2138,-0.053852,0.058882
2.0536,0.25004,1.7576,2.0511,0.1356,1.76,2.1948,0.18197,1.5758,1.9333,0.17672,1.5793,1.9686,0.18773,1.7142,2.2292,0.082672,1.4708,1.9213,0.073948,1.4745,1.9622,0.22393,0.060691,1.9759,-0.056357,0.060356,2.2537,0.22653,0.060611,2.2138,-0.053836,0.058861
2.0537,0.25006,1.7576,2.0512,0.13563,1.76,2.1948,0.18201,1.5758,1.9333,0.17674,1.5794,1.9687,0.18776,1.7143,2.2292,0.08263,1.4708,1.9212,0.073844,1.4743,1.9622,0.22391,0.060706,1.9759,-0.056377,0.060368,2.2537,0.22654,0.0606,2.2138,-0.05385,0.05886
2.0538,0.25009,1.7576,2.0513,0.13566,1.76,2.1948,0.18205,1.5757,1.9333,0.17682,1.5794,1.9688,0.18777,1.7143,2.2292,0.082575,1.4707,1.9212,0.073698,1.4742,1.9621,0.22387,0.06076,1.9759,-0.056363,0.06033,2.2537,0.22654,0.060589,2.2138,-0.053838,0.058846
2.0539,0.2501,1.7576,2.0514,0.13569,1.76,2.1948,0.1821,1.5757,1.9333,0.17685,1.5795,1.9688,0.18779,1.7144,2.2292,0.082516,1.4706,1.9212,0.073539,1.4741,1.9622,0.22385,0.060743,1.9759,-0.05638,0.060341,2.2536,0.22653,0.060601,2.2138,-0.053825,0.058834
2.054,0.25014,1.7576,2.0515,0.13572,1.76,2.1949,0.1821,1.5757,1.9334,0.1769,1.5796,1.9689,0.18782,1.7144,2.2292,0.082451,1.4706,1.9212,0.073388,1.474,1.9621,0.22389,0.060722,1.9759,-0.056377,0.060325,2.2537,0.22655,0.060594,2.2138,-0.053853,0.058858
2.0541,0.25017,1.7577,2.0515,0.13573,1.76,2.1949,0.18214,1.5756,1.9334,0.17694,1.5796,1.9689,0.18788,1.7145,2.2292,0.082395,1.4705,1.9212,0.073249,1.4739,1.9621,0.22388,0.060729,1.9759,-0.056377,0.060314,2.2537,0.22655,0.060617,2.2138,-0.053851,0.058835
2.0541,0.25017,1.7577,2.0515,0.13574,1.76,2.1949,0.18216,1.5756,1.9334,0.177,1.5796,1.969,0.18793,1.7145,2.2293,0.082327,1.4704,1.9212,0.073103,1.4738,1.9622,0.22389,0.060722,1.9759,-0.056391,0.060319,2.2537,0.22654,0.060602,2.2138,-0.053862,0.058836
2.0541,0.25018,1.7577,2.0515,0.13576,1.7601,2.1949,0.18211,1.5756,1.9334,0.17703,1.5797,1.969,0.18793,1.7145,2.2293,0.08227,1.4703,1.9212,0.072979,1.4737,1.9621,0.22389,0.060733,1.9759,-0.056391,0.060298,2.2536,0.22652,0.060618,2.2138,-0.053862,0.058847
2.0542,0.25018,1.7577,2.0513,0.13583,1.7609,2.195,0.18211,1.5757,1.9334,0.17712,1.5797,1.969,0.18798,1.7145,2.2293,0.08223,1.4702,1.9212,0.072861,1.4736,1.9621,0.22385,0.060769,1.9759,-0.056387,0.060303,2.2537,0.22651,0.060628,2.2138,-0.053854,0.058825
2.0542,0.25022,1.7577,2.0513,0.13585,1.7609,2.195,0.18209,1.5757,1.9334,0.17711,1.5796,1.969,0.18802,1.7145,2.2293,0.082203,1.4701,1.9212,0.072763,1.4735,1.9622,0.22387,0.06075,1.9759,-0.056383,0.060296,2.2537,0.22653,0.060635,2.2138,-0.05385,0.058805
2.0542,0.2502,1.7578,2.0513,0.13588,1.7609,2.195,0.18209,1.5757,1.9334,0.17719,1.5797,1.969,0.18806,1.7145,2.2294,0.082138,1.4701,1.9213,0.072655,1.4735,1.9621,0.22387,0.060747,1.9759,-0.056381,0.06029,2.2537,0.22653,0.060623,2.2138,-0.053847,0.058806
2.0542,0.25021,1.7578,2.0512,0.13589,1.7609,2.195,0.18207,1.5758,1.9334,0.17718,1.5797,1.969,0.18808,1.7145,2.2294,0.082115,1.47,1.9213,0.072572,1.4734,1.9621,0.22385,0.060772,1.9759,-0.056383,0.060289,2.2537,0.22652,0.060645,2.2138,-0.053854,0.058819
2.0542,0.25023,1.7578,2.0512,0.13589,1.7609,2.195,0.18209,1.5758,1.9334,0.17725,1.5797,1.969,0.1881,1.7145,2.2294,0.082094,1.47,1.9213,0.07247,1.4734,1.9621,0.22385,0.060781,1.9759,-0.05638,0.060278,2.2536,0.22652,0.060628,2.2138,-0.053871,0.058845
2.0542,0.25021,1.7578,2.0512,0.13591,1.7609,2.195,0.18207,1.5758,1.9334,0.17728,1.5797,1.969,0.18809,1.7145,2.2294,0.082076,1.4699,1.9213,0.072397,1.4733,1.9621,0.22387,0.060744,1.9759,-0.056379,0.06027,2.2536,0.22652,0.060609,2.2138,-0.053858,0.058812
2.0541,0.25023,1.7578,2.0512,0.1359,1.7609,2.195,0.18212,1.5759,1.9334,0.17722,1.5797,1.969,0.18808,1.7145,2.2295,0.082059,1.4699,1.9213,0.072331,1.4733,1.9621,0.22385,0.060766,1.9759,-0.056396,0.06031,2.2537,0.22652,0.060634,2.2138,-0.053843,0.058798
2.0541,0.25023,1.7579,2.0511,0.1359,1.761,2.195,0.18212,1.5759,1.9334,0.17728,1.5797,1.9689,0.18809,1.7146,2.2295,0.082043,1.4699,1.9213,0.072293,1.4732,1.9621,0.22384,0.06077,1.9759,-0.056395,0.060301,2.2536,0.22654,0.060655,2.2138,-0.053844,0.05881
2.0541,0.25022,1.7579,2.0511,0.13589,1.761,2.195,0.18217,1.5759,1.9334,0.17727,1.5797,1.9689,0.18807,1.7146,2.2296,0.082051,1.4699,1.9213,0.072245,1.4732,1.9621,0.22385,0.060783,1.9759,-0.056403,0.060292,2.2536,0.22654,0.060622,2.2138,-0.053849,0.058802
2.054,0.2502,1.7579,2.0511,0.13585,1.761,2.195,0.18225,1.576,1.9334,0.17726,1.5797,1.9689,0.18803,1.7146,2.2296,0.082054,1.4699,1.9213,0.072216,1.4732,1.9621,0.22384,0.060783,1.9759,-0.056384,0.060262,2.2536,0.22653,0.06064,2.2138,-0.053845,0.058798
2.054,0.25017,1.758,2.0513,0.13578,1.7602,2.195,0.18229,1.576,1.9335,0.17725,1.5797,1.9689,0.18802,1.7146,2.2296,0.082064,1.4698,1.9213,0.072202,1.4731,1.9621,0.22384,0.060774,1.9759,-0.056397,0.060294,2.2536,0.22653,0.060622,2.2138,-0.053844,0.058801
2.054,0.25016,1.758,2.0513,0.13577,1.7602,2.195,0.18235,1.576,1.9335,0.17723,1.5797,1.9689,0.18798,1.7146,2.2296,0.082054,1.4698,1.9214,0.072171,1.4731,1.9621,0.22384,0.060768,1.9759,-0.056395,0.060302,2.2536,0.22651,0.060634,2.2138,-0.05386,0.058805
2.0539,0.25015,1.758,2.0513,0.13575,1.7602,2.1951,0.1824,1.576,1.9335,0.17723,1.5797,1.9688,0.18798,1.7146,2.2296,0.08209,1.4698,1.9214,0.072168,1.4731,1.9621,0.22385,0.060783,1.9759,-0.056395,0.060289,2.2536,0.22653,0.060635,2.2138,-0.05384,0.058787
2.0539,0.25015,1.758,2.0513,0.13574,1.7602,2.195,0.18248,1.576,1.9334,0.17722,1.5797,1.9689,0.18789,1.7146,2.2297,0.082097,1.4698,1.9214,0.07216,1.4731,1.9621,0.22386,0.060758,1.9759,-0.056379,0.060272,2.2536,0.22655,0.060623,2.2138,-0.05384,0.058798
2.0539,0.25016,1.7581,2.0513,0.13576,1.7602,2.195,0.18253,1.576,1.9334,0.1772,1.5797,1.9688,0.18792,1.7146,2.2297,0.082141,1.4698,1.9214,0.072161,1.473,1.9621,0.22384,0.060788,1.9759,-0.056379,0.060275,2.2536,0.22654,0.060629,2.2138,-0.053846,0.058813
2.0539,0.25018,1.7581,2.0513,0.13579,1.7601,2.195,0.18258,1.5761,1.9334,0.17726,1.5797,1.9688,0.18793,1.7146,2.2297,0.08218,1.4697,1.9214,0.072153,1.473,1.9621,0.2238,0.060821,1.9759,-0.056376,0.060269,2.2536,0.22651,0.060631,2.2138,-0.05386,0.058813
2.0538,0.25021,1.7581,2.0513,0.13581,1.7602,2.195,0.18273,1.576,1.9334,0.17726,1.5797,1.9688,0.18795,1.7146,2.2297,0.082233,1.4697,1.9214,0.072156,1.473,1.9621,0.22384,0.060801,1.9759,-0.056382,0.06028,2.2536,0.22655,0.060619,2.2138,-0.053846,0.058808
2.0538,0.25026,1.7581,2.0513,0.13586,1.7601,2.195,0.18278,1.576,1.9334,0.1773,1.5797,1.9688,0.18798,1.7146,2.2297,0.082268,1.4697,1.9214,0.072133,1.473,1.9621,0.22381,0.060834,1.9759,-0.056401,0.060303,2.2536,0.22654,0.060643,2.2138,-0.053844,0.058798
2.0538,0.25032,1.7581,2.0514,0.13589,1.7601,2.195,0.18286,1.576,1.9334,0.17727,1.5797,1.9688,0.18803,1.7146,2.2297,0.082304,1.4697,1.9214,0.072139,1.4729,1.9621,0.2238,0.060861,1.9759,-0.05637,0.060237,2.2536,0.22652,0.060643,2.2138,-0.053843,0.058808
2.0537,0.25039,1.7581,2.0513,0.13598,1.7601,2.1949,0.18296,1.576,1.9334,0.17734,1.5797,1.9687,0.18806,1.7146,2.2297,0.082357,1.4697,1.9214,0.072123,1.4729,1.9621,0.22378,0.060876,1.9759,-0.05639,0.060271,2.2536,0.22653,0.060631,2.2138,-0.053838,0.058789
2.0537,0.25044,1.7581,2.0513,0.13603,1.7601,2.195,0.18301,1.576,1.9333,0.17741,1.5797,1.9687,0.18811,1.7146,2.2297,0.082423,1.4697,1.9214,0.072112,1.4729,1.9621,0.22379,0.060835,1.9759,-0.056407,0.060271,2.2536,0.22656,0.060622,2.2138,-0.053859,0.058816
2.0537,0.25052,1.7581,2.0513,0.13611,1.7601,2.1949,0.18312,1.576,1.9333,0.17752,1.5797,1.9687,0.18818,1.7146,2.2297,0.082458,1.4696,1.9214,0.072102,1.4729,1.9621,0.22376,0.0609,1.9759,-0.056396,0.060266,2.2536,0.22652,0.060641,2.2138,-0.053864,0.058812
2.0536,0.2506,1.7581,2.051,0.13635,1.761,2.1949,0.18321,1.576,1.9333,0.17751,1.5797,1.9687,0.18826,1.7146,2.2297,0.082535,1.4697,1.9213,0.072096,1.4728,1.9621,0.22377,0.060883,1.9759,-0.056399,0.060256,2.2536,0.22654,0.060666,2.2138,-0.053854,0.058798
2.0536,0.2507,1.758,2.0509,0.13647,1.7609,2.1949,0.18331,1.576,1.9332,0.17757,1.5797,1.9686,0.18835,1.7146,2.2297,0.08259,1.4697,1.9213,0.072096,1.4728,1.9621,0.22374,0.060932,1.9759,-0.056401,0.060276,2.2536,0.22653,0.060629,2.2138,-0.053853,0.058805
2.0535,0.2508,1.758,2.0509,0.13656,1.7609,2.1948,0.18341,1.576,1.9332,0.17765,1.5796,1.9686,0.18846,1.7146,2.2297,0.082655,1.4696,1.9213,0.072085,1.4728,1.9621,0.22377,0.060898,1.9759,-0.056398,0.060261,2.2536,0.22653,0.060628,2.2138,-0.053852,0.058794
2.0535,0.25091,1.758,2.0509,0.13672,1.7609,2.1948,0.18352,1.576,1.9332,0.17775,1.5796,1.9685,0.18853,1.7145,2.2297,0.082702,1.4697,1.9213,0.072079,1.4728,1.9621,0.22371,0.060941,1.9759,-0.0564,0.060246,2.2536,0.22653,0.060643,2.2138,-0.053876,0.058818
2.0534,0.25104,1.758,2.0508,0.1368,1.7609,2.1947,0.18359,1.576,1.9332,0.17786,1.5796,1.9685,0.18864,1.7145,2.2297,0.082771,1.4697,1.9213,0.072051,1.4728,1.9621,0.22371,0.060934,1.9759,-0.056383,0.060217,2.2536,0.22652,0.060659,2.2138,-0.053861,0.058794
2.0534,0.25116,1.7579,2.0508,0.13694,1.7609,2.1947,0.18375,1.576,1.9331,0.17792,1.5796,1.9684,0.18873,1.7145,2.2297,0.082856,1.4696,1.9213,0.072043,1.4727,1.9621,0.22372,0.060943,1.9759,-0.056409,0.060259,2.2536,0.22652,0.060636,2.2138,-0.053852,0.058788
2.0533,0.25131,1.7579,2.0507,0.13706,1.761,2.1947,0.18381,1.576,1.9331,0.17795,1.5796,1.9684,0.18885,1.7145,2.2297,0.082935,1.4697,1.9213,0.072033,1.4727,1.9621,0.22372,0.06096,1.9758,-0.056402,0.06025,2.2536,0.22653,0.060633,2.2138,-0.053862,0.058806
2.0532,0.25143,1.7579,2.0507,0.13718,1.761,2.1946,0.18392,1.576,1.933,0.17804,1.5795,1.9683,0.18893,1.7144,2.2297,0.083014,1.4697,1.9213,0.072039,1.4727,1.962,0.22371,0.060941,1.9759,-0.056413,0.060262,2.2536,0.22652,0.060659,2.2138,-0.053853,0.058809
2.0532,0.25156,1.7579,2.0507,0.13734,1.7609,2.1946,0.18407,1.576,1.933,0.1781,1.5795,1.9683,0.18901,1.7144,2.2297,0.08309,1.4697,1.9213,0.072019,1.4727,1.962,0.2237,0.060956,1.9759,-0.056408,0.060236,2.2536,0.22652,0.060658,2.2138,-0.05384,0.058773
2.0531,0.25167,1.7578,2.0506,0.13742,1.7609,2.1945,0.18416,1.576,1.933,0.17819,1.5795,1.9682,0.18911,1.7144,2.2297,0.083167,1.4697,1.9213,0.072038,1.4727,1.9621,0.2237,0.060942,1.9758,-0.056393,0.060229,2.2536,0.22654,0.060637,2.2138,-0.053865,0.058802
2.053,0.2518,1.7578,2.0506,0.1375,1.761,2.1945,0.18427,1.576,1.9329,0.17823,1.5795,1.9682,0.18919,1.7144,2.2297,0.083249,1.4697,1.9213,0.072039,1.4727,1.9621,0.22373,0.060953,1.9759,-0.056415,0.060234,2.2536,0.22653,0.060659,2.2138,-0.053861,0.058781
2.0529,0.25193,1.7578,2.0506,0.13764,1.761,2.1945,0.18438,1.576,1.9329,0.17832,1.5795,1.9681,0.18929,1.7144,2.2297,0.083318,1.4697,1.9213,0.07203,1.4726,1.962,0.2237,0.060958,1.9758,-0.056411,0.060241,2.2536,0.22655,0.060653,2.2138,-0.053871,0.058794
2.0529,0.25203,1.7578,2.0505,0.13772,1.7609,2.1945,0.18446,1.5761,1.9329,0.17831,1.5794,1.9681,0.18937,1.7143,2.2297,0.083409,1.4697,1.9213,0.072064,1.4726,1.962,0.22372,0.060946,1.9759,-0.056402,0.060243,2.2536,0.22653,0.060636,2.2138,-0.053867,0.058811
2.0528,0.25212,1.7577,2.0505,0.13782,1.761,2.1944,0.18458,1.5761,1.9328,0.17845,1.5794,1.968,0.18946,1.7143,2.2297,0.083474,1.4697,1.9213,0.072093,1.4726,1.9621,0.22374,0.060893,1.9759,-0.056408,0.060256,2.2536,0.22653,0.06063,2.2138,-0.053859,0.058805
2.0526,0.2519,1.7581,2.0504,0.13794,1.7609,2.1944,0.1847,1.5761,1.9328,0.17843,1.5794,1.9679,0.18952,1.7143,2.2297,0.083546,1.4697,1.9213,0.072106,1.4726,1.962,0.22371,0.060916,1.9758,-0.056428,0.06028,2.2536,0.22651,0.060646,2.2138,-0.05386,0.058793
2.0525,0.252,1.758,2.0504,0.13805,1.7609,2.1944,0.18481,1.5761,1.9328,0.17847,1.5794,1.9679,0.1896,1.7142,2.2297,0.083569,1.4697,1.9214,0.072134,1.4726,1.9621,0.22373,0.060905,1.9759,-0.05641,0.06025,2.2536,0.22651,0.06065,2.2138,-0.053877,0.058802
2.0524,0.25211,1.758,2.0505,0.13804,1.7602,2.1943,0.18491,1.5761,1.9327,0.17851,1.5794,1.9678,0.18968,1.7142,2.2297,0.083492,1.4698,1.9214,0.072083,1.4726,1.962,0.22372,0.060899,1.9759,-0.056411,0.060247,2.2536,0.22652,0.060649,2.2139,-0.053853,0.058791
2.0523,0.25221,1.758,2.0503,0.13826,1.761,2.1943,0.18502,1.5761,1.9327,0.17851,1.5793,1.9678,0.18976,1.7142,2.2298,0.083584,1.4697,1.9215,0.072043,1.4726,1.9621,0.22374,0.060909,1.9759,-0.056398,0.060217,2.2536,0.22652,0.060644,2.2138,-0.053862,0.058805
2.0522,0.25232,1.758,2.0505,0.1382,1.7602,2.1943,0.18514,1.5761,1.9327,0.17856,1.5793,1.9677,0.18981,1.7142,2.2299,0.08389,1.4697,1.9215,0.072111,1.4726,1.9621,0.22374,0.060892,1.9759,-0.05641,0.060233,2.2536,0.22652,0.060643,2.2138,-0.053866,0.05879
2.0521,0.25237,1.7581,2.0504,0.13829,1.7602,2.1942,0.1853,1.5762,1.9326,0.17859,1.5793,1.9677,0.18985,1.7142,2.2299,0.084213,1.4697,1.9214,0.072207,1.4726,1.962,0.22373,0.060892,1.9759,-0.056421,0.060241,2.2536,0.22651,0.060659,2.2138,-0.053854,0.058779
2.0521,0.25245,1.7581,2.0504,0.13834,1.7601,2.1942,0.18546,1.5762,1.9326,0.17869,1.5793,1.9676,0.1899,1.7142,2.2299,0.084474,1.4697,1.9214,0.072308,1.4726,1.9621,0.22373,0.060872,1.9759,-0.056422,0.060243,2.2536,0.22651,0.060638,2.2138,-0.053867,0.05881
2.052,0.25251,1.7581,2.0503,0.1384,1.7602,2.1942,0.18564,1.5762,1.9326,0.17876,1.5793,1.9676,0.18994,1.7142,2.2299,0.084701,1.4697,1.9214,0.072422,1.4726,1.9621,0.22374,0.060885,1.9759,-0.056422,0.060265,2.2536,0.22653,0.060647,2.2138,-0.053868,0.05881
2.0519,0.25257,1.7582,2.0504,0.13843,1.7602,2.1941,0.18588,1.5762,1.9325,0.17887,1.5794,1.9676,0.19,1.7142,2.2299,0.084903,1.4698,1.9214,0.072543,1.4726,1.9621,0.22374,0.060893,1.9759,-0.05641,0.060247,2.2536,0.22654,0.060654,2.2138,-0.053867,0.058825
2.0519,0.25261,1.7583,2.0504,0.13848,1.7602,2.1941,0.1861,1.5762,1.9325,0.1789,1.5794,1.9675,0.19004,1.7142,2.2298,0.085164,1.4698,1.9214,0.072676,1.4726,1.9621,0.22376,0.060863,1.9759,-0.056409,0.060256,2.2536,0.22653,0.060628,2.2138,-0.053877,0.058824
2.0519,0.25267,1.7584,2.0503,0.13855,1.7602,2.194,0.18629,1.5762,1.9325,0.17909,1.5794,1.9675,0.19009,1.7143,2.2298,0.085412,1.4698,1.9214,0.072836,1.4726,1.9621,0.22375,0.060863,1.9758,-0.056425,0.060271,2.2537,0.22652,0.060645,2.2138,-0.053856,0.058791
2.0518,0.25275,1.7584,2.0504,0.13862,1.7602,2.194,0.18652,1.5762,1.9325,0.17919,1.5795,1.9675,0.19016,1.7144,2.2298,0.085714,1.4698,1.9214,0.072992,1.4726,1.9621,0.22375,0.060879,1.9759,-0.056403,0.060256,2.2537,0.22653,0.06066,2.2138,-0.053874,0.058829
2.0518,0.25283,1.7585,2.0504,0.13874,1.7602,2.1939,0.18671,1.5762,1.9324,0.17932,1.5796,1.9675,0.19025,1.7145,2.2297,0.086077,1.4698,1.9214,0.073161,1.4726,1.962,0.22377,0.060847,1.9759,-0.056407,0.06029,2.2536,0.22654,0.060623,2.2138,-0.053856,0.058841
2.0518,0.25296,1.7586,2.0504,0.13887,1.7602,2.1939,0.18698,1.5762,1.9323,0.17943,1.5797,1.9675,0.19036,1.7145,2.2297,0.086349,1.4699,1.9214,0.073308,1.4726,1.9621,0.22377,0.06085,1.9759,-0.056387,0.06031,2.2536,0.22654,0.060617,2.2138,-0.053842,0.058851
2.0517,0.25313,1.7586,2.0504,0.13901,1.7602,2.1938,0.18723,1.5762,1.9322,0.17959,1.5797,1.9674,0.1905,1.7146,2.2297,0.086634,1.4699,1.9213,0.073456,1.4726,1.9621,0.22379,0.060811,1.9759,-0.056381,0.060332,2.2536,0.22654,0.060591,2.2138,-0.053836,0.058859
2.0517,0.25332,1.7586,2.0504,0.13918,1.7603,2.1937,0.18753,1.5762,1.9322,0.17972,1.5798,1.9674,0.19065,1.7146,2.2296,0.086875,1.4699,1.9213,0.073587,1.4726,1.9621,0.22381,0.060799,1.9759,-0.056385,0.060343,2.2536,0.22655,0.060625,2.2138,-0.053837,0.058875
2.0516,0.25354,1.7586,2.0503,0.13939,1.7603,2.1937,0.1878,1.5762,1.9321,0.17988,1.5798,1.9673,0.19084,1.7146,2.2295,0.087089,1.4699,1.9213,0.073712,1.4726,1.962,0.2238,0.060813,1.9759,-0.056365,0.060381,2.2537,0.22654,0.060609,2.2138,-0.053848,0.058916
2.0515,0.25376,1.7587,2.0502,0.13958,1.7603,2.1936,0.18806,1.5763,1.9321,0.18002,1.5798,1.9673,0.19103,1.7146,2.2295,0.087271,1.47,1.9213,0.073861,1.4726,1.962,0.2238,0.0608,1.9759,-0.056355,0.06039,2.2537,0.22655,0.060587,2.2138,-0.053839,0.058919
2.0514,0.25397,1.7587,2.0502,0.1398,1.7603,2.1935,0.18829,1.5763,1.932,0.18018,1.5798,1.9672,0.19127,1.7147,2.2295,0.087453,1.47,1.9213,0.074006,1.4727,1.9621,0.22383,0.06079,1.9759,-0.05635,0.060438,2.2537,0.22655,0.060596,2.2138,-0.053831,0.05895
2.0513,0.25422,1.7587,2.0501,0.14002,1.7603,2.1935,0.1885,1.5763,1.932,0.18033,1.5798,1.9671,0.19145,1.7146,2.2295,0.087667,1.47,1.9213,0.074182,1.4727,1.962,0.22382,0.060773,1.9759,-0.056336,0.060454,2.2537,0.22657,0.060587,2.2138,-0.053827,0.05896
2.0512,0.25447,1.7587,2.05,0.14023,1.7603,2.1935,0.1887,1.5764,1.932,0.18051,1.5798,1.967,0.19168,1.7146,2.2295,0.087844,1.47,1.9213,0.074343,1.4727,1.962,0.22384,0.060777,1.9759,-0.056344,0.060473,2.2537,0.22657,0.060592,2.2138,-0.053824,0.058964
2.0511,0.2547,1.7587,2.0499,0.14049,1.7604,2.1934,0.18893,1.5764,1.9319,0.18066,1.5797,1.9669,0.19192,1.7146,2.2296,0.088003,1.47,1.9213,0.074521,1.4727,1.962,0.22382,0.060785,1.9759,-0.056345,0.060502,2.2537,0.22658,0.060566,2.2138,-0.053814,0.058951
2.051,0.25494,1.7587,2.0499,0.14073,1.7604,2.1934,0.18912,1.5765,1.9319,0.18082,1.5797,1.9669,0.19205,1.7146,2.2296,0.088154,1.47,1.9213,0.074708,1.4727,1.962,0.22383,0.060767,1.9759,-0.056335,0.060532,2.2537,0.22655,0.060555,2.2138,-0.053821,0.058988
2.0509,0.25516,1.7586,2.0498,0.14094,1.7604,2.1934,0.18936,1.5765,1.9319,0.18096,1.5797,1.9668,0.19231,1.7145,2.2296,0.088308,1.47,1.9213,0.074901,1.4727,1.962,0.22387,0.060725,1.9759,-0.056335,0.060548,2.2536,0.22643,0.061141,2.2138,-0.053833,0.059008
2.0508,0.25536,1.7586,2.0499,0.14188,1.7597,2.1933,0.18966,1.5765,1.9318,0.18111,1.5796,1.9667,0.1925,1.7145,2.2296,0.08845,1.47,1.9213,0.07511,1.4727,1.962,0.22384,0.060755,1.9759,-0.056329,0.060577,2.2537,0.22656,0.060602,2.2138,-0.053811,0.058992
2.0507,0.25559,1.7586,2.0498,0.14215,1.7597,2.1933,0.18994,1.5766,1.9318,0.18127,1.5796,1.9667,0.19271,1.7144,2.2296,0.088601,1.4701,1.9213,0.075315,1.4727,1.962,0.22387,0.060734,1.9759,-0.056314,0.060567,2.2537,0.22659,0.060565,2.2138,-0.053822,0.058974
2.0506,0.25585,1.7585,2.0497,0.14241,1.7597,2.1932,0.19026,1.5766,1.9318,0.18144,1.5795,1.9666,0.19285,1.7144,2.2296,0.088756,1.4701,1.9213,0.075513,1.4727,1.962,0.22386,0.060748,1.9759,-0.056311,0.060591,2.2537,0.22659,0.060562,2.2138,-0.053812,0.058997
2.0505,0.25606,1.7585,2.0497,0.14266,1.7597,2.1932,0.19049,1.5766,1.9318,0.1816,1.5795,1.9665,0.19309,1.7143,2.2296,0.088879,1.4701,1.9213,0.075699,1.4727,1.962,0.2239,0.060704,1.9759,-0.056319,0.060623,2.2537,0.22657,0.060541,2.2138,-0.053801,0.058984
2.0505,0.25627,1.7585,2.0496,0.14292,1.7597,2.1931,0.1907,1.5767,1.9317,0.18178,1.5794,1.9665,0.19331,1.7143,2.2296,0.08899,1.4701,1.9213,0.075905,1.4727,1.962,0.22388,0.06073,1.9759,-0.056319,0.060633,2.2537,0.22659,0.060546,2.2138,-0.053825,0.059027
2.0504,0.25649,1.7585,2.0496,0.14316,1.7597,2.1931,0.19082,1.5767,1.9317,0.18196,1.5794,1.9665,0.19353,1.7143,2.2297,0.089048,1.4701,1.9213,0.076078,1.4727,1.962,0.2239,0.060708,1.9759,-0.056305,0.060633,2.2537,0.22657,0.06058,2.2138,-0.053812,0.059005
2.0503,0.2567,1.7584,2.0495,0.14335,1.7597,2.193,0.19091,1.5768,1.9317,0.18211,1.5794,1.9664,0.19377,1.7142,2.2298,0.089186,1.4701,1.9213,0.076254,1.4727,1.962,0.22388,0.060702,1.9759,-0.056295,0.060625,2.2537,0.22658,0.060564,2.2138,-0.053805,0.058987
2.0503,0.25692,1.7584,2.0495,0.14358,1.7597,2.1931,0.19099,1.5768,1.9317,0.18226,1.5793,1.9664,0.19401,1.7142,2.2298,0.089289,1.4702,1.9213,0.076433,1.4727,1.962,0.22388,0.06071,1.9759,-0.056305,0.060642,2.2537,0.22658,0.060567,2.2138,-0.053807,0.058987
2.0503,0.25717,1.7583,2.0494,0.1438,1.7597,2.1931,0.19115,1.5767,1.9317,0.18245,1.5793,1.9664,0.19425,1.7141,2.2298,0.089386,1.4702,1.9213,0.076603,1.4727,1.962,0.2239,0.060711,1.9759,-0.056323,0.060675,2.2537,0.22657,0.060548,2.2137,-0.053842,0.059039
2.0503,0.25741,1.7583,2.0494,0.1441,1.7598,2.1931,0.19131,1.5767,1.9317,0.18266,1.5792,1.9663,0.19451,1.7141,2.2298,0.089473,1.4702,1.9213,0.076761,1.4727,1.962,0.2239,0.060727,1.9759,-0.056296,0.060631,2.2537,0.22658,0.060542,2.2138,-0.053803,0.058988
2.0503,0.25767,1.7582,2.0494,0.14427,1.7598,2.193,0.19143,1.5767,1.9317,0.18286,1.5792,1.9663,0.19476,1.714,2.2298,0.089559,1.4702,1.9213,0.076921,1.4727,1.962,0.22389,0.060715,1.9759,-0.056296,0.060638,2.2537,0.22657,0.060547,2.2138,-0.053797,0.058986
2.0504,0.25792,1.7582,2.0494,0.14448,1.7598,2.1931,0.19154,1.5766,1.9318,0.18308,1.5791,1.9663,0.19503,1.714,2.2298,0.089638,1.4702,1.9213,0.077056,1.4727,1.962,0.22389,0.060725,1.9759,-0.056309,0.060619,2.2537,0.22656,0.06054,2.2138,-0.053815,0.058988
2.0505,0.25817,1.7581,2.0494,0.14468,1.7599,2.1931,0.19161,1.5766,1.9318,0.1833,1.579,1.9664,0.19527,1.714,2.2298,0.089724,1.4702,1.9213,0.077188,1.4727,1.962,0.22388,0.060728,1.976,-0.056306,0.060601,2.2537,0.22658,0.060559,2.2138,-0.053822,0.059004
2.0506,0.25897,1.7574,2.0494,0.1449,1.7599,2.1931,0.19174,1.5765,1.9319,0.18352,1.579,1.9664,0.19553,1.7139,2.2298,0.089772,1.4702,1.9213,0.077306,1.4727,1.962,0.22389,0.06072,1.9759,-0.056312,0.060622,2.2537,0.22658,0.06057,2.2138,-0.053812,0.058977
2.0507,0.25921,1.7573,2.0494,0.14512,1.7599,2.1931,0.19182,1.5764,1.9319,0.18372,1.579,1.9664,0.19577,1.7139,2.2299,0.089827,1.4702,1.9213,0.077424,1.4727,1.962,0.2239,0.060711,1.9759,-0.056322,0.060623,2.2537,0.22657,0.060585,2.2137,-0.053814,0.059003
2.0508,0.25943,1.7572,2.0494,0.14533,1.7599,2.1931,0.1919,1.5764,1.9319,0.18393,1.5789,1.9665,0.19593,1.7139,2.2299,0.089879,1.4702,1.9213,0.077547,1.4727,1.9621,0.22388,0.060714,1.9759,-0.056312,0.060608,2.2537,0.22658,0.060532,2.2138,-0.053804,0.058981
2.0509,0.2596,1.7571,2.0495,0.14555,1.7598,2.1932,0.19199,1.5763,1.932,0.18408,1.5789,1.9666,0.19619,1.7138,2.2299,0.089913,1.4702,1.9213,0.077648,1.4727,1.962,0.22386,0.060733,1.9759,-0.056312,0.060604,2.2537,0.22656,0.060577,2.2138,-0.053814,0.058974
2.051,0.25978,1.7571,2.0495,0.14569,1.7598,2.1932,0.19207,1.5762,1.9321,0.18432,1.5788,1.9666,0.19639,1.7138,2.2299,0.089937,1.4702,1.9212,0.077762,1.4727,1.9621,0.22386,0.060729,1.9759,-0.056309,0.060582,2.2537,0.22657,0.060566,2.2138,-0.053807,0.058947
2.051,0.25994,1.757,2.0495,0.14586,1.7598,2.1932,0.19212,1.5762,1.9321,0.18446,1.5788,1.9667,0.19653,1.7138,2.2299,0.089948,1.4702,1.9212,0.077877,1.4727,1.962,0.22388,0.060728,1.9759,-0.056316,0.060596,2.2537,0.22657,0.060569,2.2138,-0.053815,0.058952
2.0511,0.26012,1.757,2.0496,0.14599,1.7598,2.1932,0.19223,1.5762,1.9322,0.18464,1.5788,1.9668,0.19674,1.7137,2.2298,0.089947,1.4701,1.9212,0.077976,1.4727,1.9621,0.22387,0.060747,1.9759,-0.056307,0.06059,2.2537,0.22657,0.060588,2.2137,-0.053833,0.058996
2.0512,0.26031,1.7569,2.0496,0.14612,1.7598,2.1933,0.19221,1.5761,1.9322,0.18479,1.5788,1.9669,0.19694,1.7137,2.2298,0.089952,1.4701,1.9212,0.078084,1.4727,1.962,0.22387,0.060733,1.9759,-0.056309,0.060584,2.2537,0.22657,0.060572,2.2138,-0.053809,0.058946
2.0513,0.26047,1.7568,2.0497,0.14623,1.7598,2.1933,0.19232,1.576,1.9322,0.18491,1.5788,1.967,0.19709,1.7137,2.2298,0.089945,1.4701,1.9212,0.078169,1.4727,1.962,0.22385,0.060757,1.9759,-0.056319,0.060578,2.2537,0.22655,0.060589,2.2138,-0.05381,0.058924
2.0515,0.26063,1.7568,2.0498,0.14635,1.7598,2.1933,0.19234,1.5759,1.9323,0.18506,1.5788,1.9671,0.19724,1.7137,2.2298,0.089937,1.4701,1.9211,0.078254,1.4727,1.962,0.22387,0.060707,1.9759,-0.056331,0.060574,2.2537,0.22656,0.060568,2.2138,-0.053827,0.058938
2.0516,0.26076,1.7567,2.0499,0.14646,1.7598,2.1933,0.19238,1.5759,1.9323,0.18518,1.5788,1.9672,0.19741,1.7137,2.2298,0.089944,1.47,1.9211,0.078335,1.4727,1.9621,0.22386,0.060742,1.9759,-0.056319,0.060552,2.2537,0.22655,0.060575,2.2138,-0.053829,0.058933
2.0517,0.26092,1.7567,2.0504,0.14598,1.7598,2.1934,0.19238,1.5758,1.9324,0.1853,1.5788,1.9673,0.19754,1.7137,2.2298,0.089937,1.47,1.9211,0.078403,1.4727,1.962,0.22383,0.060767,1.9759,-0.056317,0.060523,2.2537,0.22654,0.060584,2.2138,-0.053827,0.058927
2.0518,0.26101,1.7566,2.0505,0.14605,1.7598,2.1934,0.1924,1.5758,1.9324,0.18539,1.5789,1.9673,0.19765,1.7137,2.2298,0.089943,1.47,1.9211,0.078481,1.4727,1.9621,0.22388,0.060713,1.9759,-0.056315,0.060508,2.2537,0.22655,0.060576,2.2138,-0.053821,0.058911
2.0519,0.26107,1.7566,2.0506,0.14614,1.7598,2.1935,0.1924,1.5757,1.9324,0.18549,1.5789,1.9674,0.19776,1.7137,2.2298,0.089939,1.47,1.9211,0.078549,1.4728,1.962,0.22387,0.060732,1.9759,-0.056329,0.060528,2.2537,0.22655,0.060569,2.2138,-0.053815,0.058914
2.052,0.26115,1.7566,2.0506,0.1462,1.7598,2.1935,0.19241,1.5756,1.9325,0.18557,1.5789,1.9675,0.19789,1.7136,2.2297,0.089927,1.47,1.9211,0.078606,1.4728,1.9621,0.22385,0.060759,1.9759,-0.056315,0.060483,2.2537,0.22654,0.060592,2.2138,-0.05384,0.058954
2.0521,0.2612,1.7566,2.0507,0.14624,1.7598,2.1934,0.19249,1.5756,1.9325,0.18566,1.5789,1.9676,0.19798,1.7136,2.2297,0.089911,1.47,1.9211,0.078655,1.4728,1.9621,0.22383,0.060764,1.9759,-0.05635,0.06052,2.2537,0.22654,0.060586,2.2138,-0.05383,0.058926
2.0522,0.26124,1.7566,2.0502,0.14693,1.7598,2.1935,0.19248,1.5755,1.9326,0.18572,1.5789,1.9676,0.19806,1.7136,2.2297,0.089901,1.47,1.9211,0.078702,1.4728,1.9621,0.22384,0.060768,1.9759,-0.056337,0.060502,2.2537,0.22656,0.060588,2.2138,-0.053841,0.058943
2.0523,0.26127,1.7566,2.0503,0.14696,1.7598,2.1935,0.19244,1.5755,1.9326,0.18582,1.5789,1.9677,0.19813,1.7136,2.2297,0.089889,1.47,1.9211,0.078766,1.4728,1.962,0.22382,0.060783,1.9759,-0.056326,0.060467,2.2537,0.22653,0.060614,2.2138,-0.053839,0.058937
2.0523,0.26129,1.7566,2.0503,0.147,1.7598,2.1936,0.19242,1.5755,1.9326,0.18587,1.5789,1.9677,0.19821,1.7136,2.2297,0.089874,1.4699,1.9211,0.078802,1.4728,1.9621,0.22384,0.060753,1.9759,-0.056323,0.060459,2.2537,0.22656,0.060585,2.2138,-0.053835,0.058913
2.0524,0.26129,1.7566,2.0503,0.14702,1.7597,2.1936,0.19241,1.5754,1.9327,0.18597,1.5788,1.9678,0.19826,1.7136,2.2297,0.08985,1.4699,1.9211,0.078851,1.4727,1.962,0.22382,0.060782,1.9759,-0.056343,0.060464,2.2537,0.22656,0.060564,2.2138,-0.053813,0.05887
2.0524,0.2613,1.7565,2.0503,0.14701,1.7597,2.1936,0.19238,1.5754,1.9327,0.18605,1.5788,1.9678,0.19831,1.7136,2.2297,0.089825,1.4699,1.9211,0.078895,1.4727,1.962,0.22382,0.060763,1.9759,-0.05634,0.060452,2.2537,0.22654,0.060601,2.2138,-0.053828,0.058908
2.0525,0.26131,1.7565,2.0503,0.14704,1.7597,2.1937,0.19236,1.5754,1.9328,0.18608,1.5788,1.9679,0.19835,1.7135,2.2298,0.089795,1.4699,1.9211,0.078912,1.4727,1.962,0.22382,0.060777,1.9759,-0.056335,0.06043,2.2537,0.22656,0.060597,2.2138,-0.053835,0.058924
2.0525,0.26131,1.7565,2.0502,0.14723,1.7605,2.1937,0.19234,1.5754,1.9328,0.18613,1.5787,1.9679,0.19837,1.7135,2.2298,0.08976,1.4699,1.9211,0.078948,1.4727,1.962,0.22383,0.060784,1.9759,-0.056339,0.060452,2.2537,0.22656,0.060581,2.2138,-0.053833,0.058908
2.0525,0.26131,1.7565,2.0502,0.14725,1.7605,2.1937,0.1923,1.5754,1.9328,0.18617,1.5787,1.9679,0.19839,1.7135,2.2298,0.089734,1.4699,1.9212,0.078962,1.4727,1.962,0.22382,0.060784,1.9759,-0.05634,0.060463,2.2537,0.22656,0.0606,2.2138,-0.053832,0.058911
2.0526,0.26131,1.7565,2.0502,0.14724,1.7605,2.1937,0.19232,1.5754,1.9329,0.18617,1.5787,1.9679,0.19839,1.7135,2.2298,0.089697,1.4698,1.9212,0.07897,1.4727,1.9621,0.22382,0.06077,1.9759,-0.056325,0.060447,2.2537,0.22656,0.060602,2.2138,-0.053842,0.058912
2.0526,0.26131,1.7565,2.0502,0.14724,1.7605,2.1937,0.19228,1.5754,1.9329,0.18615,1.5787,1.9679,0.19838,1.7135,2.2298,0.089665,1.4698,1.9212,0.078956,1.4727,1.962,0.22382,0.060778,1.9759,-0.05635,0.060462,2.2537,0.22657,0.060585,2.2138,-0.053835,0.058901
2.0526,0.26132,1.7565,2.0503,0.14724,1.7605,2.1938,0.19226,1.5754,1.9329,0.18614,1.5787,1.9679,0.19839,1.7135,2.2299,0.089619,1.4698,1.9212,0.07895,1.4727,1.962,0.22381,0.060774,1.9759,-0.056329,0.060449,2.2537,0.22656,0.06059,2.2138,-0.053833,0.058904
2.0527,0.26131,1.7565,2.0503,0.14723,1.7605,2.1938,0.19228,1.5754,1.933,0.1861,1.5787,1.968,0.19838,1.7135,2.2299,0.089564,1.4698,1.9213,0.078943,1.4727,1.962,0.22382,0.060774,1.9759,-0.056329,0.060444,2.2537,0.22656,0.060597,2.2138,-0.053831,0.058882
2.0526,0.2613,1.7565,2.0503,0.14724,1.7605,2.1938,0.19227,1.5754,1.933,0.18606,1.5787,1.968,0.19836,1.7135,2.23,0.089523,1.4697,1.9213,0.078937,1.4727,1.962,0.22381,0.06079,1.9759,-0.05633,0.060452,2.2537,0.22655,0.060594,2.2138,-0.053815,0.058866
2.0527,0.26128,1.7564,2.0504,0.1472,1.7605,2.1939,0.19225,1.5754,1.9331,0.18602,1.5787,1.968,0.19834,1.7135,2.23,0.08947,1.4697,1.9213,0.078905,1.4727,1.962,0.22381,0.060793,1.9759,-0.056343,0.060468,2.2537,0.22654,0.060596,2.2138,-0.053836,0.058884
2.0527,0.26127,1.7564,2.0504,0.14719,1.7605,2.1939,0.19222,1.5754,1.9331,0.18597,1.5787,1.9681,0.19829,1.7135,2.23,0.089406,1.4697,1.9214,0.078878,1.4727,1.9621,0.22381,0.06078,1.9759,-0.05635,0.060471,2.2537,0.22655,0.060612,2.2138,-0.05385,0.058913
2.0527,0.26124,1.7564,2.0505,0.14716,1.7605,2.1939,0.1922,1.5754,1.9331,0.18589,1.5787,1.9681,0.19824,1.7135,2.2301,0.089364,1.4697,1.9214,0.07887,1.4727,1.962,0.22382,0.060789,1.9759,-0.05634,0.060467,2.2537,0.22655,0.060597,2.2138,-0.053839,0.058895
2.0527,0.2612,1.7564,2.0505,0.14713,1.7605,2.194,0.19219,1.5754,1.9332,0.18584,1.5787,1.9681,0.19818,1.7135,2.2301,0.089313,1.4697,1.9215,0.078857,1.4727,1.962,0.22382,0.060782,1.9759,-0.05634,0.060459,2.2537,0.22653,0.060599,2.2138,-0.053834,0.058887
2.0528,0.26116,1.7564,2.0506,0.14707,1.7605,2.194,0.19215,1.5754,1.9332,0.18579,1.5787,1.9682,0.19814,1.7134,2.2301,0.089252,1.4697,1.9215,0.07883,1.4728,1.9621,0.22382,0.060765,1.9759,-0.056329,0.060442,2.2537,0.22653,0.060625,2.2138,-0.053844,0.058891
2.0528,0.26112,1.7564,2.0506,0.14701,1.7605,2.194,0.19214,1.5754,1.9333,0.18574,1.5786,1.9682,0.19807,1.7134,2.2302,0.089214,1.4696,1.9215,0.078813,1.4728,1.9621,0.22383,0.060793,1.9759,-0.056349,0.060459,2.2537,0.22654,0.060608,2.2138,-0.05385,0.058903
2.0529,0.26107,1.7564,2.0507,0.14696,1.7605,2.1941,0.19213,1.5754,1.9333,0.18571,1.5786,1.9683,0.19802,1.7134,2.2302,0.08915,1.4696,1.9216,0.078803,1.4728,1.962,0.22381,0.060806,1.9759,-0.056344,0.060454,2.2537,0.22655,0.060586,2.2138,-0.053841,0.058885
2.0529,0.26102,1.7564,2.0507,0.14691,1.7604,2.1941,0.19207,1.5753,1.9334,0.18567,1.5786,1.9683,0.19797,1.7134,2.2303,0.089102,1.4695,1.9216,0.078787,1.4728,1.9621,0.22384,0.060787,1.9759,-0.056344,0.060447,2.2537,0.22656,0.060622,2.2138,-0.053845,0.058899
2.053,0.26099,1.7564,2.0508,0.14686,1.7604,2.1942,0.19206,1.5753,1.9335,0.18565,1.5786,1.9684,0.19791,1.7134,2.2303,0.089065,1.4695,1.9216,0.078752,1.4728,1.962,0.22382,0.060792,1.9759,-0.056327,0.060412,2.2537,0.22654,0.060591,2.2138,-0.053845,0.058889
2.053,0.26094,1.7564,2.0509,0.14682,1.7604,2.1942,0.19202,1.5753,1.9335,0.18562,1.5786,1.9685,0.19787,1.7134,2.2304,0.088996,1.4694,1.9217,0.078739,1.4728,1.9621,0.22382,0.060773,1.9759,-0.056347,0.060438,2.2537,0.22652,0.060615,2.2138,-0.053845,0.058885
2.0531,0.26093,1.7563,2.051,0.14677,1.7604,2.1943,0.19197,1.5752,1.9336,0.18558,1.5786,1.9685,0.19784,1.7134,2.2304,0.088936,1.4694,1.9217,0.078704,1.4728,1.9621,0.22381,0.0608,1.9759,-0.056359,0.060448,2.2537,0.22654,0.060628,2.2138,-0.053845,0.058878
2.0532,0.26089,1.7563,2.051,0.14673,1.7604,2.1943,0.1919,1.5752,1.9337,0.18557,1.5786,1.9686,0.19781,1.7134,2.2304,0.088897,1.4694,1.9217,0.078676,1.4728,1.9621,0.22382,0.060793,1.9759,-0.056346,0.060407,2.2537,0.22655,0.060621,2.2138,-0.053832,0.05886
2.0533,0.26084,1.7563,2.0511,0.14671,1.7604,2.1944,0.19182,1.5752,1.9337,0.18552,1.5787,1.9687,0.19779,1.7134,2.2304,0.088816,1.4693,1.9218,0.078647,1.4728,1.9621,0.22381,0.060791,1.9759,-0.056361,0.06043,2.2537,0.22654,0.060595,2.2138,-0.053857,0.058897
2.0534,0.26081,1.7563,2.0512,0.14669,1.7604,2.1945,0.19174,1.5752,1.9338,0.18552,1.5786,1.9688,0.19777,1.7134,2.2304,0.088759,1.4693,1.9218,0.078614,1.4728,1.9621,0.22384,0.060791,1.9759,-0.056367,0.060441,2.2537,0.22653,0.060611,2.2138,-0.053838,0.058872
2.0535,0.26077,1.7563,2.0512,0.14665,1.7604,2.1945,0.19167,1.5752,1.9338,0.18552,1.5787,1.9688,0.19778,1.7134,2.2305,0.088707,1.4693,1.9218,0.078585,1.4728,1.9621,0.22383,0.060794,1.9759,-0.056347,0.060397,2.2537,0.22654,0.060611,2.2138,-0.053845,0.058858
2.0536,0.26075,1.7563,2.0513,0.1466,1.7604,2.1946,0.19161,1.5751,1.9339,0.18551,1.5787,1.9689,0.19777,1.7135,2.2305,0.088624,1.4693,1.9219,0.078559,1.4728,1.9621,0.22381,0.060807,1.9759,-0.056348,0.060401,2.2537,0.22653,0.060625,2.2138,-0.053846,0.058882
2.0537,0.2607,1.7563,2.0514,0.14658,1.7604,2.1946,0.19149,1.5751,1.9339,0.18549,1.5787,1.969,0.19776,1.7135,2.2305,0.088563,1.4693,1.9219,0.078528,1.4728,1.9621,0.2238,0.060801,1.9759,-0.056362,0.060408,2.2537,0.22654,0.060626,2.2138,-0.053846,0.05887
2.0539,0.26068,1.7563,2.0515,0.14655,1.7604,2.1947,0.1914,1.575,1.934,0.18549,1.5787,1.969,0.19776,1.7135,2.2305,0.088496,1.4693,1.9219,0.078485,1.4728,1.9621,0.22381,0.060783,1.9759,-0.056368,0.060409,2.2537,0.22655,0.060625,2.2138,-0.053829,0.058842
2.054,0.26063,1.7563,2.0515,0.14651,1.7604,2.1948,0.19129,1.575,1.934,0.18551,1.5787,1.9691,0.19775,1.7135,2.2306,0.088421,1.4693,1.9219,0.078465,1.4728,1.9621,0.2238,0.060783,1.9759,-0.056361,0.060413,2.2537,0.22653,0.060598,2.2138,-0.053846,0.058856
2.0541,0.2606,1.7563,2.0516,0.14648,1.7603,2.1948,0.19122,1.575,1.9341,0.18552,1.5787,1.9692,0.19775,1.7135,2.2306,0.088366,1.4692,1.9219,0.078444,1.4728,1.9621,0.22382,0.060786,1.9759,-0.056351,0.060392,2.2537,0.22652,0.060617,2.2138,-0.05385,0.058862
2.0542,0.26057,1.7563,2.0517,0.14645,1.7603,2.1949,0.19116,1.5749,1.9341,0.18552,1.5788,1.9693,0.19776,1.7135,2.2306,0.08832,1.4692,1.922,0.078396,1.4728,1.9621,0.22381,0.060788,1.9759,-0.056373,0.060411,2.2537,0.22653,0.060613,2.2138,-0.05385,0.058856
2.0543,0.26053,1.7562,2.0518,0.14642,1.7603,2.1949,0.19107,1.5749,1.9342,0.18552,1.5788,1.9693,0.19776,1.7135,2.2306,0.088259,1.4692,1.922,0.07837,1.4728,1.9621,0.22379,0.06079,1.9759,-0.056352,0.060381,2.2537,0.2265,0.060624,2.2138,-0.053858,0.058856
2.0544,0.26049,1.7562,2.0518,0.14639,1.7603,2.195,0.19099,1.5749,1.9342,0.18551,1.5788,1.9694,0.19776,1.7135,2.2306,0.088211,1.4691,1.922,0.078351,1.4728,1.9621,0.22379,0.060781,1.9759,-0.056374,0.060389,2.2537,0.22651,0.060619,2.2138,-0.053837,0.058846
2.0545,0.26047,1.7562,2.0519,0.14636,1.7603,2.195,0.19095,1.5748,1.9342,0.18552,1.5788,1.9695,0.19776,1.7135,2.2307,0.088173,1.4691,1.922,0.078316,1.4728,1.9621,0.22382,0.060782,1.9759,-0.056361,0.060367,2.2537,0.22652,0.060628,2.2138,-0.053846,0.05883
2.0546,0.26044,1.7562,2.0519,0.14636,1.7603,2.1951,0.19091,1.5748,1.9343,0.18552,1.5788,1.9695,0.19776,1.7135,2.2307,0.088141,1.4691,1.9221,0.078308,1.4728,1.9621,0.22379,0.060815,1.9759,-0.056365,0.060365,2.2537,0.22653,0.06062,2.2138,-0.053852,0.058831
2.0547,0.26042,1.7562,2.052,0.14631,1.7603,2.1951,0.19083,1.5748,1.9343,0.18554,1.5788,1.9696,0.19775,1.7135,2.2307,0.088115,1.4691,1.9221,0.078286,1.4727,1.9621,0.2238,0.060815,1.9759,-0.056375,0.060364,2.2536,0.22654,0.06061,2.2138,-0.053857,0.058826
2.0547,0.26041,1.7562,2.0522,0.14615,1.7595,2.1951,0.19082,1.5748,1.9343,0.18552,1.5788,1.9696,0.19775,1.7135,2.2307,0.088073,1.469,1.9221,0.078271,1.4727,1.9621,0.22378,0.06081,1.9759,-0.056381,0.060354,2.2537,0.22652,0.060629,2.2138,-0.053853,0.058789
2.0548,0.26041,1.7561,2.0522,0.14613,1.7595,2.1952,0.1908,1.5747,1.9343,0.18554,1.5788,1.9696,0.19775,1.7135,2.2307,0.088067,1.469,1.9221,0.078262,1.4727,1.9621,0.22378,0.060832,1.9759,-0.056373,0.060307,2.2537,0.2265,0.060634,2.2138,-0.053864,0.058781
2.0549,0.2604,1.7561,2.0523,0.14613,1.7594,2.1952,0.19077,1.5747,1.9344,0.18554,1.5788,1.9697,0.19776,1.7135,2.2308,0.088066,1.469,1.9221,0.078256,1.4727,1.9621,0.22377,0.060832,1.9759,-0.056399,0.060316,2.2537,0.22648,0.060653,2.2138,-0.053884,0.058768
2.0549,0.26041,1.7561,2.0523,0.14615,1.7594,2.1952,0.19076,1.5747,1.9344,0.18555,1.5788,1.9697,0.19776,1.7135,2.2308,0.08806,1.469,1.9221,0.078274,1.4727,1.9621,0.22376,0.060855,1.9759,-0.056396,0.060311,2.2537,0.22648,0.060638,2.2139,-0.053873,0.058721
2.0549,0.26044,1.7561,2.0523,0.14616,1.7594,2.1952,0.19078,1.5746,1.9344,0.18557,1.5787,1.9697,0.19778,1.7134,2.2308,0.088072,1.4689,1.9221,0.07829,1.4727,1.9621,0.22376,0.060864,1.9759,-0.056388,0.060261,2.2537,0.22647,0.060676,2.2139,-0.053895,0.058738
2.055,0.26047,1.756,2.0523,0.14617,1.7594,2.1952,0.19081,1.5746,1.9343,0.1856,1.5787,1.9697,0.19781,1.7134,2.2308,0.088107,1.4689,1.9221,0.078309,1.4726,1.9621,0.22375,0.060867,1.9758,-0.056417,0.060253,2.2537,0.22643,0.060686,2.2139,-0.053916,0.058729
2.0549,0.26047,1.756,2.0523,0.14623,1.7593,2.1952,0.19082,1.5745,1.9344,0.18566,1.5787,1.9697,0.19784,1.7134,2.2308,0.088123,1.4689,1.9221,0.078331,1.4726,1.9621,0.22375,0.060864,1.9758,-0.056436,0.06023,2.2537,0.22642,0.060703,2.214,-0.053912,0.058679
2.0549,0.26057,1.7559,2.0523,0.14629,1.7593,2.1952,0.19089,1.5745,1.9343,0.1857,1.5786,1.9697,0.19791,1.7133,2.2307,0.088163,1.4689,1.9221,0.07836,1.4726,1.9621,0.22374,0.060873,1.9758,-0.056437,0.060177,2.2537,0.22642,0.060707,2.214,-0.05391,0.05868
2.0549,0.26065,1.7559,2.0523,0.14637,1.7593,2.1951,0.19095,1.5744,1.9343,0.18577,1.5786,1.9697,0.19797,1.7133,2.2307,0.088222,1.4688,1.922,0.078417,1.4726,1.9621,0.22375,0.060869,1.9758,-0.056446,0.060197,2.2537,0.22644,0.060695,2.214,-0.053909,0.058684
2.0549,0.26077,1.7558,2.0523,0.14646,1.7592,2.1951,0.19103,1.5744,1.9343,0.18582,1.5785,1.9696,0.1981,1.7132,2.2307,0.088257,1.4688,1.922,0.078452,1.4725,1.9622,0.22374,0.060901,1.9758,-0.056426,0.060199,2.2537,0.22644,0.060696,2.214,-0.0539,0.058715
2.0548,0.26092,1.7558,2.0522,0.14658,1.7592,2.1951,0.19108,1.5744,1.9343,0.1859,1.5785,1.9696,0.19822,1.7132,2.2307,0.088326,1.4688,1.9219,0.078488,1.4725,1.9622,0.22377,0.060856,1.9758,-0.056413,0.060222,2.2537,0.22642,0.060693,2.214,-0.053871,0.058691
2.0548,0.26108,1.7557,2.0522,0.14674,1.7592,2.1951,0.19116,1.5743,1.9342,0.18595,1.5785,1.9695,0.19833,1.7132,2.2306,0.088369,1.4688,1.9219,0.078534,1.4725,1.9622,0.22377,0.060877,1.9758,-0.056408,0.060242,2.2537,0.22646,0.060666,2.214,-0.053869,0.058719
2.0547,0.2613,1.7556,2.0521,0.14692,1.7592,2.195,0.19127,1.5743,1.9341,0.18603,1.5785,1.9695,0.19842,1.7132,2.2305,0.088414,1.4687,1.9218,0.078583,1.4725,1.9622,0.22378,0.060845,1.9758,-0.056401,0.060246,2.2537,0.22644,0.06069,2.214,-0.053874,0.058727
2.0547,0.26151,1.7555,2.0521,0.1471,1.7592,2.1949,0.19136,1.5743,1.934,0.18612,1.5785,1.9694,0.19864,1.7131,2.2305,0.088462,1.4687,1.9217,0.07864,1.4725,1.9622,0.2238,0.060823,1.9758,-0.056391,0.060242,2.2537,0.22643,0.060682,2.214,-0.053884,0.058755
2.0546,0.26172,1.7555,2.052,0.1473,1.7592,2.1948,0.19145,1.5742,1.934,0.18622,1.5785,1.9694,0.19883,1.7131,2.2304,0.088512,1.4687,1.9216,0.078696,1.4725,1.9622,0.22378,0.060846,1.9758,-0.056392,0.060279,2.2537,0.22644,0.060682,2.214,-0.053875,0.058758
2.0546,0.26192,1.7554,2.0519,0.14754,1.7592,2.1948,0.19152,1.5742,1.9339,0.18635,1.5784,1.9693,0.199,1.7131,2.2303,0.088566,1.4687,1.9215,0.078753,1.4725,1.9622,0.2238,0.060817,1.9758,-0.056394,0.060287,2.2537,0.22644,0.060679,2.214,-0.053871,0.058741
2.0545,0.26213,1.7553,2.0518,0.14776,1.7592,2.1947,0.19162,1.5741,1.9338,0.18648,1.5784,1.9692,0.1992,1.713,2.2302,0.08863,1.4687,1.9214,0.078818,1.4725,1.9622,0.22379,0.060852,1.9759,-0.056387,0.060286,2.2537,0.22643,0.060688,2.214,-0.053878,0.058737
2.0544,0.26235,1.7552,2.0518,0.14798,1.7592,2.1946,0.19173,1.574,1.9337,0.18661,1.5784,1.9691,0.19941,1.713,2.2301,0.088701,1.4687,1.9212,0.078895,1.4725,1.9622,0.22377,0.060839,1.9759,-0.056379,0.060261,2.2537,0.22641,0.060702,2.214,-0.053879,0.058741
2.0543,0.26257,1.7551,2.0516,0.14821,1.7591,2.1945,0.19184,1.574,1.9336,0.18675,1.5783,1.969,0.19966,1.7129,2.2299,0.088779,1.4686,1.9211,0.078983,1.4724,1.9622,0.22376,0.060879,1.9759,-0.056394,0.060285,2.2537,0.22641,0.06068,2.214,-0.053874,0.058751
2.0542,0.2628,1.755,2.0515,0.14843,1.7591,2.1945,0.1919,1.5739,1.9334,0.18692,1.5783,1.9689,0.1999,1.7129,2.2298,0.088901,1.4686,1.921,0.079104,1.4724,1.9621,0.22375,0.060884,1.9759,-0.056387,0.060262,2.2537,0.2264,0.060721,2.214,-0.053881,0.058767
2.0541,0.26302,1.755,2.0514,0.14865,1.7591,2.1943,0.19204,1.5739,1.9333,0.18712,1.5783,1.9688,0.20014,1.7128,2.2296,0.08907,1.4686,1.9208,0.079221,1.4723,1.9622,0.22376,0.060865,1.9758,-0.056403,0.060291,2.2537,0.2264,0.060685,2.214,-0.053881,0.058742
2.054,0.26326,1.7549,2.0513,0.14889,1.7591,2.1942,0.19218,1.5738,1.9332,0.18735,1.5782,1.9687,0.20041,1.7128,2.2294,0.089226,1.4685,1.9207,0.079381,1.4723,1.9622,0.22379,0.060821,1.9758,-0.056396,0.060298,2.2538,0.2264,0.060702,2.214,-0.053892,0.058775
2.0539,0.26351,1.7549,2.0511,0.14914,1.759,2.1941,0.19235,1.5738,1.9331,0.18758,1.5782,1.9685,0.20068,1.7127,2.2293,0.089403,1.4685,1.9205,0.07957,1.4722,1.9622,0.22374,0.060866,1.9758,-0.056393,0.060285,2.2538,0.22639,0.060697,2.214,-0.053882,0.058772
2.0537,0.26378,1.7548,2.0508,0.14955,1.7598,2.1939,0.19257,1.5737,1.9329,0.18785,1.5781,1.9684,0.20091,1.7127,2.2291,0.089616,1.4685,1.9203,0.079767,1.4722,1.9622,0.22377,0.060831,1.9758,-0.056393,0.060293,2.2538,0.22638,0.060687,2.214,-0.05389,0.05879
2.0536,0.26405,1.7548,2.0506,0.14985,1.7598,2.1938,0.19271,1.5737,1.9327,0.18815,1.5781,1.9683,0.2012,1.7127,2.2289,0.089816,1.4685,1.9201,0.079999,1.4721,1.9622,0.22378,0.060841,1.9758,-0.05639,0.060313,2.2538,0.22637,0.060715,2.214,-0.0539,0.058811
2.0534,0.26438,1.7547,2.0503,0.15016,1.7598,2.1935,0.193,1.5736,1.9325,0.1885,1.578,1.9681,0.20153,1.7127,2.2287,0.090044,1.4685,1.9199,0.080261,1.4721,1.9622,0.22376,0.060853,1.9758,-0.05639,0.060336,2.2538,0.2264,0.0607,2.214,-0.05388,0.058793
2.0532,0.26465,1.7547,2.0501,0.15049,1.7597,2.1933,0.19327,1.5736,1.9323,0.18879,1.578,1.9679,0.20188,1.7126,2.2285,0.090313,1.4685,1.9197,0.08057,1.4721,1.9622,0.22376,0.060828,1.9758,-0.056393,0.060343,2.2538,0.22638,0.060693,2.214,-0.053882,0.058812
2.053,0.265,1.7547,2.0501,0.15071,1.7589,2.1931,0.19355,1.5736,1.932,0.18914,1.578,1.9677,0.20229,1.7126,2.2283,0.090584,1.4685,1.9195,0.080871,1.4721,1.9622,0.22379,0.060809,1.9758,-0.05638,0.060332,2.2538,0.22637,0.060682,2.214,-0.053885,0.058819
2.0528,0.2654,1.7546,2.0498,0.15108,1.7589,2.1929,0.19384,1.5736,1.9318,0.18956,1.5779,1.9674,0.20269,1.7125,2.228,0.090888,1.4686,1.9193,0.081197,1.4721,1.9622,0.22377,0.060845,1.9758,-0.056381,0.060372,2.2538,0.2264,0.060696,2.214,-0.053887,0.058829
2.0526,0.26562,1.7548,2.0494,0.15161,1.7597,2.1927,0.19412,1.5736,1.9316,0.19005,1.5778,1.9672,0.20309,1.7125,2.2278,0.091236,1.4686,1.9191,0.081579,1.4721,1.9622,0.2238,0.060818,1.9758,-0.056362,0.060364,2.2538,0.22637,0.060705,2.214,-0.05387,0.058804
2.0523,0.2661,1.7547,2.0492,0.15207,1.7597,2.1924,0.19449,1.5735,1.9314,0.19051,1.5778,1.9669,0.20355,1.7124,2.2275,0.091591,1.4687,1.9188,0.08197,1.4721,1.9622,0.2238,0.060811,1.9759,-0.056369,0.060389,2.2538,0.22637,0.060701,2.214,-0.053881,0.058796
2.0521,0.26686,1.7544,2.0488,0.15259,1.7596,2.1921,0.19486,1.5735,1.9311,0.19099,1.5777,1.9667,0.20405,1.7123,2.2272,0.091977,1.4687,1.9186,0.082397,1.472,1.9622,0.22379,0.060837,1.9759,-0.056334,0.060395,2.2538,0.2264,0.060692,2.214,-0.053892,0.058814
2.0518,0.26738,1.7543,2.0485,0.15309,1.7596,2.1918,0.19531,1.5734,1.9308,0.1914,1.5777,1.9664,0.20459,1.7122,2.227,0.092333,1.4688,1.9183,0.082867,1.472,1.9622,0.22381,0.060801,1.9759,-0.056325,0.060396,2.2538,0.22636,0.060715,2.2141,-0.053888,0.058785
2.0516,0.2679,1.7542,2.0482,0.15366,1.7595,2.1916,0.19573,1.5734,1.9305,0.19189,1.5776,1.9661,0.20516,1.7121,2.2267,0.092715,1.4688,1.918,0.083307,1.4719,1.9622,0.22381,0.060784,1.9759,-0.056325,0.060428,2.2538,0.22634,0.060697,2.2141,-0.053885,0.058779
2.0512,0.26851,1.7541,2.0481,0.15415,1.7587,2.1913,0.19617,1.5734,1.9303,0.1925,1.5775,1.9658,0.2058,1.7121,2.2264,0.09315,1.4689,1.9177,0.083807,1.4719,1.9622,0.22381,0.0608,1.9758,-0.056322,0.060471,2.2538,0.22635,0.060718,2.2141,-0.053889,0.058764
2.0509,0.26917,1.754,2.0476,0.15494,1.7594,2.1911,0.19668,1.5733,1.9299,0.19307,1.5775,1.9656,0.20648,1.712,2.2261,0.09361,1.4689,1.9174,0.084273,1.4719,1.9622,0.22378,0.060829,1.9758,-0.05633,0.060488,2.2538,0.22634,0.060737,2.2141,-0.053914,0.058773
2.0506,0.26984,1.7539,2.0472,0.15563,1.7594,2.1908,0.19716,1.5733,1.9295,0.19367,1.5774,1.9653,0.20717,1.7119,2.2258,0.094091,1.469,1.917,0.084807,1.4719,1.9622,0.22379,0.060807,1.9759,-0.056322,0.060481,2.2538,0.22631,0.060728,2.2142,-0.053931,0.058762
2.0502,0.27057,1.7537,2.047,0.15642,1.7584,2.1905,0.19769,1.5732,1.9291,0.1943,1.5773,1.9649,0.2079,1.7118,2.2255,0.094621,1.469,1.9167,0.085372,1.4719,1.9622,0.22381,0.060798,1.9759,-0.056317,0.060486,2.2539,0.22628,0.06076,2.2142,-0.05395,0.058758
2.0499,0.2714,1.7535,2.0466,0.15719,1.7583,2.1901,0.19839,1.5731,1.9288,0.19498,1.5773,1.9645,0.20865,1.7117,2.2252,0.095106,1.4691,1.9163,0.085934,1.4719,1.9622,0.22377,0.060831,1.9759,-0.056313,0.060487,2.2539,0.22628,0.060753,2.2142,-0.053952,0.058709
2.0496,0.27231,1.7534,2.0462,0.15802,1.7583,2.1897,0.19918,1.573,1.9285,0.19579,1.5772,1.9641,0.20947,1.7116,2.2247,0.095676,1.4691,1.9159,0.086467,1.4719,1.9622,0.22379,0.060801,1.9759,-0.056309,0.06051,2.2539,0.22626,0.060782,2.2143,-0.053981,0.058732
2.0492,0.27314,1.7532,2.0462,0.15832,1.7583,2.1893,0.19985,1.5729,1.9281,0.19646,1.577,1.9637,0.21031,1.7116,2.2244,0.09621,1.4692,1.9155,0.087083,1.4719,1.9622,0.22376,0.060859,1.9759,-0.056316,0.060518,2.2539,0.22621,0.060792,2.2143,-0.05399,0.05869
2.0488,0.27404,1.7531,2.0452,0.15997,1.7591,2.1889,0.20061,1.5728,1.9276,0.19714,1.5769,1.9633,0.21127,1.7114,2.2239,0.096885,1.4692,1.915,0.087743,1.4719,1.9622,0.22376,0.06085,1.9759,-0.056307,0.060493,2.2539,0.22618,0.060828,2.2144,-0.054005,0.058667
2.0483,0.27515,1.7528,2.0447,0.16102,1.7591,2.1871,0.20255,1.5722,1.9272,0.19798,1.5769,1.9629,0.21233,1.7113,2.2235,0.097519,1.4693,1.9146,0.088398,1.472,1.9622,0.22372,0.060875,1.9759,-0.056324,0.060493,2.2539,0.22617,0.060848,2.2144,-0.05404,0.058666
2.0479,0.27621,1.7526,2.0443,0.16208,1.759,2.1856,0.20432,1.5717,1.9267,0.19882,1.5768,1.9624,0.21334,1.7112,2.223,0.09817,1.4694,1.9141,0.089103,1.472,1.9622,0.22374,0.06087,1.9758,-0.056339,0.06049,2.2539,0.22615,0.06088,2.2145,-0.054073,0.058667
2.0475,0.27737,1.7524,2.0438,0.16326,1.7589,2.1844,0.2058,1.5713,1.9262,0.19974,1.5767,1.9619,0.21448,1.7111,2.2225,0.098929,1.4695,1.9136,0.089805,1.472,1.9622,0.2237,0.060903,1.9758,-0.056344,0.060447,2.254,0.2261,0.060886,2.2146,-0.054072,0.058625
2.047,0.27851,1.7522,2.0432,0.1645,1.7588,2.1835,0.20702,1.571,1.9257,0.20077,1.5765,1.9614,0.21553,1.711,2.2219,0.099763,1.4696,1.913,0.090534,1.472,1.9623,0.22371,0.060886,1.9759,-0.056354,0.060415,2.254,0.22605,0.060921,2.2146,-0.054102,0.05865
2.0466,0.27982,1.7519,2.0428,0.16568,1.7588,2.1828,0.20804,1.5708,1.9251,0.20172,1.5765,1.9609,0.21687,1.7108,2.2214,0.10058,1.4696,1.9125,0.09132,1.472,1.9623,0.2237,0.060912,1.9758,-0.056358,0.060405,2.254,0.22607,0.060961,2.2146,-0.054109,0.058618
2.046,0.28121,1.7516,2.0422,0.16711,1.7588,2.1823,0.20889,1.5706,1.9246,0.20286,1.5764,1.9603,0.21819,1.7106,2.2208,0.10141,1.4697,1.9118,0.092164,1.4721,1.9623,0.22369,0.060912,1.9759,-0.056362,0.060376,2.254,0.22599,0.060998,2.2147,-0.054124,0.058601
2.0456,0.28262,1.7514,2.0417,0.16846,1.7587,2.182,0.20962,1.5706,1.9241,0.20397,1.5762,1.9598,0.21951,1.7104,2.2202,0.10235,1.4697,1.9111,0.09301,1.4721,1.9623,0.22367,0.060937,1.9758,-0.056374,0.060343,2.254,0.22593,0.061019,2.2147,-0.054145,0.058608
2.045,0.28399,1.7511,2.041,0.16992,1.7587,2.1818,0.21027,1.5705,1.9235,0.20522,1.5761,1.9592,0.22086,1.7103,2.2195,0.10331,1.4698,1.9104,0.093855,1.4722,1.9623,0.22363,0.060969,1.9758,-0.056364,0.060321,2.254,0.22592,0.061022,2.2148,-0.054139,0.058579
2.0445,0.28553,1.7508,2.0405,0.17136,1.7586,2.1816,0.21088,1.5705,1.9229,0.2064,1.576,1.9586,0.22246,1.7102,2.2188,0.10436,1.4698,1.9097,0.09479,1.4723,1.9623,0.22361,0.061003,1.9758,-0.056397,0.060336,2.2541,0.2259,0.061062,2.2148,-0.054159,0.05859
2.0439,0.2871,1.7505,2.0399,0.17305,1.7585,2.1815,0.21151,1.5704,1.9222,0.20772,1.5759,1.958,0.22394,1.7101,2.218,0.10543,1.4698,1.909,0.095705,1.4724,1.9623,0.22363,0.060949,1.9758,-0.056395,0.060286,2.2541,0.22586,0.061084,2.2148,-0.054159,0.058592
2.0434,0.28864,1.7501,2.0393,0.17472,1.7583,2.1812,0.21219,1.5704,1.9214,0.20891,1.5758,1.9574,0.2255,1.7099,2.2171,0.10656,1.4699,1.9083,0.096686,1.4725,1.9623,0.22359,0.061017,1.9758,-0.056403,0.060268,2.2541,0.22586,0.061107,2.2149,-0.054155,0.058584
2.0428,0.29046,1.7497,2.0387,0.17643,1.7583,2.1809,0.21296,1.5702,1.9207,0.21036,1.5757,1.9568,0.22716,1.7098,2.2163,0.10771,1.4698,1.9074,0.097685,1.4726,1.9623,0.22358,0.061017,1.9758,-0.05641,0.060262,2.2541,0.22582,0.061126,2.2149,-0.054153,0.058577
2.0422,0.29206,1.7493,2.038,0.17829,1.7581,2.1805,0.21387,1.5701,1.9199,0.21164,1.5757,1.9561,0.2288,1.7097,2.2154,0.10889,1.4699,1.9065,0.098771,1.4727,1.9624,0.22355,0.061013,1.9758,-0.056416,0.06024,2.2541,0.22579,0.061154,2.2149,-0.054159,0.058594
2.0416,0.29396,1.7489,2.0374,0.18005,1.758,2.1798,0.21498,1.5698,1.9191,0.21318,1.5756,1.9554,0.23053,1.7095,2.2144,0.1102,1.4699,1.9056,0.099866,1.4728,1.9624,0.22354,0.061026,1.9758,-0.056411,0.060229,2.2541,0.22579,0.06114,2.2149,-0.054157,0.058573
2.0409,0.29576,1.7485,2.0366,0.18193,1.7578,2.179,0.21618,1.5695,1.9182,0.21472,1.5754,1.9547,0.23239,1.7093,2.2135,0.11152,1.4699,1.9046,0.10106,1.4728,1.9624,0.22354,0.061045,1.9758,-0.056427,0.060215,2.2541,0.22577,0.061153,2.215,-0.054153,0.0586
2.0403,0.29754,1.7481,2.0359,0.18374,1.7576,2.1781,0.21755,1.5691,1.9173,0.21628,1.5753,1.9539,0.23415,1.7091,2.2125,0.11283,1.4699,1.9036,0.10217,1.4729,1.9624,0.22351,0.06107,1.9758,-0.05645,0.06021,2.2542,0.22574,0.061189,2.215,-0.054159,0.058595
2.0395,0.29947,1.7476,2.0352,0.18558,1.7576,2.1772,0.219,1.5687,1.9164,0.21786,1.5751,1.9531,0.23601,1.7089,2.2114,0.11424,1.4699,1.9026,0.1034,1.473,1.9624,0.22348,0.061062,1.9758,-0.05647,0.060181,2.2542,0.22573,0.061213,2.215,-0.054157,0.058615
2.0388,0.30149,1.7471,2.0344,0.18762,1.7574,2.1763,0.22039,1.5683,1.9154,0.21946,1.575,1.9524,0.23798,1.7086,2.2103,0.11559,1.4698,1.9014,0.10455,1.473,1.9624,0.22345,0.061088,1.9758,-0.056477,0.060124,2.2542,0.22567,0.061231,2.215,-0.054156,0.058627
2.038,0.30349,1.7466,2.0335,0.18961,1.7572,2.1753,0.22194,1.5678,1.9143,0.22109,1.5748,1.9514,0.23982,1.7084,2.2091,0.11706,1.4697,1.9003,0.10584,1.4731,1.9624,0.22344,0.061098,1.9757,-0.056501,0.060093,2.2542,0.22565,0.061275,2.2151,-0.054141,0.058611
2.0371,0.30546,1.7462,2.0326,0.19166,1.7569,2.1741,0.22359,1.5672,1.9132,0.22276,1.5746,1.9505,0.24184,1.7081,2.208,0.11839,1.4696,1.8992,0.10715,1.4731,1.9625,0.22343,0.061105,1.9757,-0.056536,0.060066,2.2542,0.22562,0.06127,2.2151,-0.054144,0.058642
2.0362,0.3075,1.7456,2.0317,0.19376,1.7566,2.173,0.22518,1.5667,1.9121,0.22446,1.5744,1.9496,0.24383,1.7078,2.2067,0.11985,1.4695,1.898,0.10856,1.4731,1.9625,0.22339,0.061112,1.9756,-0.056551,0.06003,2.2543,0.22563,0.061307,2.2151,-0.054135,0.058678
2.0353,0.30962,1.745,2.0307,0.19592,1.7562,2.1719,0.22669,1.5663,1.911,0.22618,1.5741,1.9486,0.2459,1.7075,2.2054,0.12131,1.4694,1.8968,0.10997,1.4731,1.9625,0.22337,0.061129,1.9756,-0.056586,0.060009,2.2543,0.22561,0.061363,2.2151,-0.054127,0.058687
2.0344,0.31181,1.7444,2.0297,0.19812,1.7559,2.1706,0.22832,1.5658,1.9098,0.22795,1.5739,1.9476,0.24816,1.707,2.2041,0.12277,1.4693,1.8954,0.11142,1.4731,1.9625,0.22335,0.061153,1.9755,-0.056603,0.059973,2.2543,0.22563,0.061315,2.2151,-0.054111,0.058712
2.0335,0.31397,1.7438,2.0287,0.20026,1.7557,2.1694,0.22996,1.5653,1.9086,0.22976,1.5736,1.9465,0.25028,1.7066,2.2027,0.12429,1.469,1.8939,0.11291,1.473,1.9625,0.22334,0.061155,1.9755,-0.056627,0.059945,2.2543,0.22558,0.061355,2.2151,-0.0541,0.058769
2.0325,0.31614,1.7432,2.0276,0.20254,1.7554,2.1682,0.23163,1.5648,1.9074,0.2316,1.5733,1.9455,0.25243,1.7063,2.2014,0.12574,1.4688,1.8926,0.11444,1.473,1.9626,0.22335,0.061146,1.9754,-0.056652,0.05992,2.2543,0.22557,0.061367,2.2151,-0.054079,0.058803
2.0314,0.31839,1.7426,2.0265,0.20475,1.755,2.167,0.23334,1.5642,1.9061,0.2335,1.573,1.9443,0.25466,1.7059,2.1999,0.12723,1.4686,1.8913,0.11597,1.473,1.9626,0.22331,0.061158,1.9754,-0.056694,0.059893,2.2543,0.22557,0.061381,2.2151,-0.054055,0.058847
2.0304,0.32066,1.7419,2.0253,0.20715,1.7546,2.1658,0.23499,1.5637,1.9049,0.23543,1.5726,1.9432,0.25682,1.7055,2.1984,0.12873,1.4683,1.8897,0.11759,1.473,1.9626,0.22329,0.061192,1.9753,-0.056722,0.059861,2.2543,0.22556,0.061394,2.2151,-0.054046,0.058893
2.0293,0.32298,1.7412,2.0241,0.20945,1.7542,2.1646,0.23648,1.5632,1.9036,0.23742,1.5722,1.9421,0.25925,1.7049,2.1969,0.13013,1.468,1.8883,0.11928,1.4729,1.9626,0.22326,0.061223,1.9753,-0.056755,0.059833,2.2543,0.22555,0.061408,2.2152,-0.054025,0.058961
2.0283,0.32532,1.7404,2.0229,0.21178,1.7538,2.1633,0.23803,1.5626,1.9024,0.23946,1.5719,1.9408,0.26155,1.7044,2.1954,0.13157,1.4678,1.8867,0.12092,1.4728,1.9626,0.22321,0.061231,1.9752,-0.056812,0.059817,2.2543,0.22554,0.061435,2.2151,-0.054001,0.059029
2.0273,0.32759,1.7397,2.0217,0.21415,1.7534,2.1614,0.24051,1.5615,1.9012,0.24155,1.5714,1.9397,0.26387,1.7039,2.1938,0.13299,1.4675,1.8851,0.12267,1.4728,1.9626,0.22319,0.061235,1.9752,-0.056851,0.059777,2.2543,0.22554,0.061459,2.2151,-0.053962,0.059111
2.0261,0.32991,1.7389,2.0205,0.21641,1.7531,2.1596,0.24282,1.5604,1.8999,0.24367,1.571,1.9386,0.26619,1.7034,2.1923,0.13431,1.4674,1.8835,0.12444,1.4726,1.9626,0.22317,0.061238,1.9751,-0.056913,0.059779,2.2543,0.22555,0.06148,2.2151,-0.053921,0.059205
2.0251,0.33218,1.7382,2.0194,0.21873,1.7526,2.158,0.24479,1.5595,1.8986,0.24565,1.5705,1.9374,0.26848,1.703,2.1907,0.13567,1.467,1.8821,0.1262,1.4725,1.9626,0.22316,0.061191,1.9751,-0.056944,0.059802,2.2543,0.22503,0.061468,2.2151,-0.053861,0.059333
2.0241,0.33443,1.7374,2.0182,0.22109,1.752,2.1566,0.2465,1.5588,1.8973,0.24761,1.5701,1.9364,0.2707,1.7024,2.1891,0.13703,1.4667,1.8806,0.12801,1.4724,1.9627,0.22321,0.061137,1.9751,-0.056941,0.05982,2.2543,0.22516,0.061473,2.215,-0.053797,0.059531
2.0231,0.33658,1.7367,2.0171,0.22336,1.7514,2.1553,0.248,1.5581,1.8959,0.24958,1.5696,1.9352,0.27302,1.7017,2.1874,0.13837,1.4663,1.8789,0.1299,1.4723,1.9627,0.22323,0.061062,1.975,-0.056961,0.059832,2.2542,0.22533,0.061392,2.215,-0.053636,0.059779
2.0222,0.33875,1.7358,2.0159,0.22551,1.7509,2.1542,0.24935,1.5575,1.8947,0.25156,1.5691,1.9341,0.27531,1.7011,2.1859,0.13976,1.4658,1.8772,0.13179,1.4721,1.9627,0.22326,0.061023,1.975,-0.056975,0.059807,2.2541,0.22553,0.061352,2.2148,-0.053431,0.060262
2.0212,0.34088,1.7349,2.0147,0.22772,1.7503,2.1532,0.2506,1.557,1.8934,0.25375,1.5684,1.933,0.27747,1.7005,2.1844,0.14105,1.4654,1.8758,0.13378,1.4718,1.9628,0.22329,0.06095,1.975,-0.056994,0.059781,2.2541,0.22571,0.0613,2.2146,-0.053164,0.060854
2.0201,0.343,1.7341,2.0135,0.22988,1.7496,2.1522,0.25179,1.5565,1.8923,0.2558,1.5677,1.9319,0.2797,1.6998,2.1827,0.14231,1.4649,1.8742,0.13581,1.4714,1.9628,0.22329,0.060937,1.975,-0.057044,0.059778,2.254,0.22594,0.061216,2.2145,-0.052905,0.061562
2.0191,0.34513,1.7332,2.0123,0.232,1.7489,2.1512,0.25301,1.5559,1.8912,0.25785,1.5671,1.9307,0.28188,1.699,2.1812,0.14353,1.4645,1.8727,0.13788,1.471,1.9628,0.2233,0.060906,1.975,-0.057108,0.059795,2.2539,0.22614,0.061136,2.2141,-0.0527,0.062807
2.0183,0.34707,1.7324,2.0111,0.2341,1.7482,2.1503,0.25428,1.5554,1.8899,0.25983,1.5664,1.9296,0.28402,1.6982,2.1798,0.14466,1.464,1.8713,0.13987,1.4706,1.9628,0.22333,0.06087,1.975,-0.057137,0.059767,2.2539,0.22633,0.061063,2.2137,-0.052352,0.064447
2.0173,0.34918,1.7315,2.0098,0.23608,1.7476,2.1492,0.25569,1.5548,1.8888,0.2619,1.5657,1.9285,0.28622,1.6975,2.1784,0.1459,1.4635,1.8699,0.14193,1.4702,1.9629,0.22335,0.060817,1.975,-0.057169,0.059759,2.2538,0.22664,0.060973,2.2135,-0.051644,0.06641
2.0163,0.35124,1.7306,2.0089,0.2381,1.7468,2.1482,0.25718,1.5541,1.8878,0.26413,1.5648,1.9273,0.28867,1.6969,2.177,0.14712,1.4629,1.8684,0.14399,1.4697,1.9629,0.22337,0.060778,1.975,-0.057193,0.059738,2.2538,0.227,0.060834,2.2127,-0.050996,0.069097
2.0153,0.35339,1.7298,2.0076,0.24042,1.746,2.1471,0.25875,1.5535,1.8866,0.26618,1.5641,1.9263,0.29099,1.6962,2.1757,0.14835,1.4624,1.8671,0.14606,1.4692,1.9629,0.22339,0.060749,1.975,-0.057225,0.059728,2.2538,0.22737,0.060726,2.212,-0.0501,0.072118
2.0145,0.35551,1.729,2.0066,0.24246,1.7454,2.1461,0.26031,1.5529,1.8856,0.26822,1.5635,1.9253,0.29306,1.6954,2.1745,0.14941,1.4619,1.8659,0.14818,1.4687,1.9629,0.22342,0.060728,1.975,-0.057269,0.059744,2.2541,0.22782,0.060589,2.2111,-0.049013,0.075317
2.0136,0.35758,1.7282,2.0055,0.24469,1.7448,2.1451,0.26183,1.5524,1.8846,0.27035,1.5628,1.9243,0.29539,1.6948,2.1732,0.15055,1.4615,1.8646,0.1502,1.4683,1.9629,0.22347,0.060674,1.975,-0.057265,0.059745,2.2543,0.22832,0.060481,2.2097,-0.047623,0.079013
2.0128,0.35978,1.7275,2.0044,0.24691,1.7444,2.1442,0.26343,1.5519,1.8837,0.27256,1.5622,1.9233,0.29764,1.6941,2.1721,0.15162,1.4613,1.8635,0.1522,1.468,1.9629,0.22354,0.060588,1.975,-0.057256,0.059772,2.2546,0.22889,0.060399,2.2078,-0.04626,0.083347
2.0118,0.36204,1.7268,2.0032,0.2491,1.7439,2.1433,0.26507,1.5515,1.8828,0.27479,1.5615,1.9224,0.30006,1.6934,2.171,0.15275,1.461,1.8624,0.15431,1.4677,1.9629,0.22359,0.060554,1.9751,-0.057231,0.059782,2.2548,0.22953,0.060266,2.2061,-0.044447,0.087345
2.011,0.36429,1.7262,2.0022,0.25152,1.7434,2.1424,0.2667,1.5512,1.882,0.27699,1.5609,1.9215,0.30232,1.6927,2.17,0.15379,1.4608,1.8614,0.15632,1.4674,1.9629,0.22364,0.060481,1.9751,-0.057214,0.059817,2.2548,0.23037,0.060106,2.204,-0.04259,0.091681
2.0103,0.36649,1.7255,2.0011,0.2537,1.743,2.1416,0.26816,1.551,1.8813,0.27907,1.5603,1.9206,0.30463,1.6922,2.1691,0.15498,1.4605,1.8604,0.15842,1.4672,1.9629,0.22373,0.060406,1.9751,-0.05717,0.059826,2.2548,0.23152,0.059981,2.2019,-0.040436,0.095731
2.0095,0.36873,1.725,2.0001,0.25617,1.7429,2.1406,0.26983,1.5507,1.8805,0.28108,1.5597,1.9197,0.307,1.6918,2.1682,0.15613,1.4604,1.8595,0.16056,1.467,1.9629,0.22377,0.060352,1.9751,-0.057157,0.059876,2.2546,0.23331,0.060059,2.1997,-0.037931,0.099274
2.0088,0.37096,1.7245,1.9992,0.25834,1.7426,2.1395,0.27182,1.5503,1.8798,0.28322,1.5592,1.9189,0.30938,1.6914,2.1672,0.15742,1.4602,1.8585,0.16263,1.4669,1.9629,0.22378,0.060299,1.9752,-0.057125,0.059901,2.2544,0.23604,0.060272,2.1974,-0.034757,0.10206
2.0082,0.37318,1.724,1.9983,0.26068,1.7423,2.1384,0.2739,1.5499,1.8792,0.28519,1.5589,1.9183,0.31165,1.6908,2.1664,0.15864,1.46,1.8577,0.16483,1.4668,1.9629,0.22383,0.060256,1.9752,-0.057105,0.05996,2.254,0.23936,0.061114,2.1952,-0.030891,0.10414
2.0076,0.37546,1.7236,1.9976,0.26283,1.7422,2.1375,0.27591,1.5496,1.8786,0.28739,1.5586,1.9177,0.31401,1.6904,2.1656,0.16001,1.4598,1.8569,0.16689,1.4668,1.9629,0.22383,0.060236,1.9752,-0.057069,0.059983,2.2535,0.24304,0.062686,2.1928,-0.02638,0.10589
2.0072,0.37762,1.7233,1.9969,0.26523,1.742,2.137,0.27764,1.5495,1.8782,0.28953,1.5583,1.9171,0.31627,1.6901,2.1648,0.16138,1.4597,1.8561,0.16914,1.4668,1.9628,0.22386,0.060189,1.9752,-0.057045,0.060038,2.2531,0.24762,0.064313,2.19,-0.021287,0.10721
2.0068,0.37976,1.7231,1.9962,0.26743,1.742,2.1371,0.27893,1.5498,1.8777,0.29175,1.558,1.9167,0.3185,1.6899,2.1641,0.1629,1.4596,1.8554,0.17127,1.4668,1.9628,0.22386,0.060171,1.9752,-0.05702,0.060089,2.2525,0.25342,0.065622,2.1873,-0.015217,0.10756
2.0065,0.38187,1.7229,1.9958,0.26966,1.7418,2.1375,0.27993,1.5503,1.8772,0.29396,1.5579,1.9162,0.3207,1.6897,2.1634,0.1645,1.4594,1.8548,0.17358,1.4668,1.9628,0.22389,0.060142,1.9752,-0.057,0.060134,2.252,0.25983,0.066681,2.1843,-0.008525,0.10788
2.0063,0.38406,1.7228,1.9953,0.27166,1.7418,2.137,0.28188,1.5502,1.8768,0.29621,1.5579,1.9157,0.32307,1.6898,2.1628,0.1661,1.4593,1.8541,0.17587,1.4669,1.9628,0.22397,0.060059,1.9753,-0.056959,0.0602,2.2518,0.26669,0.067749,2.1816,-0.000971,0.10707
2.006,0.38602,1.7228,1.995,0.27387,1.7416,2.1366,0.28357,1.5502,1.8765,0.29861,1.5577,1.9155,0.32529,1.6898,2.1621,0.16795,1.4591,1.8535,0.1783,1.4669,1.9628,0.224,0.060001,1.9753,-0.056914,0.060261,2.2515,0.27455,0.068295,2.1785,0.00701,0.10655
2.0058,0.38816,1.7228,1.9947,0.2758,1.7416,2.1363,0.28554,1.55,1.8762,0.30092,1.5578,1.9153,0.32745,1.6897,2.1616,0.1698,1.4589,1.853,0.18066,1.4669,1.9628,0.22401,0.060026,1.9753,-0.056866,0.06035,2.2515,0.28283,0.068948,2.1759,0.015947,0.10494
2.0059,0.39021,1.7228,1.9945,0.27793,1.7417,2.1359,0.28735,1.5499,1.8759,0.30323,1.5579,1.9152,0.32961,1.6897,2.161,0.17184,1.4587,1.8524,0.18316,1.467,1.9628,0.22405,0.059975,1.9754,-0.056821,0.060421,2.2517,0.29177,0.069391,2.1731,0.025335,0.10344
2.0059,0.39223,1.7228,1.9944,0.27996,1.7416,2.1356,0.28965,1.5497,1.8758,0.30561,1.558,1.915,0.33199,1.6899,2.1604,0.17395,1.4584,1.8519,0.18571,1.4671,1.9628,0.2241,0.05993,1.9754,-0.056792,0.060525,2.2518,0.30126,0.06994,2.1707,0.035281,0.10124
2.0059,0.39438,1.7227,1.9943,0.28196,1.7415,2.1353,0.29172,1.5494,1.8755,0.30795,1.5581,1.9149,0.33413,1.69,2.16,0.17601,1.4582,1.8515,0.18818,1.4671,1.9627,0.22409,0.059941,1.9755,-0.056745,0.06061,2.2519,0.31115,0.0705,2.1683,0.045496,0.099138
2.006,0.39641,1.7228,1.9943,0.28406,1.7413,2.1352,0.29393,1.5491,1.8753,0.31035,1.5582,1.915,0.33628,1.69,2.1596,0.17813,1.458,1.8511,0.19079,1.4672,1.9625,0.22383,0.060078,1.9755,-0.056705,0.060723,2.252,0.32178,0.071156,2.1663,0.056518,0.096456
2.0062,0.39857,1.7227,1.9944,0.2862,1.7411,2.1351,0.29601,1.5488,1.875,0.31276,1.5582,1.9151,0.33853,1.69,2.1592,0.18035,1.4577,1.8508,0.19349,1.4672,1.9626,0.22409,0.060032,1.9755,-0.056672,0.060887,2.2518,0.33295,0.071897,2.1644,0.067508,0.094084
2.0064,0.40075,1.7227,1.9946,0.28838,1.7409,2.135,0.29833,1.5485,1.8749,0.3152,1.5582,1.9152,0.34077,1.6899,2.1588,0.1826,1.4574,1.8505,0.19613,1.4671,1.9629,0.22456,0.059787,1.9755,-0.056645,0.061051,2.2522,0.34378,0.072737,2.1627,0.07945,0.090988
2.0066,0.40296,1.7227,1.9948,0.29062,1.7409,2.1349,0.30057,1.5482,1.8749,0.31764,1.5582,1.9153,0.34325,1.6901,2.1585,0.1849,1.4572,1.8502,0.19893,1.467,1.963,0.22474,0.059624,1.9755,-0.056622,0.061262,2.2523,0.35524,0.073642,2.1613,0.091122,0.088347
2.0069,0.40529,1.7226,1.9949,0.2929,1.7407,2.1349,0.30282,1.5479,1.875,0.3204,1.5582,1.9155,0.34576,1.69,2.1583,0.18728,1.4568,1.85,0.20177,1.4668,1.963,0.22475,0.059624,1.9754,-0.056606,0.061532,2.2521,0.3671,0.074337,2.1602,0.10299,0.086099
2.0073,0.40765,1.7224,1.9952,0.29523,1.7405,2.1349,0.3052,1.5476,1.875,0.32296,1.5581,1.9156,0.34815,1.6899,2.1581,0.18963,1.4564,1.8498,0.20467,1.4666,1.9629,0.22479,0.059571,1.9754,-0.056559,0.061828,2.2519,0.37918,0.07483,2.1593,0.11475,0.083927
2.0076,0.41003,1.7223,1.9954,0.29756,1.7403,2.1349,0.30774,1.5472,1.8752,0.32561,1.5581,1.9159,0.35065,1.6898,2.1579,0.19196,1.4561,1.8496,0.2074,1.4666,1.9629,0.2248,0.059536,1.9753,-0.056507,0.06217,2.2518,0.3912,0.075268,2.158,0.12781,0.081079
2.0079,0.41241,1.7222,1.9956,0.30005,1.7401,2.1349,0.31009,1.5469,1.8753,0.32833,1.558,1.9162,0.35319,1.6897,2.1578,0.19424,1.4559,1.8496,0.21026,1.4665,1.9629,0.22485,0.059486,1.9752,-0.056433,0.062603,2.2513,0.40364,0.075542,2.1573,0.14029,0.078994
2.0083,0.41509,1.722,1.9956,0.30275,1.7401,2.1352,0.31248,1.5466,1.8754,0.33108,1.5579,1.9166,0.35577,1.6893,2.1577,0.19659,1.4557,1.8496,0.21321,1.4663,1.9629,0.22488,0.059425,1.9751,-0.056323,0.063083,2.2513,0.41556,0.076144,2.157,0.15258,0.077083
2.0087,0.41768,1.7218,1.9959,0.30542,1.7399,2.1354,0.31505,1.5464,1.8756,0.33383,1.5578,1.9169,0.35852,1.6892,2.1578,0.19911,1.4554,1.8497,0.2163,1.466,1.9629,0.22493,0.059382,1.975,-0.056239,0.063647,2.2506,0.42825,0.076741,2.1571,0.16405,0.076491
2.009,0.42038,1.7216,1.9964,0.30814,1.7395,2.1356,0.31761,1.5462,1.8758,0.33686,1.5576,1.9171,0.36155,1.6892,2.1579,0.20159,1.4551,1.8498,0.21936,1.4657,1.9628,0.22498,0.059336,1.9749,-0.056129,0.064184,2.2503,0.44034,0.078023,2.1567,0.17634,0.074734
2.0095,0.42308,1.7214,1.9966,0.31084,1.7393,2.1359,0.32013,1.546,1.8763,0.33969,1.5573,1.9174,0.36435,1.6891,2.1581,0.20407,1.4549,1.8499,0.22234,1.4656,1.9628,0.22502,0.059291,1.9748,-0.056026,0.064822,2.2501,0.45265,0.079177,2.1564,0.18881,0.073019
2.0099,0.42594,1.7212,1.9969,0.31361,1.7392,2.1362,0.32281,1.5458,1.8767,0.34269,1.5572,1.9178,0.36734,1.6889,2.1582,0.20662,1.4548,1.8501,0.2254,1.4655,1.9628,0.22504,0.059262,1.9746,-0.055962,0.065713,2.2495,0.46498,0.080831,2.1562,0.20106,0.071532
2.0103,0.42882,1.721,1.9972,0.31652,1.7389,2.1367,0.32539,1.5457,1.877,0.34557,1.5569,1.9182,0.37024,1.6885,2.1584,0.20919,1.4547,1.8504,0.22854,1.4654,1.9628,0.22507,0.059233,1.9743,-0.055904,0.066731,2.2491,0.47699,0.082765,2.156,0.21315,0.069988
2.0108,0.43175,1.7208,1.9974,0.31962,1.739,2.1371,0.32815,1.5456,1.8775,0.34851,1.5567,1.9187,0.373,1.6881,2.1587,0.21182,1.4546,1.8508,0.23176,1.4651,1.9628,0.22509,0.059217,1.9741,-0.055786,0.067617,2.2486,0.48906,0.084805,2.156,0.22513,0.068896
2.0113,0.43478,1.7206,1.9979,0.32248,1.7385,2.1375,0.33096,1.5455,1.8779,0.35163,1.5566,1.919,0.37633,1.6882,2.1591,0.21456,1.4545,1.8512,0.23493,1.4649,1.9628,0.22512,0.059168,1.9739,-0.055595,0.068388,2.2481,0.50103,0.087157,2.156,0.23724,0.06751
2.012,0.43772,1.7204,1.9982,0.32558,1.7385,2.1379,0.33376,1.5454,1.8786,0.35482,1.5562,1.9195,0.37951,1.6879,2.1596,0.21737,1.4543,1.8516,0.23816,1.4647,1.9628,0.22518,0.0591,1.9738,-0.055419,0.06932,2.2475,0.51279,0.089809,2.156,0.24892,0.066261
2.0124,0.44082,1.7203,1.9987,0.32861,1.7383,2.1385,0.33663,1.5453,1.879,0.35795,1.556,1.92,0.38259,1.6877,2.16,0.22023,1.4542,1.8521,0.24141,1.4646,1.9628,0.22523,0.059098,1.9736,-0.055244,0.070549,2.2468,0.52429,0.092351,2.1563,0.26025,0.065427
2.0131,0.44387,1.7201,1.9993,0.3317,1.7381,2.1392,0.33956,1.5452,1.8795,0.36118,1.5558,1.9206,0.38577,1.6875,2.1606,0.22316,1.4541,1.8526,0.24472,1.4644,1.9628,0.2253,0.05906,1.9736,-0.054963,0.071681,2.246,0.53546,0.095133,2.156,0.27263,0.063354
2.0137,0.44699,1.7199,1.9996,0.33496,1.7382,2.1398,0.34259,1.5452,1.8804,0.36455,1.5555,1.9214,0.38891,1.687,2.1612,0.22616,1.454,1.8532,0.24805,1.4643,1.9628,0.22538,0.059029,1.9737,-0.054641,0.072701,2.2449,0.54656,0.097679,2.1568,0.28267,0.063761
2.0144,0.45016,1.7199,2.0003,0.33803,1.7378,2.1404,0.34563,1.5452,1.8809,0.36767,1.5556,1.9219,0.39236,1.6872,2.1618,0.22915,1.454,1.8538,0.25133,1.4642,1.9628,0.22545,0.059018,1.9737,-0.054347,0.074032,2.244,0.55724,0.099942,2.1572,0.29294,0.063381
2.0152,0.45349,1.7198,2.001,0.34128,1.7379,2.1412,0.34884,1.545,1.8816,0.37113,1.5553,1.9226,0.39571,1.6872,2.1624,0.23229,1.454,1.8546,0.25478,1.464,1.9628,0.22556,0.058963,1.9737,-0.05403,0.075499,2.2427,0.56768,0.10225,2.1574,0.304,0.062203
2.0161,0.45676,1.7196,2.0017,0.34463,1.7378,2.142,0.35192,1.545,1.8825,0.37451,1.5552,1.9234,0.39905,1.6869,2.1631,0.23555,1.4539,1.8553,0.25824,1.4639,1.9628,0.22566,0.058937,1.9738,-0.053619,0.076691,2.2415,0.57782,0.10433,2.1582,0.31333,0.062527
2.0168,0.46016,1.7196,2.0024,0.34794,1.7377,2.1427,0.35514,1.545,1.8834,0.37793,1.555,1.9242,0.40229,1.6869,2.164,0.23878,1.454,1.856,0.26166,1.4638,1.9628,0.22576,0.058894,1.9737,-0.05328,0.078203,2.2401,0.58742,0.10641,2.1589,0.32267,0.062421
2.0177,0.46359,1.7195,2.0033,0.35137,1.7376,2.1436,0.35834,1.545,1.884,0.38111,1.5551,1.925,0.40583,1.687,2.1648,0.24217,1.4541,1.8569,0.2651,1.4637,1.9628,0.22584,0.05888,1.9736,-0.052829,0.079615,2.2384,0.59713,0.10831,2.1596,0.3318,0.062325
2.0184,0.46698,1.7195,2.0041,0.35486,1.7377,2.1445,0.36163,1.5451,1.885,0.38462,1.555,1.9258,0.40924,1.6869,2.1658,0.24549,1.4542,1.8578,0.26855,1.4637,1.9628,0.22594,0.058856,1.9736,-0.052453,0.081105,2.237,0.60612,0.10998,2.1597,0.34068,0.06191
2.0194,0.4704,1.7195,2.0049,0.35837,1.7377,2.1452,0.3651,1.5452,1.8859,0.38787,1.5552,1.9267,0.4127,1.6868,2.1667,0.24896,1.4544,1.8587,0.27205,1.4636,1.9628,0.22603,0.058833,1.9735,-0.052044,0.082824,2.2357,0.61472,0.11153,2.1606,0.3491,0.06171
2.0202,0.47389,1.7195,2.0059,0.36179,1.7377,2.1461,0.36862,1.5452,1.8868,0.39152,1.5551,1.9277,0.41618,1.6868,2.1676,0.2525,1.4545,1.8599,0.27557,1.4636,1.9628,0.22612,0.058819,1.9736,-0.051573,0.084243,2.2345,0.62288,0.11284,2.1613,0.35695,0.06181
2.0212,0.47742,1.7195,2.0068,0.36554,1.738,2.1472,0.37222,1.5452,1.8879,0.39511,1.555,1.9286,0.41981,1.6869,2.1688,0.25614,1.4546,1.8609,0.27915,1.4636,1.9628,0.22619,0.058826,1.9734,-0.051189,0.08601,2.2334,0.63053,0.114,2.1622,0.36423,0.062069
2.0222,0.4811,1.7196,2.0077,0.36894,1.738,2.1483,0.37581,1.5453,1.8889,0.39855,1.555,1.9296,0.42329,1.6869,2.17,0.25985,1.4547,1.8619,0.28276,1.4635,1.9627,0.22627,0.058804,1.9734,-0.050618,0.087556,2.2324,0.63801,0.11496,2.1628,0.37132,0.06206
2.0231,0.48471,1.7196,2.0088,0.3725,1.738,2.1494,0.37932,1.5455,1.8899,0.40203,1.5551,1.9306,0.42682,1.687,2.1711,0.26359,1.4549,1.8632,0.28622,1.4636,1.9627,0.22634,0.058781,1.9732,-0.050143,0.089267,2.2316,0.64489,0.11573,2.1632,0.37803,0.062013
2.0241,0.48829,1.7197,2.0099,0.37612,1.738,2.1505,0.38299,1.5457,1.8911,0.4056,1.5552,1.9317,0.4303,1.6869,2.1724,0.26747,1.4548,1.8644,0.28991,1.4636,1.9627,0.2264,0.058793,1.9732,-0.049527,0.091008,2.231,0.65137,0.11655,2.1636,0.38454,0.06185
2.0251,0.49194,1.7198,2.0109,0.37981,1.7381,2.1518,0.38675,1.5458,1.8921,0.40908,1.5552,1.9327,0.43396,1.6871,2.1737,0.27135,1.4549,1.8658,0.29358,1.4634,1.9627,0.22645,0.05879,1.973,-0.048964,0.092712,2.2305,0.65736,0.11713,2.1638,0.39056,0.061516
2.0261,0.49557,1.72,2.0121,0.38338,1.7381,2.1527,0.39093,1.5458,1.8933,0.4127,1.5553,1.9338,0.43753,1.687,2.1751,0.27544,1.4549,1.8671,0.29734,1.4633,1.9627,0.22652,0.058793,1.9728,-0.048409,0.094701,2.2302,0.6631,0.11738,2.1639,0.39636,0.061234
2.0272,0.49906,1.7201,2.0132,0.38684,1.7382,2.1543,0.39463,1.5459,1.8946,0.41641,1.5551,1.9349,0.44101,1.687,2.1765,0.27952,1.4549,1.8684,0.30115,1.4632,1.9627,0.22662,0.058754,1.9727,-0.047794,0.096524,2.23,0.66844,0.11751,2.1638,0.40174,0.060903
2.0282,0.50279,1.7203,2.0144,0.3905,1.7382,2.1554,0.39875,1.5461,1.8958,0.42007,1.5551,1.9361,0.4446,1.687,2.178,0.28373,1.4549,1.87,0.3049,1.4631,1.9627,0.22667,0.058743,1.9724,-0.047195,0.098627,2.23,0.67339,0.11742,2.1637,0.40677,0.060265
2.0293,0.50643,1.7204,2.0156,0.3942,1.7383,2.1568,0.40272,1.5462,1.8972,0.42375,1.5551,1.9373,0.44833,1.6872,2.1795,0.28807,1.4547,1.8714,0.30883,1.463,1.9626,0.22676,0.05872,1.9724,-0.046448,0.10043,2.2299,0.67788,0.11718,2.1635,0.41157,0.059715
2.0304,0.51021,1.7206,2.017,0.39791,1.7381,2.1581,0.40701,1.5463,1.8986,0.42743,1.5552,1.9385,0.45183,1.6872,2.1812,0.29244,1.4546,1.8731,0.31277,1.4627,1.9626,0.22683,0.058677,1.9723,-0.045706,0.10257,2.2299,0.68214,0.11686,2.1633,0.41588,0.059049
2.0316,0.51397,1.7208,2.0183,0.40164,1.7381,2.1597,0.41112,1.5464,1.8998,0.43114,1.5553,1.9398,0.45545,1.6872,2.1827,0.29677,1.4545,1.8746,0.31674,1.4624,1.9626,0.2269,0.05867,1.9721,-0.044873,0.10444,2.23,0.68603,0.11612,2.1628,0.41976,0.058385
2.0328,0.51766,1.7209,2.0197,0.40523,1.7381,2.161,0.41566,1.5463,1.9012,0.43507,1.555,1.9411,0.45905,1.6871,2.1845,0.30124,1.4543,1.8764,0.32079,1.4622,1.9625,0.22694,0.058676,1.9719,-0.044088,0.1065,2.23,0.6896,0.11526,2.1625,0.42351,0.057344
2.0339,0.52149,1.7211,2.021,0.40901,1.7382,2.1626,0.41986,1.5464,1.9027,0.43897,1.555,1.9424,0.46295,1.6873,2.1861,0.30585,1.4541,1.8779,0.32477,1.462,1.9625,0.227,0.05862,1.9716,-0.043292,0.10864,2.2299,0.6928,0.11418,2.1622,0.42697,0.056298
2.0352,0.52538,1.7212,2.0225,0.4128,1.7381,2.164,0.42429,1.5465,1.9043,0.44275,1.555,1.9437,0.46662,1.6872,2.188,0.31045,1.4538,1.8798,0.32911,1.4615,1.9625,0.22708,0.058555,1.9715,-0.042358,0.11068,2.2297,0.6957,0.11284,2.1618,0.42982,0.055356
2.0365,0.52933,1.7214,2.024,0.41662,1.7379,2.1656,0.42881,1.5465,1.9057,0.4468,1.5548,1.9452,0.4704,1.6871,2.1899,0.31518,1.4536,1.8816,0.33337,1.4611,1.9625,0.22709,0.05858,1.9712,-0.041368,0.11281,2.2293,0.69845,0.11121,2.1613,0.43237,0.054791
2.0377,0.5332,1.7215,2.0255,0.42063,1.7377,2.1673,0.43345,1.5464,1.9073,0.45094,1.5546,1.9467,0.47417,1.687,2.1917,0.31996,1.4534,1.8835,0.33764,1.4608,1.9624,0.22709,0.058536,1.9708,-0.04036,0.11528,2.2286,0.70066,0.10871,2.1614,0.43424,0.054723
2.0392,0.53721,1.7216,2.0271,0.42436,1.7376,2.1689,0.43803,1.5464,1.9091,0.45491,1.5546,1.9482,0.47825,1.6871,2.1937,0.32493,1.4529,1.8853,0.34206,1.4603,1.9624,0.22712,0.058436,1.9705,-0.039237,0.11791,2.2275,0.70267,0.10546,2.1612,0.43544,0.054944
2.0405,0.54138,1.7217,2.0287,0.42855,1.7376,2.1707,0.44259,1.5464,1.9105,0.45907,1.5543,1.9497,0.48219,1.6869,2.1956,0.32981,1.4526,1.8873,0.34663,1.4598,1.9624,0.22712,0.058373,1.9702,-0.037867,0.12059,2.2265,0.70377,0.10195,2.161,0.43603,0.055067
2.0419,0.54534,1.7218,2.0302,0.43252,1.7374,2.1724,0.44742,1.5464,1.9124,0.4635,1.5541,1.9513,0.48624,1.6868,2.1977,0.33473,1.4523,1.8893,0.3511,1.4593,1.9625,0.22726,0.058286,1.97,-0.036403,0.12342,2.2254,0.70461,0.098994,2.1609,0.43636,0.05517
2.0435,0.54958,1.7219,2.032,0.4367,1.7372,2.1742,0.45206,1.5465,1.914,0.46766,1.5542,1.9529,0.49029,1.6867,2.1998,0.33989,1.4519,1.8913,0.35573,1.4588,1.9625,0.22743,0.058209,1.9701,-0.034655,0.1264,2.2243,0.70572,0.096244,2.161,0.43694,0.055508
2.045,0.55382,1.7222,2.0337,0.44076,1.7371,2.176,0.45694,1.5465,1.9159,0.47209,1.5541,1.9545,0.49452,1.6868,2.2018,0.34497,1.4517,1.8934,0.36042,1.4582,1.9625,0.22761,0.058114,1.9701,-0.032558,0.12973,2.2236,0.7072,0.093266,2.1611,0.43765,0.055975
2.0465,0.55823,1.7225,2.0355,0.44523,1.7373,2.1778,0.46208,1.5466,1.9177,0.47679,1.5539,1.9562,0.49889,1.6869,2.2041,0.35028,1.4515,1.8955,0.36517,1.4579,1.9624,0.22786,0.057999,1.9698,-0.030221,0.13357,2.2232,0.70851,0.090201,2.1611,0.43821,0.056464
2.0482,0.56273,1.7229,2.037,0.44973,1.7374,2.1797,0.46729,1.5469,1.9195,0.48139,1.5542,1.958,0.50326,1.687,2.2063,0.35565,1.4514,1.8976,0.36996,1.4576,1.9624,0.22821,0.057883,1.9694,-0.02773,0.138,2.2227,0.70923,0.088525,2.1611,0.43848,0.056768
2.0496,0.56749,1.7234,2.0389,0.4543,1.7377,2.1815,0.47255,1.5474,1.9215,0.48632,1.5543,1.9596,0.50807,1.6874,2.2086,0.36111,1.4515,1.8997,0.37493,1.4573,1.9624,0.22858,0.05772,1.9693,-0.024533,0.14265,2.2221,0.70978,0.087475,2.1611,0.43871,0.056942
2.0513,0.57228,1.724,2.0406,0.45912,1.7381,2.1835,0.47775,1.548,1.9232,0.49121,1.5548,1.9614,0.51273,1.6877,2.2108,0.36651,1.4519,1.9018,0.38001,1.4573,1.9624,0.22902,0.057587,1.9693,-0.021004,0.14777,2.2216,0.7103,0.086222,2.1612,0.43896,0.057131
2.053,0.57722,1.7247,2.0423,0.46406,1.7384,2.1856,0.48302,1.5488,1.9252,0.49627,1.5551,1.9631,0.51761,1.6883,2.2131,0.37212,1.4523,1.9039,0.38505,1.4574,1.9623,0.22949,0.057572,1.9692,-0.016763,0.15326,2.2211,0.71096,0.08455,2.1611,0.4392,0.057448
2.0546,0.58236,1.7254,2.0441,0.46914,1.7391,2.1876,0.4884,1.5496,1.9273,0.50153,1.5556,1.9648,0.52274,1.6887,2.2153,0.37767,1.4529,1.9061,0.39021,1.4577,1.9621,0.23002,0.057529,1.9696,-0.011699,0.15931,2.2205,0.71177,0.082958,2.1612,0.43946,0.057756
2.0562,0.58748,1.7262,2.0458,0.47418,1.7397,2.1895,0.4939,1.5504,1.9291,0.50688,1.556,1.9666,0.52792,1.6894,2.2175,0.38324,1.4538,1.9083,0.39543,1.4581,1.9621,0.2307,0.05739,1.9703,-0.005841,0.1657,2.2199,0.71248,0.08128,2.1612,0.43975,0.058037
2.0578,0.59283,1.727,2.0476,0.47959,1.7404,2.1912,0.49961,1.5511,1.931,0.51217,1.5565,1.9683,0.53305,1.6899,2.2197,0.38878,1.4548,1.9106,0.4006,1.4585,1.9619,0.23133,0.05741,1.9712,0.000994,0.17242,2.2196,0.71303,0.079517,2.1612,0.44,0.058212
2.0596,0.59825,1.7276,2.0493,0.48493,1.741,2.1934,0.50506,1.5521,1.933,0.51737,1.5571,1.9701,0.53853,1.6905,2.2221,0.39437,1.4558,1.9129,0.40587,1.4591,1.9617,0.23202,0.057257,1.9721,0.008827,0.17983,2.2193,0.71347,0.077867,2.1612,0.44026,0.058293
2.0612,0.60374,1.7283,2.0509,0.49054,1.7419,2.1953,0.51051,1.5529,1.9349,0.52265,1.5577,1.9718,0.54384,1.691,2.2242,0.39996,1.4569,1.9152,0.41112,1.4596,1.9616,0.23294,0.056986,1.9732,0.017743,0.18748,2.2191,0.71375,0.076397,2.161,0.44075,0.057975
2.0628,0.60938,1.7289,2.0526,0.49618,1.7426,2.1971,0.51593,1.5538,1.9367,0.52809,1.5583,1.9735,0.54936,1.6917,2.2264,0.40568,1.458,1.9174,0.4164,1.4602,1.9616,0.23408,0.056569,1.9739,0.027654,0.19546,2.219,0.71414,0.074795,2.1614,0.44064,0.058661
2.0643,0.61483,1.7295,2.0542,0.50171,1.7433,2.199,0.5215,1.5547,1.9386,0.5334,1.5588,1.9752,0.55486,1.6921,2.2287,0.41148,1.4589,1.9198,0.42168,1.4606,1.9616,0.23561,0.055969,1.9745,0.038367,0.20346,2.2189,0.71476,0.073524,2.1614,0.44074,0.058821
2.0659,0.6202,1.7299,2.0557,0.50712,1.7437,2.2009,0.52688,1.5555,1.9405,0.53868,1.5589,1.9768,0.56023,1.6924,2.231,0.41734,1.4597,1.9221,0.4269,1.461,1.9616,0.23765,0.055256,1.9746,0.048996,0.21236,2.2189,0.71501,0.072891,2.1609,0.44131,0.058502
2.0673,0.62586,1.7304,2.0573,0.51239,1.7442,2.2027,0.53245,1.5562,1.9424,0.54403,1.5591,1.9784,0.56542,1.6927,2.2331,0.42338,1.4605,1.9243,0.43222,1.4612,1.9616,0.24038,0.054617,1.9747,0.060046,0.22165,2.2188,0.71534,0.071987,2.1609,0.44145,0.058266
2.0687,0.63107,1.7307,2.0587,0.51789,1.7445,2.2046,0.53788,1.5568,1.9441,0.54926,1.5593,1.98,0.5709,1.6929,2.2353,0.42941,1.4611,1.9266,0.43752,1.4613,1.9616,0.24382,0.053549,1.9747,0.071247,0.23113,2.2188,0.71573,0.071184,2.1603,0.44216,0.057314
2.0701,0.63637,1.7312,2.0603,0.5232,1.7447,2.2056,0.54448,1.5568,1.9458,0.5547,1.5594,1.9815,0.57608,1.693,2.2375,0.43546,1.4616,1.9288,0.44284,1.4612,1.9616,0.24769,0.052578,1.9746,0.082682,0.24094,2.2187,0.71604,0.070512,2.1609,0.44137,0.058764
2.0716,0.6418,1.7315,2.0618,0.52847,1.745,2.2081,0.54944,1.5577,1.9477,0.56006,1.5594,1.983,0.58119,1.6931,2.2397,0.44171,1.462,1.9308,0.44801,1.4612,1.9616,0.25301,0.051176,1.9746,0.094503,0.25091,2.2186,0.7163,0.06989,2.1608,0.44141,0.058856
2.0729,0.64702,1.732,2.0632,0.53374,1.7452,2.2098,0.55532,1.5582,1.9493,0.56564,1.5594,1.9845,0.58667,1.6933,2.2417,0.44801,1.4623,1.9329,0.45327,1.4611,1.9613,0.25776,0.04943,1.9747,0.10643,0.26068,2.2187,0.71654,0.069345,2.1608,0.44146,0.058905
2.0742,0.65251,1.7324,2.0648,0.53923,1.7455,2.2116,0.56116,1.5586,1.9512,0.57121,1.5596,1.986,0.59195,1.6936,2.2437,0.45431,1.4626,1.9349,0.45856,1.461,1.9612,0.26309,0.047492,1.9752,0.11914,0.2698,2.2186,0.71667,0.068922,2.1608,0.44148,0.058977
2.0756,0.65813,1.7329,2.0662,0.54472,1.7456,2.2132,0.56701,1.5591,1.9528,0.57675,1.5599,1.9874,0.59745,1.6939,2.2458,0.46057,1.463,1.9366,0.46377,1.4609,1.9611,0.26985,0.046026,1.9767,0.13187,0.27753,2.2187,0.71678,0.068523,2.1607,0.44151,0.058995
2.0768,0.6637,1.7332,2.0677,0.55036,1.746,2.2148,0.57305,1.5595,1.9542,0.58245,1.5601,1.9889,0.60301,1.694,2.2477,0.46692,1.4634,1.9387,0.46879,1.4611,1.9605,0.27999,0.047941,1.9784,0.14306,0.28343,2.2189,0.71687,0.068159,2.1607,0.44153,0.059042
2.0782,0.66942,1.7336,2.0693,0.556,1.7463,2.2164,0.57914,1.5599,1.9558,0.58787,1.5604,1.9904,0.60849,1.6944,2.2496,0.47318,1.464,1.9404,0.47388,1.4613,1.9603,0.29164,0.053476,1.9804,0.1539,0.28801,2.219,0.71692,0.067803,2.1607,0.44157,0.059066
2.0796,0.67514,1.734,2.0707,0.56184,1.7468,2.2178,0.5851,1.5604,1.9573,0.59338,1.5608,1.9918,0.61412,1.6947,2.2513,0.47937,1.4646,1.9421,0.47887,1.4617,1.9597,0.30473,0.058361,1.9829,0.16486,0.29136,2.2192,0.71696,0.067484,2.1608,0.44155,0.059124
2.0808,0.68117,1.7344,2.0722,0.56764,1.7473,2.2193,0.59096,1.5608,1.9588,0.59898,1.5613,1.9933,0.62001,1.6953,2.2531,0.48559,1.4653,1.9438,0.48381,1.4622,1.9591,0.31921,0.062072,1.9853,0.17626,0.2939,2.2193,0.71711,0.067037,2.1608,0.44162,0.059105
2.0821,0.68728,1.7348,2.0737,0.57389,1.748,2.2209,0.59683,1.5615,1.9602,0.60455,1.5619,1.9946,0.62579,1.6958,2.2547,0.49183,1.4661,1.9454,0.48869,1.463,1.9589,0.3342,0.065652,1.9871,0.18795,0.29573,2.2195,0.71723,0.066568,2.1608,0.44162,0.059203
2.0834,0.69352,1.7352,2.0751,0.58004,1.7487,2.2221,0.60279,1.5622,1.9615,0.60998,1.5626,1.996,0.63172,1.6964,2.2562,0.49793,1.467,1.9471,0.49383,1.4638,1.9593,0.34976,0.068322,1.9894,0.20031,0.2963,2.2196,0.71739,0.065983,2.1609,0.44162,0.059361
2.0847,0.69973,1.7358,2.0766,0.58632,1.7496,2.2235,0.60871,1.5628,1.9629,0.61552,1.5634,1.9973,0.63776,1.697,2.2578,0.504,1.4679,1.9485,0.49874,1.4648,1.9599,0.36608,0.070397,1.9915,0.21303,0.29591,2.2203,0.71734,0.065809,2.1609,0.44166,0.059407
2.0859,0.70583,1.7361,2.078,0.59278,1.7504,2.2247,0.61466,1.5635,1.9639,0.62092,1.5642,1.9987,0.64375,1.6978,2.2591,0.50997,1.469,1.9501,0.5038,1.4659,1.9608,0.38333,0.07183,1.9934,0.22582,0.29473,2.2206,0.71739,0.065435,2.161,0.44167,0.059513
2.0871,0.71226,1.7367,2.0794,0.59905,1.7513,2.2258,0.62036,1.5644,1.9653,0.62634,1.5652,1.9998,0.64971,1.6986,2.2606,0.51597,1.47,1.9516,0.50892,1.467,1.9618,0.40161,0.073086,1.9953,0.23899,0.29221,2.221,0.71741,0.065043,2.1611,0.4417,0.059597
2.0882,0.71852,1.7371,2.0809,0.60525,1.7522,2.2269,0.62596,1.5654,1.9666,0.63173,1.566,2.0012,0.6555,1.6993,2.262,0.52202,1.471,1.953,0.51409,1.4681,1.9634,0.42088,0.073883,1.997,0.25231,0.28863,2.2213,0.71739,0.064728,2.1612,0.44169,0.059665
2.0893,0.72453,1.7376,2.0821,0.61139,1.753,2.2281,0.63172,1.5662,1.9677,0.63706,1.5667,2.0023,0.66134,1.7001,2.2631,0.52806,1.4718,1.9544,0.51932,1.4692,1.9652,0.44104,0.074678,1.9986,0.26571,0.28396,2.2214,0.71756,0.064336,2.1612,0.44172,0.059743
2.0904,0.73043,1.7382,2.0835,0.61738,1.7538,2.2296,0.6381,1.5664,1.9688,0.64246,1.5675,2.0035,0.66709,1.7009,2.2645,0.5341,1.4726,1.9556,0.52471,1.4702,1.967,0.46235,0.075427,2.0002,0.27977,0.27865,2.221,0.71795,0.063611,2.1613,0.44171,0.059775
2.0914,0.73645,1.7388,2.0848,0.62338,1.7546,2.2312,0.64485,1.566,1.97,0.6479,1.5683,2.0046,0.67287,1.7016,2.2656,0.54017,1.4734,1.9571,0.53014,1.4712,1.9693,0.48447,0.075855,2.0017,0.29328,0.27265,2.2218,0.71778,0.063903,2.1614,0.4417,0.059841
2.0924,0.74228,1.7395,2.086,0.62913,1.7553,2.2332,0.65244,1.5647,1.971,0.65335,1.5691,2.0058,0.67827,1.7023,2.2669,0.54615,1.4742,1.9582,0.53574,1.4719,1.9713,0.50663,0.076078,2.003,0.30774,0.26506,2.2219,0.71776,0.063773,2.1614,0.44171,0.059848
2.0933,0.74803,1.74,2.0873,0.63489,1.7559,2.235,0.65973,1.5637,1.972,0.65884,1.5699,2.0068,0.68399,1.703,2.268,0.55227,1.4749,1.9594,0.54139,1.4726,1.9732,0.52956,0.076846,2.0041,0.32316,0.25691,2.2221,0.71771,0.063694,2.1605,0.44276,0.058834
2.0942,0.75368,1.7406,2.0884,0.64056,1.7564,2.2357,0.66543,1.5646,1.9731,0.66428,1.5706,2.0079,0.68949,1.7036,2.269,0.55848,1.4753,1.9605,0.54716,1.4732,1.9751,0.55274,0.076817,2.0053,0.33896,0.24845,2.2222,0.71772,0.063591,2.1609,0.44206,0.058924
2.0952,0.75932,1.7413,2.0896,0.64612,1.7569,2.2349,0.66829,1.569,1.974,0.67001,1.5711,2.0089,0.69503,1.7042,2.2702,0.56468,1.4757,1.9617,0.55307,1.4736,1.9769,0.5758,0.076853,2.0067,0.35547,0.23946,2.2222,0.71772,0.063513,2.1609,0.44205,0.059663
2.0961,0.76498,1.7418,2.0907,0.65179,1.7572,2.2331,0.66933,1.5755,1.9749,0.67562,1.5716,2.0098,0.70051,1.7047,2.2712,0.57081,1.4761,1.9626,0.55893,1.4739,1.9783,0.59901,0.076549,2.0078,0.37257,0.23004,2.2222,0.71768,0.063458,2.1609,0.4421,0.059644
2.097,0.77056,1.7423,2.0917,0.65735,1.7575,2.2275,0.66397,1.5898,1.9758,0.68141,1.572,2.0107,0.70615,1.7051,2.2722,0.57711,1.4763,1.9637,0.56496,1.4742,1.9793,0.62204,0.076564,2.009,0.39026,0.22053,2.2222,0.71768,0.063373,2.1609,0.4421,0.059652
2.0978,0.77615,1.7427,2.0928,0.66286,1.7577,2.2213,0.65761,1.6051,1.9767,0.6873,1.5723,2.0117,0.71174,1.7055,2.2732,0.58355,1.4765,1.9646,0.57105,1.4743,1.9805,0.64581,0.07601,2.0102,0.40802,0.21121,2.2223,0.71765,0.06335,2.161,0.44186,0.059992
2.0986,0.78188,1.743,2.0937,0.66858,1.7577,2.2176,0.65561,1.6151,1.9775,0.69327,1.5725,2.0126,0.71742,1.7057,2.2739,0.58995,1.4765,1.9654,0.57725,1.4743,1.9814,0.6692,0.075671,2.0111,0.42643,0.20155,2.222,0.71793,0.063196,2.161,0.44184,0.060066
2.0994,0.78769,1.7433,2.0946,0.67434,1.7577,2.2162,0.65761,1.6202,1.9782,0.69934,1.5726,2.0133,0.72322,1.7059,2.2749,0.5965,1.4765,1.9663,0.58345,1.4743,1.9818,0.69333,0.075593,2.0122,0.44584,0.19155,2.2216,0.71832,0.062933,2.161,0.44186,0.060092
2.1002,0.79358,1.7434,2.0954,0.68001,1.7576,2.2182,0.66587,1.6174,1.9788,0.70535,1.5727,2.0141,0.72906,1.706,2.2755,0.60304,1.4764,1.9672,0.58962,1.4741,1.9822,0.71705,0.075384,2.0132,0.46525,0.18176,2.2216,0.71829,0.062816,2.1609,0.44186,0.060154
2.1008,0.7994,1.7435,2.0961,0.68598,1.7575,2.22,0.67446,1.6144,1.9796,0.71166,1.5726,2.0149,0.73506,1.7059,2.2765,0.60963,1.4763,1.9679,0.59587,1.4738,1.9823,0.74112,0.075101,2.0143,0.48533,0.17197,2.2216,0.7183,0.062772,2.1609,0.44192,0.060198
2.1014,0.80546,1.7435,2.0968,0.69197,1.7572,2.2204,0.68122,1.6138,1.9803,0.71797,1.5725,2.0156,0.74103,1.7057,2.277,0.61641,1.476,1.9686,0.60219,1.4736,1.9821,0.7649,0.075283,2.0154,0.50592,0.1622,2.2219,0.71779,0.062989,2.1609,0.44198,0.060261
2.102,0.81157,1.7433,2.0975,0.69805,1.7568,2.221,0.68698,1.6141,1.9809,0.72431,1.5722,2.0162,0.74729,1.7054,2.2777,0.62315,1.4757,1.9693,0.60851,1.4732,1.9818,0.78886,0.075868,2.0163,0.52687,0.15262,2.2218,0.7178,0.062875,2.1609,0.44201,0.060362
2.1026,0.8178,1.743,2.098,0.70427,1.7564,2.223,0.69577,1.6107,1.9815,0.73065,1.5718,2.0167,0.75356,1.7051,2.2783,0.62997,1.4753,1.9699,0.61491,1.4728,1.9815,0.81257,0.076253,2.0171,0.54801,0.1434,2.2219,0.71758,0.063034,2.1608,0.44206,0.060449
2.1031,0.82415,1.7426,2.0986,0.71066,1.7559,2.2273,0.70922,1.6019,1.982,0.73707,1.5714,2.0171,0.75994,1.7047,2.2789,0.63674,1.475,1.9705,0.6214,1.4723,1.9817,0.83666,0.076847,2.018,0.56954,0.13455,2.2218,0.71783,0.062813,2.1607,0.4421,0.060569
2.1035,0.83069,1.7421,2.0989,0.7172,1.7554,2.2327,0.72517,1.5902,1.9824,0.74363,1.5708,2.0176,0.7664,1.7042,2.2794,0.64365,1.4744,1.971,0.62781,1.4718,1.9818,0.86054,0.077349,2.0181,0.59052,0.12696,2.2217,0.71786,0.062791,2.1606,0.44216,0.060686
2.1038,0.83739,1.7416,2.0993,0.7237,1.7548,2.2379,0.7412,1.5784,1.9827,0.75028,1.5702,2.018,0.77301,1.7036,2.2799,0.65054,1.474,1.9714,0.63438,1.4713,1.9814,0.88369,0.078014,2.0196,0.61302,0.11787,2.2217,0.7179,0.062724,2.1605,0.44218,0.060842
2.1042,0.84406,1.7409,2.0995,0.73052,1.7542,2.242,0.75515,1.5692,1.9828,0.75707,1.5696,2.0182,0.77984,1.703,2.2803,0.65758,1.4733,1.9719,0.64081,1.4706,1.9813,0.90701,0.078511,2.0201,0.63515,0.11093,2.2217,0.71796,0.062679,2.1605,0.44224,0.060973
2.1044,0.85081,1.7403,2.0999,0.73733,1.7535,2.2439,0.76477,1.5652,1.983,0.76394,1.5689,2.0186,0.78654,1.7023,2.2807,0.66461,1.4727,1.9722,0.64736,1.4701,1.9814,0.93004,0.078782,2.0209,0.6576,0.10418,2.2216,0.71802,0.062598,2.1604,0.44232,0.061112
2.1046,0.85779,1.7394,2.1,0.74426,1.7529,2.2441,0.77151,1.5646,1.9833,0.77065,1.5682,2.0187,0.79342,1.7016,2.281,0.67162,1.472,1.9726,0.65393,1.4694,1.9817,0.95323,0.078854,2.0216,0.68003,0.098463,2.2216,0.71808,0.062543,2.1604,0.44239,0.061263
2.1047,0.86484,1.7387,2.1003,0.75128,1.7522,2.2442,0.77855,1.5638,1.9829,0.77687,1.5673,2.019,0.8004,1.7008,2.2813,0.67866,1.4714,1.9728,0.6606,1.4688,1.9821,0.9764,0.078823,2.0222,0.70229,0.093606,2.2216,0.71809,0.062511,2.1605,0.44247,0.061491
2.1048,0.87191,1.7379,2.1004,0.75845,1.7515,2.2444,0.78528,1.5632,1.983,0.78375,1.5666,2.019,0.8075,1.7001,2.2814,0.68585,1.4706,1.973,0.66739,1.4681,1.9827,0.99931,0.079409,2.0232,0.7255,0.089323,2.2216,0.71815,0.062446,2.1604,0.44254,0.061778
2.1048,0.87902,1.737,2.1005,0.76565,1.7507,2.2443,0.79248,1.5622,1.983,0.79056,1.5658,2.019,0.81453,1.6993,2.2815,0.69293,1.4699,1.9731,0.67413,1.4674,1.9835,1.022,0.081082,2.0238,0.74772,0.085334,2.2217,0.7182,0.062409,2.1604,0.44259,0.062181
2.1048,0.88621,1.7361,2.1005,0.77275,1.75,2.2445,0.79927,1.5616,1.983,0.79752,1.565,2.019,0.82159,1.6985,2.2815,0.70011,1.469,1.9731,0.68095,1.4667,1.9846,1.0442,0.084423,2.0249,0.76994,0.080794,2.2217,0.71826,0.062356,2.1603,0.44265,0.062733
2.1046,0.89345,1.7352,2.1005,0.78002,1.7492,2.2443,0.80672,1.5605,1.9829,0.80462,1.5641,2.0191,0.82884,1.6976,2.2816,0.70732,1.4683,1.9731,0.68791,1.466,1.9861,1.0661,0.089494,2.0268,0.79373,0.075661,2.2217,0.7183,0.062307,2.1602,0.4427,0.063464
2.1046,0.90075,1.7342,2.1004,0.7873,1.7484,2.2443,0.81359,1.5599,1.9828,0.81163,1.5633,2.0189,0.83592,1.6968,2.2814,0.71462,1.4673,1.9731,0.69494,1.4652,1.9878,1.0871,0.0962,2.0263,0.81414,0.072569,2.2217,0.71835,0.062289,2.1602,0.44281,0.064205
2.1043,0.90802,1.7332,2.1003,0.79469,1.7475,2.244,0.82106,1.5588,1.9827,0.81859,1.5624,2.0188,0.84314,1.6958,2.2813,0.72177,1.4664,1.9729,0.70196,1.4645,1.9902,1.107,0.10378,2.0264,0.83469,0.069619,2.2217,0.71837,0.062228,2.1602,0.44294,0.065005
2.1041,0.91523,1.7323,2.1002,0.80193,1.7465,2.2439,0.82806,1.5579,1.9824,0.82573,1.5615,2.0185,0.85036,1.6949,2.2811,0.72911,1.4654,1.9727,0.70913,1.4636,1.9929,1.1261,0.11187,2.0264,0.85479,0.06702,2.2217,0.71838,0.062197,2.1601,0.44309,0.065938
2.1037,0.92267,1.7312,2.0999,0.80921,1.7457,2.2435,0.83555,1.5569,1.9821,0.83285,1.5605,2.0182,0.85754,1.694,2.2809,0.73635,1.4643,1.9724,0.7164,1.4629,1.9963,1.1443,0.11976,2.0258,0.87415,0.065061,2.2218,0.71842,0.062147,2.1601,0.4431,0.067219
2.1034,0.92993,1.7302,2.0997,0.81661,1.7447,2.2433,0.84291,1.5559,1.9818,0.84005,1.5597,2.0179,0.86483,1.693,2.2805,0.74357,1.4633,1.9721,0.72382,1.4619,2.0002,1.1614,0.12755,2.0247,0.89267,0.063687,2.2218,0.71849,0.062122,2.1599,0.44324,0.068627
2.1031,0.93736,1.7293,2.0993,0.82397,1.7438,2.2428,0.85028,1.555,1.9814,0.84721,1.5587,2.0176,0.87212,1.6921,2.2801,0.75097,1.4622,1.9716,0.73126,1.461,2.0046,1.1773,0.13486,2.0236,0.91025,0.062779,2.2217,0.71853,0.062036,2.16,0.44362,0.069939
2.1026,0.94472,1.7284,2.099,0.83132,1.7429,2.2423,0.85801,1.5539,1.981,0.85451,1.5579,2.0172,0.87948,1.6912,2.2796,0.75833,1.4611,1.9711,0.73878,1.4602,2.0091,1.1919,0.14172,2.0223,0.92636,0.062167,2.2217,0.71864,0.061982,2.1598,0.44387,0.071847
2.1022,0.95208,1.7275,2.0987,0.83872,1.7419,2.242,0.86518,1.553,1.9805,0.86189,1.557,2.0168,0.88683,1.6904,2.279,0.76568,1.4599,1.9705,0.74639,1.4593,2.0136,1.2049,0.14778,2.0217,0.94118,0.0613,2.2218,0.71876,0.061923,2.1596,0.44427,0.07373
2.1017,0.95962,1.7267,2.0982,0.84621,1.7411,2.2413,0.8728,1.552,1.98,0.86939,1.5562,2.0162,0.89419,1.6896,2.2784,0.773,1.4589,1.9698,0.75401,1.4584,2.0177,1.2164,0.15248,2.0225,0.95457,0.060148,2.2218,0.71891,0.061857,2.1596,0.44473,0.075912
2.1012,0.96708,1.7258,2.0977,0.8536,1.7402,2.2408,0.88024,1.5511,1.9791,0.8769,1.5555,2.0157,0.90177,1.6888,2.2777,0.78044,1.4579,1.969,0.76183,1.4576,2.0205,1.2261,0.15571,2.0245,0.9658,0.059187,2.2219,0.71903,0.061797,2.1594,0.44526,0.07815
2.1007,0.97467,1.7251,2.0972,0.86111,1.7395,2.2399,0.88793,1.5501,1.9786,0.88448,1.5549,2.0152,0.90934,1.6882,2.2768,0.78792,1.4569,1.9682,0.76951,1.4568,2.022,1.2344,0.15719,2.0272,0.97536,0.057881,2.2219,0.71919,0.061731,2.1596,0.4459,0.08058
2.1002,0.98222,1.7244,2.0965,0.86875,1.7387,2.2391,0.89559,1.5492,1.9777,0.89234,1.5541,2.0146,0.91708,1.6874,2.2761,0.79526,1.456,1.9672,0.77727,1.4562,2.023,1.2419,0.15678,2.0295,0.98293,0.056769,2.222,0.71937,0.061633,2.1598,0.44656,0.083058
2.0996,0.98984,1.7237,2.0959,0.87625,1.738,2.2385,0.90278,1.5484,1.9771,0.89999,1.5536,2.0139,0.92474,1.6868,2.275,0.80285,1.4552,1.9661,0.78517,1.4555,2.0243,1.248,0.15499,2.0315,0.98931,0.055181,2.222,0.71952,0.061564,2.1602,0.44719,0.085964
2.099,0.99751,1.7231,2.0952,0.88412,1.7373,2.2374,0.91062,1.5475,1.9762,0.9079,1.553,2.0132,0.93253,1.6863,2.2739,0.81032,1.4544,1.9651,0.793,1.4549,2.0261,1.2532,0.15224,2.0321,0.99378,0.053754,2.2221,0.71973,0.061462,2.1607,0.44805,0.088942
2.0984,1.0054,1.7224,2.0944,0.89179,1.7367,2.2366,0.9179,1.5469,1.9753,0.91577,1.5525,2.0124,0.94045,1.6856,2.2729,0.81789,1.4537,1.964,0.80081,1.4543,2.0284,1.2572,0.14876,2.0324,0.99742,0.052017,2.2221,0.71992,0.061412,2.1611,0.44898,0.092219
2.0977,1.013,1.7218,2.0935,0.89958,1.7361,2.2356,0.9256,1.546,1.9743,0.92383,1.552,2.0117,0.94815,1.6852,2.2717,0.82537,1.453,1.9628,0.80865,1.4538,2.03,1.2601,0.14432,2.0326,0.999,0.05281,2.2222,0.72018,0.061285,2.1612,0.45003,0.095605
2.0968,1.0209,1.7211,2.0926,0.9074,1.7355,2.2345,0.93312,1.5454,1.9733,0.93171,1.5515,2.0107,0.95627,1.6846,2.2704,0.83288,1.4524,1.9614,0.81661,1.4532,2.031,1.2627,0.13846,2.0329,1,0.053078,2.2222,0.72044,0.061213,2.1613,0.45126,0.09933
2.0961,1.0287,1.7205,2.0915,0.91537,1.735,2.2334,0.94066,1.5447,1.9721,0.93973,1.5511,2.0098,0.96417,1.6841,2.269,0.84039,1.4517,1.9601,0.8245,1.4527,2.0319,1.2651,0.13281,2.0333,1.0009,0.053338,2.2224,0.72071,0.061124,2.1614,0.45273,0.10332
2.0952,1.0366,1.7201,2.0905,0.92317,1.7346,2.2322,0.9482,1.5441,1.971,0.9479,1.5508,2.0088,0.97243,1.6837,2.2676,0.84781,1.4512,1.9586,0.83248,1.4522,2.0328,1.2675,0.12751,2.0338,1.0025,0.053917,2.2225,0.72101,0.060902,2.1615,0.45457,0.10749
2.0944,1.0446,1.7196,2.0893,0.93119,1.7343,2.231,0.95565,1.5438,1.9698,0.95608,1.5504,2.0077,0.98048,1.6835,2.2662,0.8554,1.4506,1.9571,0.84061,1.4516,2.0336,1.2708,0.12233,2.034,1.0041,0.055312,2.2227,0.72128,0.060817,2.1612,0.45655,0.11222
2.0935,1.0524,1.7195,2.0881,0.93916,1.7341,2.2297,0.9632,1.5435,1.9685,0.96415,1.5503,2.0067,0.98857,1.6832,2.2647,0.86294,1.4502,1.9555,0.84862,1.4513,2.0345,1.2741,0.11691,2.0341,1.0059,0.056383,2.2227,0.72148,0.060358,2.1611,0.45883,0.11727
2.0925,1.0608,1.7194,2.0869,0.94722,1.734,2.2285,0.9709,1.5434,1.9672,0.97261,1.5504,2.0055,0.99683,1.6833,2.2631,0.8707,1.4497,1.9538,0.85703,1.4509,2.0359,1.2773,0.11065,2.034,1.0072,0.057333,2.2229,0.72164,0.060203,2.1609,0.46153,0.12286
2.0915,1.0686,1.7192,2.0855,0.9554,1.7342,2.2271,0.97878,1.5435,1.9658,0.98091,1.5506,2.0042,1.0053,1.6834,2.2616,0.87823,1.4496,1.9522,0.86517,1.4508,2.0371,1.2798,0.10495,2.0338,1.0078,0.058175,2.2231,0.72185,0.060072,2.1605,0.46494,0.12873
2.0904,1.0767,1.7196,2.084,0.96362,1.7347,2.2256,0.98667,1.5437,1.9645,0.9896,1.5509,2.003,1.0137,1.6839,2.2601,0.8861,1.4496,1.9505,0.8735,1.4508,2.0379,1.2819,0.10105,2.0336,1.0082,0.058816,2.2232,0.7221,0.059889,2.16,0.46892,0.1352
2.0892,1.085,1.7201,2.0827,0.97174,1.7351,2.2242,0.99445,1.5443,1.963,0.99794,1.5516,2.0016,1.0221,1.6844,2.2587,0.89385,1.45,1.9488,0.88177,1.4511,2.0381,1.2831,0.098439,2.0336,1.0085,0.059249,2.2234,0.72257,0.059634,2.1593,0.47361,0.14224
2.088,1.0933,1.7209,2.0811,0.98018,1.7359,2.2227,1.0027,1.5449,1.9617,1.0068,1.5522,2.0002,1.0308,1.6851,2.2571,0.90183,1.4507,1.9472,0.89018,1.4516,2.0385,1.2839,0.095914,2.0336,1.009,0.059491,2.2234,0.72304,0.059446,2.1585,0.47931,0.14978
2.0868,1.102,1.7217,2.0796,0.9886,1.7367,2.2212,1.0108,1.5457,1.9602,1.0154,1.5531,1.9986,1.0394,1.686,2.2558,0.90999,1.4514,1.9456,0.89857,1.4524,2.0393,1.2849,0.09326,2.0336,1.0096,0.059564,2.2235,0.72353,0.05902,2.1575,0.48616,0.15816
2.0854,1.1104,1.7225,2.0781,0.99692,1.7372,2.22,1.0187,1.5469,1.9588,1.0239,1.5538,1.9974,1.0479,1.6867,2.2543,0.91794,1.4525,1.9441,0.90692,1.4533,2.0405,1.2855,0.090755,2.0336,1.0101,0.059852,2.2235,0.72374,0.058792,2.1567,0.49417,0.16681
2.084,1.1188,1.7232,2.0765,1.0055,1.7382,2.2185,1.0268,1.548,1.9574,1.0324,1.5545,1.9957,1.0566,1.6875,2.2527,0.92614,1.4536,1.9427,0.91522,1.4544,2.0419,1.2863,0.08798,2.0334,1.0106,0.060223,2.2235,0.72422,0.058605,2.1559,0.5035,0.17618
2.0824,1.1272,1.724,2.0749,1.0139,1.739,2.217,1.0351,1.5489,1.9562,1.0409,1.5552,1.9942,1.0651,1.6882,2.2512,0.93414,1.4548,1.9412,0.92369,1.4555,2.043,1.2868,0.085611,2.0332,1.0109,0.060614,2.2235,0.7252,0.058414,2.1556,0.51411,0.1855
2.0809,1.1357,1.7247,2.0732,1.0225,1.7399,2.2157,1.0434,1.5499,1.9548,1.0491,1.5558,1.9928,1.0735,1.6888,2.2498,0.94216,1.4558,1.9399,0.93199,1.4566,2.0438,1.2874,0.083205,2.033,1.0112,0.060937,2.2236,0.72659,0.058049,2.1554,0.52566,0.19514
2.0795,1.144,1.7252,2.0717,1.0308,1.7405,2.2146,1.0511,1.5509,1.9536,1.0575,1.5563,1.9914,1.0819,1.6893,2.2482,0.95022,1.4567,1.9385,0.94046,1.4577,2.044,1.2878,0.081061,2.0328,1.0114,0.06123,2.2233,0.72899,0.057602,2.1552,0.53803,0.20498
2.078,1.1522,1.7257,2.0701,1.0392,1.7412,2.2131,1.0594,1.5516,1.9523,1.0655,1.5567,1.9898,1.09,1.6898,2.2466,0.95819,1.4575,1.9372,0.9489,1.4586,2.0441,1.2882,0.078987,2.0327,1.0116,0.061503,2.2233,0.73186,0.056723,2.1552,0.55159,0.21501
2.0765,1.1607,1.7261,2.0687,1.0473,1.7415,2.212,1.0677,1.5522,1.951,1.0736,1.557,1.9885,1.0984,1.69,2.2452,0.96594,1.458,1.9358,0.9575,1.4594,2.0444,1.2888,0.076667,2.0326,1.0117,0.061726,2.2235,0.73507,0.055837,2.1545,0.56489,0.22634
2.0752,1.1686,1.7265,2.0673,1.0553,1.742,2.2108,1.0755,1.5528,1.95,1.0816,1.5572,1.9873,1.1064,1.6903,2.2439,0.97361,1.4585,1.9345,0.96601,1.46,2.0448,1.2893,0.074865,2.033,1.0124,0.061392,2.2236,0.7395,0.054752,2.1538,0.57915,0.23751
2.074,1.1766,1.7267,2.066,1.0635,1.7423,2.2097,1.0835,1.5532,1.9489,1.0898,1.5573,1.9859,1.1145,1.6905,2.2425,0.98123,1.4587,1.9334,0.97449,1.4606,2.045,1.2896,0.073639,2.0336,1.0129,0.061167,2.2243,0.74443,0.052974,2.1532,0.59437,0.24857
2.0728,1.1847,1.727,2.0649,1.0716,1.7426,2.2085,1.0917,1.5535,1.9477,1.0975,1.5577,1.9848,1.1224,1.6908,2.2415,0.98865,1.4588,1.9322,0.98296,1.4609,2.0453,1.29,0.072257,2.0331,1.0126,0.061768,2.2249,0.74989,0.050758,2.1522,0.60979,0.25983
2.0717,1.1927,1.7274,2.0638,1.0796,1.743,2.2076,1.0994,1.554,1.9467,1.1056,1.558,1.9837,1.1305,1.6911,2.2404,0.99605,1.459,1.931,0.99147,1.4613,2.0456,1.2902,0.070869,2.0336,1.0133,0.061222,2.2258,0.756,0.048397,2.1508,0.6261,0.26997
2.0707,1.2008,1.7277,2.0627,1.0877,1.7433,2.2066,1.1075,1.5544,1.9458,1.1137,1.5582,1.9829,1.1386,1.6914,2.2393,1.0032,1.4592,1.93,0.99992,1.4616,2.0458,1.2905,0.069612,2.034,1.0133,0.061101,2.2279,0.76235,0.046355,2.1479,0.64084,0.27905
2.0698,1.2088,1.7279,2.0618,1.0956,1.7437,2.2058,1.1155,1.5548,1.945,1.1216,1.5584,1.9818,1.1464,1.6917,2.2386,1.0102,1.4593,1.929,1.0082,1.4619,2.0459,1.291,0.068552,2.0341,1.0134,0.061007,2.2305,0.77202,0.046578,2.1447,0.65527,0.28513
2.069,1.2172,1.7282,2.0609,1.1038,1.744,2.205,1.1235,1.5552,1.9442,1.1295,1.5586,1.9811,1.1546,1.6919,2.2376,1.0172,1.4596,1.928,1.0167,1.4622,2.0459,1.2913,0.067738,2.0334,1.0129,0.061681,2.2318,0.78593,0.052479,2.1413,0.66998,0.28974
2.0681,1.225,1.7285,2.0602,1.1119,1.7444,2.2044,1.1312,1.5557,1.9435,1.1371,1.5591,1.9803,1.1626,1.6918,2.2366,1.0241,1.4601,1.927,1.0248,1.4627,2.0459,1.2915,0.066944,2.0331,1.0124,0.062472,2.2327,0.80215,0.059498,2.1377,0.68519,0.29298
2.0674,1.2332,1.7287,2.0594,1.1199,1.745,2.2038,1.1389,1.5562,1.9429,1.145,1.5594,1.9798,1.1707,1.6921,2.2358,1.0309,1.4606,1.926,1.033,1.4632,2.0459,1.2918,0.066187,2.0335,1.013,0.062177,2.2339,0.81957,0.063475,2.1346,0.70086,0.29523
2.0668,1.2412,1.7292,2.0589,1.1282,1.7455,2.2033,1.1466,1.557,1.9424,1.1528,1.56,1.9791,1.1788,1.6927,2.2349,1.0379,1.4612,1.9252,1.0411,1.4638,2.0458,1.292,0.065476,2.0336,1.013,0.06187,2.2347,0.83769,0.066837,2.1319,0.71717,0.29649
2.0665,1.2494,1.7295,2.0583,1.1365,1.7463,2.2027,1.1542,1.5575,1.9419,1.1608,1.5606,1.9789,1.1869,1.6932,2.234,1.0447,1.4621,1.9244,1.0493,1.4645,2.0457,1.2924,0.064839,2.0336,1.013,0.062128,2.2346,0.85733,0.069297,2.1295,0.7342,0.2964
2.0661,1.2575,1.73,2.058,1.1445,1.747,2.2022,1.162,1.558,1.9414,1.1687,1.5613,1.9785,1.1949,1.6938,2.2332,1.0518,1.4628,1.9235,1.0572,1.4653,2.0456,1.2926,0.064413,2.0341,1.0138,0.061816,2.2345,0.87777,0.070856,2.1276,0.75131,0.29543
2.066,1.2654,1.7305,2.0576,1.1527,1.7477,2.2018,1.1692,1.5587,1.941,1.1766,1.5621,1.9783,1.2032,1.6946,2.2323,1.0589,1.4636,1.9228,1.0654,1.4661,2.0455,1.2928,0.06403,2.0293,1.0094,0.066123,2.2345,0.89994,0.071775,2.126,0.76892,0.29289
2.066,1.2735,1.7311,2.0574,1.1607,1.7485,2.2014,1.1766,1.5593,1.9406,1.1845,1.5629,1.9781,1.211,1.6955,2.2314,1.0658,1.4645,1.922,1.0733,1.4671,2.0455,1.293,0.06364,2.0293,1.0094,0.066178,2.234,0.9237,0.0722,2.1248,0.78648,0.28919
2.0661,1.2814,1.7316,2.0571,1.1686,1.7494,2.2008,1.1842,1.5598,1.9402,1.1925,1.5637,1.9779,1.2193,1.6961,2.2306,1.0728,1.4653,1.9212,1.0814,1.468,2.0454,1.2932,0.063294,2.0293,1.0095,0.066241,2.2334,0.94903,0.072419,2.124,0.8041,0.28413
2.0662,1.2892,1.7323,2.057,1.1764,1.75,2.2006,1.1911,1.5604,1.9398,1.2003,1.5647,1.9777,1.2272,1.6968,2.2299,1.08,1.4659,1.9206,1.0894,1.4689,2.0454,1.2934,0.063065,2.0292,1.0095,0.066302,2.2327,0.97584,0.072531,2.1236,0.82176,0.27798
2.0663,1.2971,1.7329,2.0569,1.1844,1.7506,2.2002,1.1987,1.5609,1.9395,1.2084,1.5655,1.9776,1.2352,1.6977,2.2291,1.0873,1.4665,1.92,1.0974,1.4698,2.0454,1.2935,0.062906,2.0292,1.0095,0.06633,2.2321,1.0038,0.072584,2.1235,0.84003,0.27059
2.0665,1.3047,1.7335,2.0568,1.1919,1.7513,2.1998,1.2061,1.5613,1.9392,1.2164,1.5664,1.9775,1.2431,1.6984,2.2284,1.0943,1.4673,1.9192,1.1053,1.4707,2.0453,1.2935,0.062758,2.0292,1.0096,0.066287,2.2321,1.0328,0.072804,2.1237,0.85853,0.26219
2.0665,1.3122,1.7343,2.0566,1.1995,1.752,2.1996,1.2131,1.5618,1.9389,1.2243,1.5671,1.9775,1.2511,1.6991,2.2277,1.1019,1.4676,1.9187,1.1136,1.4714,2.0453,1.2936,0.062624,2.0316,1.011,0.063611,2.2324,1.0619,0.072811,2.1239,0.87797,0.25249
2.0668,1.32,1.7347,2.0564,1.2072,1.7524,2.1993,1.2207,1.5621,1.9388,1.2325,1.5677,1.9775,1.2587,1.6998,2.2271,1.109,1.468,1.9181,1.1214,1.4722,2.0452,1.2937,0.062571,2.0329,1.0121,0.062433,2.2327,1.0916,0.072916,2.1241,0.89771,0.24235
2.067,1.3273,1.7353,2.0564,1.2148,1.7529,2.199,1.228,1.5625,1.9385,1.2404,1.5684,1.9776,1.2667,1.7004,2.2265,1.1163,1.4684,1.9177,1.1297,1.4728,2.0456,1.294,0.062158,2.0328,1.0121,0.062742,2.234,1.1205,0.072047,2.1243,0.91884,0.23109
2.0671,1.335,1.7359,2.0563,1.2221,1.7534,2.1988,1.2352,1.563,1.9383,1.2484,1.5689,1.9775,1.2746,1.701,2.2259,1.1238,1.4686,1.9172,1.1377,1.4735,2.045,1.2938,0.062466,2.0327,1.0124,0.062904,2.2355,1.1502,0.072053,2.1245,0.94004,0.21995
2.0674,1.3425,1.7363,2.0562,1.23,1.7537,2.1986,1.2429,1.5631,1.9382,1.2566,1.5694,1.9776,1.2822,1.7014,2.2255,1.1311,1.4689,1.9168,1.146,1.4739,2.0446,1.2933,0.062562,2.0327,1.0124,0.06299,2.2383,1.1793,0.072426,2.1248,0.96244,0.20791
2.0675,1.3503,1.7367,2.0561,1.2375,1.7541,2.1985,1.25,1.5635,1.9386,1.2653,1.57,1.9775,1.2903,1.7017,2.225,1.1386,1.469,1.9164,1.154,1.4743,2.0445,1.2934,0.062472,2.0327,1.0125,0.063029,2.2409,1.2086,0.07254,2.1251,0.9855,0.19573
2.0677,1.3575,1.7371,2.056,1.2452,1.7543,2.1983,1.2578,1.5636,1.9381,1.2727,1.5701,1.9775,1.298,1.7021,2.2247,1.146,1.4693,1.9161,1.1623,1.4746,2.0444,1.2934,0.062441,2.0327,1.0127,0.06313,2.2436,1.2374,0.072414,2.1257,1.0095,0.18349
2.0679,1.3655,1.7372,2.0559,1.2528,1.7544,2.1983,1.2651,1.5637,1.9383,1.2811,1.5704,1.9775,1.306,1.7023,2.2243,1.1537,1.4693,1.9158,1.1705,1.4748,2.0444,1.2935,0.06235,2.0328,1.0128,0.063269,2.2467,1.2659,0.071656,2.1267,1.0335,0.17278
2.0681,1.373,1.7375,2.0559,1.2603,1.7545,2.1983,1.2727,1.5638,1.9386,1.2898,1.5707,1.9776,1.3138,1.7024,2.2241,1.1611,1.4694,1.9156,1.1787,1.4749,2.0444,1.2936,0.062299,2.0328,1.013,0.06353,2.2495,1.294,0.070907,2.1273,1.0582,0.16183
2.0684,1.3809,1.7375,2.0558,1.2681,1.7545,2.1981,1.2805,1.5637,1.9385,1.2976,1.5708,1.978,1.3216,1.7025,2.2239,1.1688,1.4694,1.9154,1.1868,1.475,2.0445,1.2932,0.061703,2.0329,1.0131,0.063878,2.2518,1.3221,0.070336,2.1284,1.0833,0.15106
2.0684,1.3885,1.7376,2.0559,1.2758,1.7544,2.1982,1.2882,1.5638,1.9381,1.3051,1.5705,1.978,1.3295,1.7025,2.2237,1.1764,1.4694,1.9154,1.1951,1.4748,2.0445,1.2933,0.061537,2.0329,1.0133,0.064462,2.254,1.3505,0.06997,2.1298,1.1088,0.14072
2.0686,1.3965,1.7375,2.0559,1.2838,1.7543,2.1983,1.2958,1.5635,1.9386,1.3141,1.5706,1.9782,1.3374,1.7023,2.2235,1.1842,1.4692,1.9153,1.2032,1.4748,2.0445,1.2934,0.061488,2.0329,1.0135,0.065004,2.2556,1.3785,0.069875,2.1315,1.1346,0.13134
2.0688,1.4043,1.7372,2.0559,1.2918,1.7539,2.1984,1.3036,1.5634,1.9387,1.3223,1.5703,1.9783,1.3455,1.7021,2.2235,1.1919,1.4691,1.9153,1.2116,1.4745,2.0444,1.2935,0.061537,2.0328,1.0136,0.065702,2.257,1.4068,0.070055,2.1338,1.1597,0.12263
2.0689,1.4122,1.7371,2.056,1.2997,1.7536,2.1984,1.3116,1.5628,1.9389,1.3303,1.5698,1.9783,1.3536,1.7018,2.2234,1.1998,1.4688,1.9153,1.2197,1.4742,2.0448,1.2938,0.061188,2.0327,1.0137,0.066386,2.2577,1.435,0.070335,2.1356,1.1854,0.11479
2.0692,1.4204,1.7365,2.0561,1.3079,1.7532,2.1985,1.3194,1.5626,1.9389,1.3389,1.5696,1.9786,1.3616,1.7014,2.2235,1.2079,1.4684,1.9153,1.2279,1.4738,2.045,1.294,0.061076,2.0326,1.0139,0.067017,2.2585,1.4624,0.071553,2.1375,1.2106,0.10748
2.0695,1.428,1.7362,2.0562,1.3156,1.7528,2.1988,1.3274,1.562,1.939,1.3466,1.569,1.9787,1.37,1.701,2.224,1.2159,1.4678,1.9156,1.2363,1.4731,2.0447,1.2941,0.06143,2.0326,1.0141,0.067665,2.2588,1.4895,0.073033,2.1392,1.2375,0.10008
2.0696,1.4366,1.7356,2.0564,1.324,1.7523,2.1988,1.3356,1.5616,1.9392,1.3551,1.5684,1.9788,1.3782,1.7003,2.2243,1.2242,1.4672,1.9157,1.2443,1.4726,2.0447,1.2941,0.061352,2.0326,1.0142,0.068597,2.2587,1.5167,0.0747,2.1407,1.2633,0.094311
2.0698,1.4446,1.7351,2.0565,1.3323,1.7516,2.199,1.3436,1.5611,1.9394,1.3635,1.5676,1.9791,1.3864,1.6997,2.2244,1.2323,1.4667,1.916,1.2527,1.4719,2.0447,1.2942,0.061304,2.0326,1.0142,0.069697,2.2584,1.5434,0.076385,2.1419,1.289,0.089434
2.0701,1.4528,1.7344,2.0566,1.3404,1.751,2.1992,1.3521,1.5603,1.9398,1.3715,1.567,1.979,1.3948,1.699,2.2247,1.2405,1.4661,1.9163,1.2611,1.4712,2.0446,1.2942,0.061276,2.0326,1.0143,0.070915,2.2583,1.5699,0.078702,2.1426,1.3143,0.085183
2.0703,1.4614,1.7336,2.0567,1.3489,1.7501,2.1996,1.3601,1.5598,1.9399,1.38,1.5661,1.9793,1.4031,1.6982,2.225,1.249,1.4654,1.9167,1.2693,1.4704,2.0446,1.2942,0.061266,2.0328,1.0146,0.071911,2.2575,1.5961,0.081838,2.1431,1.34,0.081122
2.0704,1.4694,1.7328,2.0569,1.3573,1.7493,2.2,1.3684,1.559,1.9403,1.3884,1.5651,1.9795,1.4116,1.6972,2.2253,1.2571,1.4648,1.9171,1.2776,1.4696,2.0448,1.2941,0.061282,2.0331,1.0149,0.073165,2.2572,1.6215,0.086502,2.1436,1.3648,0.077285
2.0707,1.4782,1.7318,2.0571,1.3655,1.7485,2.2004,1.3768,1.5583,1.9408,1.3968,1.5641,1.9797,1.4199,1.6963,2.2257,1.2655,1.4641,1.9175,1.2859,1.4687,2.0448,1.2943,0.061213,2.0334,1.0151,0.074765,2.2569,1.6457,0.093043,2.1441,1.3895,0.07356
2.0709,1.4863,1.7309,2.0574,1.3739,1.7474,2.2009,1.385,1.5575,1.9412,1.4055,1.5631,1.9801,1.4283,1.6953,2.2263,1.2737,1.4634,1.9182,1.2945,1.4676,2.0448,1.2944,0.061172,2.0336,1.0155,0.076377,2.2562,1.669,0.10098,2.1444,1.4139,0.070039
2.0712,1.4948,1.7299,2.0577,1.3825,1.7465,2.2012,1.3935,1.5565,1.9416,1.4135,1.5622,1.9803,1.4369,1.6941,2.2268,1.2821,1.4626,1.9188,1.3027,1.4665,2.0449,1.2945,0.06113,2.0339,1.0159,0.07804,2.2547,1.692,0.10971,2.1449,1.4377,0.067061
2.0716,1.5036,1.7287,2.058,1.3909,1.7454,2.2017,1.402,1.5556,1.9417,1.421,1.5607,1.981,1.445,1.6931,2.2274,1.2906,1.4616,1.9195,1.3109,1.4655,2.0449,1.2946,0.061096,2.0341,1.0164,0.079886,2.2528,1.7147,0.11868,2.1457,1.4612,0.064589
2.072,1.5117,1.7276,2.0585,1.3996,1.7445,2.2016,1.4106,1.5545,1.9428,1.4304,1.5596,1.9814,1.4534,1.6919,2.2282,1.2989,1.4607,1.9202,1.3191,1.4643,2.0449,1.2947,0.061067,2.0343,1.017,0.081719,2.2507,1.7361,0.1276,2.1468,1.4839,0.062588
2.0725,1.5204,1.7263,2.059,1.4081,1.7433,2.203,1.4186,1.5538,1.9433,1.4387,1.5584,1.9818,1.462,1.6906,2.2289,1.3074,1.4598,1.921,1.3277,1.4632,2.045,1.295,0.060935,2.0343,1.0176,0.083832,2.2483,1.7563,0.13666,2.1483,1.5052,0.061457
2.0733,1.5287,1.7251,2.0596,1.4166,1.7421,2.2035,1.4274,1.5525,1.9435,1.4461,1.5569,1.9823,1.4705,1.6894,2.2298,1.3158,1.4587,1.9217,1.3359,1.4619,2.0449,1.2952,0.060826,2.0342,1.0182,0.085938,2.2455,1.7754,0.14579,2.1494,1.526,0.060473
2.0738,1.5369,1.7239,2.0601,1.4251,1.7409,2.2042,1.4358,1.5515,1.9442,1.4544,1.5555,1.9827,1.479,1.688,2.2306,1.3243,1.4575,1.9227,1.3442,1.4605,2.0449,1.2954,0.060737,2.0341,1.0187,0.088516,2.2425,1.7932,0.15447,2.1513,1.5459,0.059478
2.0745,1.5456,1.7225,2.0606,1.4337,1.7396,2.2051,1.4443,1.5504,1.9449,1.4629,1.5541,1.9834,1.4876,1.6868,2.2315,1.3327,1.4564,1.9236,1.3524,1.4593,2.045,1.2955,0.060654,2.0338,1.0195,0.090961,2.2392,1.8094,0.16229,2.1527,1.5641,0.058675
2.0751,1.5544,1.7213,2.0614,1.4425,1.7385,2.2059,1.4528,1.5494,1.9458,1.4713,1.5528,1.9841,1.4961,1.6855,2.2325,1.3412,1.4551,1.9244,1.361,1.458,2.0449,1.2958,0.060599,2.0338,1.0206,0.093539,2.2356,1.8241,0.16859,2.1527,1.5807,0.057868
2.0757,1.5628,1.7201,2.0622,1.4509,1.7375,2.2068,1.4613,1.5483,1.9467,1.4794,1.5517,1.985,1.5045,1.6842,2.2336,1.3497,1.4538,1.9254,1.3693,1.4567,2.0446,1.296,0.060468,2.0333,1.0213,0.096556,2.2325,1.8368,0.17264,2.1513,1.5955,0.056949
2.0765,1.5713,1.7191,2.0631,1.4593,1.7364,2.2077,1.4698,1.5473,1.9476,1.4877,1.5505,1.9858,1.5133,1.683,2.2346,1.3582,1.4526,1.9264,1.3777,1.4554,2.0451,1.2957,0.060559,2.033,1.0225,0.099494,2.23,1.8481,0.17445,2.1491,1.6076,0.056634
2.0773,1.58,1.718,2.0639,1.4679,1.7353,2.2087,1.4782,1.5464,1.9486,1.4961,1.5494,1.9865,1.5215,1.682,2.2356,1.3666,1.4515,1.9274,1.3859,1.4542,2.0451,1.2958,0.060463,2.0324,1.0237,0.10269,2.2277,1.8578,0.17409,2.1469,1.618,0.055535
2.0783,1.5888,1.7169,2.0648,1.4767,1.7343,2.2097,1.4871,1.5453,1.9496,1.5047,1.5484,1.9875,1.5301,1.681,2.2367,1.3751,1.4503,1.9284,1.3945,1.453,2.0451,1.2958,0.060356,2.0314,1.025,0.10633,2.2246,1.8663,0.17237,2.1453,1.626,0.054119
2.0793,1.597,1.716,2.066,1.4852,1.7335,2.2107,1.4958,1.5445,1.9506,1.5133,1.5474,1.9886,1.5383,1.6801,2.2378,1.3837,1.4492,1.9295,1.4033,1.4519,2.045,1.2959,0.060207,2.0306,1.0266,0.11015,2.2207,1.8734,0.16952,2.1448,1.6319,0.05199
2.0803,1.6054,1.7153,2.067,1.4936,1.7328,2.2113,1.5048,1.5436,1.9516,1.5216,1.5467,1.9897,1.5471,1.6793,2.2389,1.3923,1.4482,1.9305,1.4122,1.4508,2.0449,1.2961,0.060006,2.03,1.0284,0.11438,2.2165,1.8794,0.16558,2.145,1.6349,0.050356
2.0814,1.6141,1.7147,2.0682,1.5023,1.732,2.2132,1.5128,1.5432,1.9529,1.5302,1.546,1.9908,1.5557,1.6786,2.2401,1.401,1.4473,1.9316,1.4211,1.4497,2.0448,1.2963,0.05987,2.0292,1.0306,0.11896,2.2125,1.8841,0.16052,2.1453,1.6369,0.049885
2.0826,1.6229,1.7141,2.0697,1.5103,1.7315,2.2143,1.5216,1.5424,1.9541,1.5391,1.5454,1.9921,1.5644,1.678,2.2412,1.4097,1.4466,1.9328,1.4301,1.4489,2.0447,1.2963,0.05975,2.0288,1.0334,0.12378,2.2091,1.888,0.15356,2.1451,1.6379,0.049773
2.0839,1.6313,1.7137,2.071,1.5189,1.7309,2.2155,1.5305,1.5419,1.9553,1.5478,1.5449,1.9933,1.5728,1.6776,2.2424,1.4182,1.446,1.934,1.439,1.4482,2.0447,1.2964,0.059612,2.0281,1.0364,0.12938,2.2062,1.8918,0.1468,2.1443,1.6393,0.050111
2.0849,1.6399,1.714,2.0722,1.5273,1.7306,2.2166,1.539,1.5415,1.9565,1.5566,1.5446,1.9945,1.5815,1.6773,2.2437,1.4268,1.4456,1.9351,1.4479,1.4474,2.0446,1.2967,0.059527,2.0276,1.0402,0.13527,2.2035,1.8966,0.1407,2.1437,1.6414,0.051801
2.0862,1.6483,1.7138,2.0735,1.536,1.7305,2.2179,1.5475,1.5414,1.9576,1.5653,1.5445,1.9956,1.59,1.6773,2.245,1.4357,1.4452,1.9363,1.4567,1.4469,2.0445,1.2971,0.059375,2.0271,1.0443,0.142,2.201,1.9022,0.13436,2.1435,1.6439,0.053642
2.0875,1.6572,1.7141,2.0747,1.5447,1.7307,2.219,1.5561,1.5417,1.9588,1.5742,1.5447,1.9969,1.599,1.6774,2.2463,1.4447,1.4452,1.9376,1.4656,1.4465,2.0444,1.2975,0.059343,2.0268,1.0494,0.14911,2.1982,1.9076,0.1269,2.1439,1.6459,0.055076
2.0887,1.6658,1.7147,2.0759,1.5536,1.7312,2.22,1.5656,1.5416,1.96,1.5832,1.5452,1.9982,1.6077,1.6779,2.2479,1.4536,1.4454,1.9389,1.4744,1.4463,2.0442,1.2981,0.059219,2.0267,1.0556,0.15664,2.1954,1.9117,0.11973,2.1442,1.6471,0.056169
2.0899,1.6745,1.7155,2.0769,1.5622,1.7321,2.2212,1.5745,1.5424,1.9614,1.5924,1.5459,1.9993,1.6167,1.6786,2.2494,1.4626,1.4459,1.94,1.483,1.4463,2.0441,1.2989,0.05903,2.0266,1.0626,0.16492,2.1935,1.9147,0.11457,2.1444,1.6479,0.056904
2.0911,1.6836,1.7166,2.078,1.5712,1.7331,2.2219,1.5836,1.5434,1.9626,1.6013,1.547,2.0005,1.6258,1.6797,2.2509,1.4718,1.4467,1.9413,1.4922,1.4467,2.044,1.2998,0.058843,2.0266,1.0711,0.17369,2.1924,1.9169,0.11049,2.1445,1.6486,0.057537
2.0923,1.6926,1.7179,2.0791,1.5801,1.7343,2.223,1.5922,1.5447,1.9638,1.6104,1.5482,2.0015,1.6348,1.6809,2.2523,1.481,1.4479,1.9426,1.5009,1.4476,2.044,1.3008,0.058508,2.0264,1.0809,0.1828,2.1926,1.9186,0.10649,2.1447,1.6491,0.058189
2.0934,1.7016,1.7194,2.0796,1.589,1.7362,2.2242,1.6011,1.5463,1.965,1.6197,1.5495,2.0029,1.6434,1.6823,2.2538,1.4903,1.4493,1.9439,1.5095,1.4486,2.0441,1.3022,0.058072,2.026,1.0919,0.19225,2.193,1.9201,0.10262,2.1448,1.6497,0.058743
2.0944,1.7105,1.7208,2.0804,1.5981,1.7376,2.226,1.61,1.5484,1.9662,1.629,1.5508,2.0041,1.6522,1.6837,2.2551,1.4997,1.451,1.9452,1.5183,1.4499,2.0438,1.3037,0.057671,2.0251,1.104,0.20202,2.1931,1.9215,0.099016,2.1449,1.6503,0.059256
2.0953,1.719,1.7224,2.0811,1.6067,1.739,2.2266,1.6186,1.5496,1.9673,1.6378,1.5519,2.005,1.6613,1.685,2.2564,1.5091,1.4527,1.9466,1.5272,1.4512,2.0435,1.3066,0.056902,2.0237,1.1167,0.2124,2.1924,1.9228,0.095529,2.1452,1.6508,0.059703
2.0962,1.7278,1.7239,2.082,1.6155,1.7404,2.2276,1.6275,1.5512,1.9685,1.6466,1.5532,2.0058,1.6702,1.6862,2.2577,1.5184,1.4545,1.9479,1.5361,1.4526,2.0429,1.3093,0.055862,2.0216,1.1302,0.22314,2.1916,1.9239,0.09257,2.1455,1.6513,0.060055
2.0971,1.7364,1.7254,2.0827,1.6242,1.7416,2.2288,1.6361,1.5527,1.9696,1.6557,1.5543,2.0068,1.6787,1.6875,2.2589,1.5278,1.4562,1.9493,1.5449,1.4541,2.0425,1.3138,0.05526,2.0204,1.1457,0.23344,2.1913,1.9246,0.089965,2.1457,1.6516,0.060405
2.0979,1.7451,1.7267,2.0836,1.6327,1.7428,2.2298,1.6453,1.5541,1.9706,1.6643,1.5554,2.0077,1.6875,1.6887,2.2602,1.5376,1.4578,1.9507,1.5539,1.4554,2.0424,1.3181,0.054267,2.0182,1.1609,0.24509,2.1915,1.9251,0.087673,2.1459,1.6518,0.060711
2.0988,1.7539,1.728,2.0845,1.641,1.7439,2.2308,1.6542,1.5555,1.9716,1.6734,1.5565,2.0085,1.6961,1.6899,2.2614,1.5468,1.4594,1.9519,1.5626,1.4567,2.0426,1.3232,0.052578,2.0166,1.1762,0.25706,2.1917,1.9255,0.08581,2.1461,1.6521,0.060966
2.0995,1.7625,1.7294,2.0853,1.6501,1.7451,2.2318,1.6628,1.5567,1.9727,1.6824,1.5576,2.0091,1.7047,1.6916,2.2627,1.5566,1.4606,1.9531,1.5714,1.4579,2.0422,1.3295,0.050554,2.0154,1.1939,0.26821,2.1917,1.9258,0.084106,2.1462,1.6522,0.061177
2.1003,1.7712,1.7307,2.0861,1.6586,1.7462,2.2332,1.6722,1.5584,1.9735,1.6913,1.5587,2.0099,1.7133,1.6927,2.2639,1.566,1.462,1.9544,1.5799,1.4591,2.0412,1.3367,0.048668,2.0143,1.2124,0.27897,2.1912,1.9261,0.083009,2.1463,1.6524,0.061268
2.101,1.7798,1.7318,2.0869,1.667,1.7474,2.2339,1.6809,1.5596,1.9743,1.6997,1.5598,2.0106,1.7218,1.6939,2.2651,1.5756,1.463,1.9555,1.5882,1.4601,2.0409,1.345,0.045988,2.0145,1.2294,0.28804,2.191,1.9261,0.082361,2.1464,1.6524,0.061343
2.1016,1.7884,1.733,2.0877,1.6759,1.7484,2.2348,1.6897,1.5607,1.9751,1.7084,1.5611,2.0115,1.7306,1.695,2.2662,1.585,1.4642,1.9566,1.5965,1.4611,2.0402,1.3571,0.046358,2.0151,1.2446,0.29452,2.1909,1.9262,0.081627,2.1464,1.6524,0.061411
2.1024,1.7975,1.7341,2.0886,1.6852,1.7496,2.2357,1.6989,1.5618,1.9759,1.7172,1.5621,2.0122,1.7395,1.6961,2.2673,1.5945,1.4652,1.9576,1.6045,1.4622,2.0383,1.3733,0.052892,2.0163,1.2595,0.29954,2.1908,1.9264,0.08099,2.1464,1.6524,0.061516
2.1029,1.8064,1.7351,2.0893,1.6937,1.7507,2.2364,1.7079,1.5628,1.9766,1.7258,1.5632,2.0129,1.7479,1.6972,2.2684,1.6039,1.4664,1.9586,1.6124,1.4632,2.0358,1.3928,0.058701,2.0182,1.2742,0.30329,2.1906,1.9265,0.080436,2.1464,1.6525,0.061569
2.1036,1.8152,1.7361,2.09,1.7024,1.7517,2.2372,1.7166,1.5637,1.9774,1.7345,1.5641,2.0137,1.7567,1.6982,2.2693,1.6133,1.4675,1.9595,1.6202,1.4643,2.0334,1.4137,0.062082,2.0203,1.2886,0.30577,2.1904,1.9266,0.079779,2.1464,1.6525,0.061684
2.1042,1.8238,1.737,2.0911,1.7116,1.7527,2.2379,1.7258,1.5642,1.9779,1.7429,1.5652,2.0143,1.7654,1.6993,2.2704,1.6227,1.4686,1.9604,1.6278,1.4654,2.0311,1.4349,0.065589,2.0224,1.3033,0.30739,2.1904,1.9269,0.078944,2.1465,1.6526,0.061781
2.1047,1.8329,1.7379,2.0918,1.7204,1.7538,2.2379,1.7345,1.5646,1.9785,1.7515,1.5663,2.015,1.7743,1.7004,2.2713,1.6322,1.4698,1.9614,1.6354,1.4665,2.0283,1.4576,0.068985,2.0245,1.3193,0.30739,2.1904,1.9271,0.077993,2.1464,1.6527,0.061801
2.1053,1.8423,1.7386,2.0926,1.7295,1.7549,2.2391,1.7435,1.5658,1.9789,1.7599,1.5677,2.0157,1.7831,1.7013,2.2721,1.6415,1.4711,1.9623,1.643,1.4677,2.0256,1.481,0.071067,2.0268,1.3361,0.30627,2.1905,1.9274,0.077119,2.1462,1.6529,0.061749
2.1058,1.8511,1.7394,2.0935,1.7386,1.7559,2.2391,1.7526,1.5662,1.9794,1.7682,1.5688,2.0162,1.7916,1.7024,2.273,1.6507,1.4723,1.9631,1.6505,1.469,2.0223,1.5056,0.072513,2.0291,1.3535,0.30382,2.1904,1.9277,0.076281,2.1463,1.6529,0.061975
2.1062,1.8602,1.74,2.0942,1.7479,1.7569,2.2401,1.7617,1.5674,1.9799,1.7763,1.5697,2.0167,1.8003,1.7033,2.2738,1.6601,1.4736,1.9639,1.6582,1.4701,2.0196,1.5306,0.073645,2.0321,1.3729,0.29887,2.1904,1.928,0.075426,2.146,1.6533,0.061596
2.1066,1.8692,1.7406,2.0949,1.7566,1.7578,2.2404,1.7706,1.5682,1.9802,1.7845,1.5707,2.0172,1.809,1.7041,2.2746,1.6691,1.4749,1.9649,1.6657,1.4713,2.0169,1.5556,0.074558,2.0341,1.3909,0.29425,2.1904,1.9284,0.074554,2.1469,1.6523,0.062925
2.1069,1.8784,1.7411,2.0956,1.7658,1.7586,2.2408,1.779,1.5688,1.9806,1.7927,1.5717,2.0177,1.8179,1.705,2.2753,1.6782,1.4761,1.9657,1.6732,1.4723,2.0142,1.5818,0.075077,2.0354,1.4084,0.28875,2.1904,1.9287,0.073672,2.1469,1.6523,0.06306
2.1071,1.8872,1.7416,2.0962,1.775,1.7595,2.2413,1.7882,1.5695,1.9808,1.8008,1.5725,2.0181,1.8265,1.7057,2.2761,1.6872,1.4772,1.9665,1.6809,1.4733,2.0115,1.6085,0.075739,2.0371,1.4272,0.28184,2.1901,1.9291,0.072882,2.1469,1.6524,0.063153
2.1072,1.8961,1.7418,2.0967,1.7837,1.7602,2.2416,1.7972,1.5701,1.9813,1.8088,1.5732,2.0184,1.835,1.7063,2.2767,1.6962,1.4782,1.9673,1.6883,1.4742,2.0094,1.6361,0.07581,2.0378,1.4473,0.27334,2.1899,1.9295,0.071839,2.147,1.6524,0.063227
2.1074,1.9048,1.7422,2.0972,1.7928,1.7608,2.2419,1.8061,1.5707,1.9817,1.817,1.5736,2.0186,1.8431,1.7068,2.2775,1.7053,1.4793,1.9682,1.6961,1.4748,2.0075,1.6642,0.07591,2.0394,1.4667,0.26488,2.1899,1.9296,0.071343,2.1469,1.6525,0.063293
2.1074,1.9138,1.7425,2.0975,1.8016,1.7616,2.2422,1.8147,1.5711,1.982,1.825,1.5744,2.0189,1.8518,1.7072,2.2781,1.7142,1.4801,1.969,1.7038,1.4755,2.0058,1.6923,0.075897,2.0406,1.4865,0.25595,2.1894,1.9302,0.070277,2.1468,1.6527,0.063297
2.1073,1.9219,1.7425,2.0978,1.8105,1.7619,2.2428,1.8237,1.5716,1.9824,1.833,1.5746,2.0191,1.8601,1.7075,2.2787,1.723,1.4809,1.9698,1.7117,1.4759,2.0044,1.7209,0.075656,2.0417,1.5068,0.24663,2.1893,1.9308,0.06942,2.1467,1.6529,0.063277
2.1072,1.9311,1.7429,2.0982,1.8188,1.7623,2.2431,1.8322,1.5719,1.9826,1.8406,1.5748,2.0193,1.8686,1.7077,2.2794,1.7319,1.4814,1.9705,1.7194,1.4763,2.0033,1.7493,0.075103,2.0421,1.5288,0.23603,2.1893,1.9312,0.068737,2.1465,1.653,0.062493
2.1071,1.9397,1.7429,2.0986,1.8276,1.7624,2.2433,1.8412,1.5722,1.9829,1.8487,1.5749,2.0193,1.8764,1.7079,2.28,1.7407,1.482,1.9712,1.7273,1.4764,2.0024,1.7778,0.074248,2.0422,1.5506,0.22572,2.1891,1.9314,0.067975,2.1463,1.6537,0.062939
2.1071,1.9479,1.7429,2.0987,1.8358,1.7624,2.2436,1.8497,1.5723,1.9832,1.8568,1.575,2.0194,1.8844,1.7078,2.2806,1.7496,1.4822,1.9719,1.7352,1.4765,2.002,1.8064,0.073392,2.0424,1.5732,0.21503,2.189,1.9317,0.06727,2.1462,1.6537,0.063027
2.107,1.9563,1.7428,2.0989,1.8444,1.7624,2.2439,1.8591,1.5724,1.9834,1.865,1.5748,2.0196,1.893,1.7078,2.2812,1.7584,1.4824,1.9726,1.7432,1.4765,2.0013,1.8351,0.072681,2.0422,1.5963,0.20413,2.1889,1.932,0.066542,2.1461,1.6538,0.06315
2.1069,1.9644,1.7425,2.099,1.8526,1.7624,2.2442,1.8675,1.5723,1.9838,1.8728,1.5745,2.0197,1.9011,1.7076,2.2819,1.7671,1.4824,1.9732,1.7512,1.4763,2.0006,1.8633,0.071941,2.0423,1.6196,0.19326,2.1887,1.9323,0.065888,2.146,1.6539,0.063203
2.1066,1.9729,1.7423,2.0992,1.8611,1.7622,2.2445,1.8762,1.5722,1.9842,1.8806,1.5743,2.0197,1.9092,1.7072,2.2824,1.7759,1.4823,1.9738,1.7591,1.4761,2,1.8922,0.071449,2.0421,1.6438,0.18216,2.1887,1.9325,0.065415,2.1459,1.654,0.063293
2.1066,1.9811,1.7421,2.0993,1.8696,1.7618,2.2446,1.885,1.572,1.9847,1.8881,1.574,2.0198,1.9174,1.7069,2.2829,1.7847,1.4821,1.9744,1.7671,1.4758,1.9996,1.9206,0.071205,2.0424,1.668,0.17122,2.1886,1.9328,0.064928,2.1458,1.6541,0.063364
2.1065,1.9896,1.7419,2.0994,1.8778,1.7617,2.2449,1.8938,1.5718,1.985,1.8959,1.5737,2.02,1.9256,1.7065,2.2834,1.7936,1.4817,1.9749,1.7752,1.4754,1.9992,1.9494,0.070797,2.0421,1.6925,0.16104,2.188,1.9334,0.06455,2.1458,1.6542,0.063508
2.1064,1.9983,1.7415,2.0995,1.8861,1.761,2.2451,1.9025,1.5715,1.9851,1.9039,1.5732,2.0199,1.9336,1.706,2.2839,1.8023,1.4815,1.9755,1.7833,1.475,1.9987,1.9778,0.070902,2.0423,1.7175,0.15087,2.1879,1.9335,0.064323,2.1458,1.6543,0.063623
2.1061,2.0067,1.741,2.0996,1.8943,1.7605,2.2453,1.9111,1.5712,1.9852,1.9123,1.5727,2.0199,1.942,1.7055,2.2843,1.8108,1.481,1.9759,1.7912,1.4747,1.9983,2.0057,0.071038,2.0425,1.7425,0.14134,2.1882,1.9329,0.064309,2.1457,1.6544,0.063783
2.106,2.0151,1.7406,2.0998,1.903,1.7601,2.2454,1.9199,1.5708,1.9856,1.9207,1.572,2.0199,1.9504,1.7049,2.2847,1.8198,1.4805,1.9764,1.7994,1.4741,1.9979,2.0337,0.071263,2.043,1.7683,0.13181,2.1882,1.9327,0.064125,2.1457,1.6544,0.064019
2.106,2.0233,1.7398,2.0998,1.9117,1.7597,2.2457,1.9285,1.5703,1.9857,1.9286,1.5714,2.0199,1.9586,1.7043,2.2851,1.8284,1.4799,1.9768,1.8076,1.4737,1.9978,2.0614,0.071319,2.0429,1.7937,0.12359,2.1881,1.9331,0.063937,2.1457,1.6546,0.064309
2.1059,2.0319,1.7392,2.0998,1.9201,1.7591,2.2458,1.9371,1.5699,1.9859,1.9372,1.5708,2.02,1.9669,1.7037,2.2855,1.837,1.4793,1.977,1.8158,1.4733,1.9983,2.0894,0.071525,2.0435,1.8204,0.11412,2.188,1.9331,0.063801,2.1457,1.6547,0.064723
2.1058,2.0405,1.7386,2.1,1.9287,1.7586,2.2459,1.9459,1.5692,1.9861,1.9454,1.5701,2.0201,1.9753,1.703,2.2857,1.8456,1.4787,1.9773,1.8241,1.4728,1.9988,2.117,0.072212,2.0437,1.8465,0.10653,2.188,1.9333,0.063655,2.1456,1.6548,0.065273
2.1058,2.0493,1.738,2.1002,1.9371,1.7577,2.2461,1.9548,1.5685,1.9863,1.9532,1.5694,2.0202,1.9838,1.7024,2.2858,1.8545,1.4779,1.9775,1.8324,1.4722,1.999,2.1441,0.07404,2.0441,1.8726,0.09927,2.188,1.9334,0.063543,2.1457,1.655,0.065768
2.1058,2.0575,1.7369,2.1003,1.9458,1.757,2.2462,1.9635,1.5677,1.9863,1.9617,1.5687,2.0203,1.9923,1.7016,2.286,1.8632,1.4771,1.9776,1.8408,1.4718,1.9998,2.1711,0.076926,2.0443,1.898,0.09289,2.188,1.9335,0.06344,2.1458,1.6551,0.06637
2.1058,2.066,1.7361,2.1005,1.9545,1.7564,2.2463,1.972,1.567,1.9864,1.9702,1.568,2.0204,2.0006,1.7008,2.2861,1.8717,1.4763,1.9777,1.8491,1.4712,2.0008,2.1977,0.082146,2.0402,1.9206,0.090635,2.1881,1.9336,0.063331,2.1459,1.6552,0.066988
2.1057,2.0749,1.7353,2.1007,1.9628,1.7557,2.2463,1.9806,1.566,1.9864,1.9786,1.5672,2.0205,2.009,1.7001,2.2861,1.8804,1.4753,1.9778,1.8575,1.4705,2.0027,2.2238,0.08901,2.0404,1.9455,0.08507,2.1881,1.9337,0.063251,2.146,1.6553,0.067698
2.106,2.0831,1.7342,2.101,1.9714,1.7546,2.2463,1.9894,1.565,1.9864,1.9868,1.5665,2.0206,2.0173,1.6993,2.286,1.8892,1.4743,1.9778,1.8661,1.4699,2.0051,2.249,0.097778,2.0415,1.9716,0.079027,2.1882,1.9338,0.063116,2.146,1.6553,0.068638
2.106,2.0917,1.7334,2.1012,1.9801,1.7537,2.2463,1.9982,1.5639,1.9864,1.9951,1.5657,2.0207,2.026,1.6985,2.2859,1.8977,1.4732,1.9776,1.8746,1.4692,2.0081,2.2729,0.10719,2.0424,1.997,0.074217,2.1879,1.9335,0.063239,2.146,1.6554,0.069721
2.106,2.1003,1.7325,2.1014,1.9888,1.7528,2.2462,2.0068,1.5627,1.9863,2.0036,1.5649,2.0208,2.0342,1.6976,2.2857,1.9064,1.472,1.9774,1.8834,1.4684,2.0117,2.2964,0.11705,2.0483,2.0272,0.066201,2.1882,1.9337,0.062976,2.1458,1.6557,0.070751
2.1061,2.1088,1.7313,2.1017,1.997,1.7517,2.2459,2.0162,1.5617,1.9862,2.0117,1.5641,2.0209,2.0427,1.6967,2.2854,1.9153,1.4705,1.9772,1.892,1.4675,2.0153,2.3186,0.1267,2.0485,2.051,0.06395,2.1881,1.9339,0.062632,2.1456,1.6559,0.071766
2.1062,2.1175,1.7304,2.1018,2.0055,1.7506,2.2458,2.0249,1.5603,1.9862,2.0204,1.5632,2.021,2.051,1.6957,2.285,1.9237,1.4692,1.9769,1.9007,1.4664,2.0192,2.3399,0.1361,2.0492,2.0747,0.062199,2.1881,1.934,0.062543,2.1454,1.6562,0.073268
2.1063,2.1259,1.7294,2.1019,2.014,1.7496,2.2456,2.0336,1.5589,1.9859,2.029,1.5622,2.021,2.0595,1.6948,2.2847,1.9324,1.4677,1.9766,1.9095,1.4653,2.0232,2.3595,0.14517,2.0504,2.097,0.06112,2.1882,1.9341,0.062449,2.1453,1.6566,0.074973
2.1065,2.1341,1.7282,2.1021,2.0224,1.7482,2.2454,2.0423,1.5575,1.9857,2.0375,1.5613,2.021,2.0681,1.6938,2.2842,1.941,1.4661,1.976,1.9185,1.4642,2.0276,2.378,0.15361,2.0526,2.1183,0.060007,2.1882,1.9343,0.062374,2.1452,1.657,0.076759
2.1065,2.1427,1.7272,2.1022,2.0309,1.7471,2.245,2.0509,1.556,1.9857,2.0476,1.5606,2.0209,2.0766,1.6928,2.2837,1.9496,1.4646,1.9754,1.9274,1.4629,2.0315,2.3944,0.16093,2.0561,2.1377,0.059369,2.1883,1.9345,0.062261,2.1452,1.6574,0.078804
2.1064,2.1509,1.726,2.1022,2.039,1.7457,2.2447,2.0598,1.5546,1.9851,2.0563,1.5599,2.0209,2.0851,1.6918,2.2832,1.9584,1.463,1.9749,1.9364,1.4616,2.0342,2.409,0.16662,2.0612,2.1552,0.058679,2.1884,1.9347,0.062159,2.1453,1.6579,0.080891
2.1063,2.1594,1.725,2.1021,2.0476,1.7446,2.2442,2.0683,1.5531,1.9848,2.0651,1.5588,2.0207,2.0936,1.6909,2.2826,1.9671,1.4615,1.9742,1.9453,1.4604,2.0358,2.4221,0.1701,2.0665,2.1704,0.05819,2.1884,1.9349,0.062058,2.1456,1.6585,0.083116
2.1061,2.1682,1.7242,2.1019,2.056,1.7433,2.2437,2.0769,1.5517,1.9843,2.074,1.5577,2.0204,2.1023,1.6899,2.2819,1.9758,1.4599,1.9735,1.9542,1.459,2.0375,2.4337,0.17124,2.0712,2.1833,0.057263,2.1886,1.9349,0.061967,2.146,1.659,0.085464
2.1058,2.1763,1.7231,2.1016,2.0646,1.7422,2.2432,2.0857,1.5502,1.9837,2.0831,1.5568,2.02,2.1111,1.6888,2.2813,1.9848,1.4585,1.9727,1.9633,1.4577,2.0401,2.4438,0.17039,2.0748,2.1938,0.056372,2.1887,1.9351,0.061851,2.1465,1.6595,0.088176
2.1057,2.1853,1.7221,2.1012,2.073,1.7411,2.2425,2.0946,1.5489,1.983,2.0922,1.5558,2.0197,2.1199,1.6879,2.2805,1.9938,1.4571,1.972,1.9723,1.4564,2.044,2.4525,0.16807,2.0766,2.2017,0.054893,2.1888,1.9352,0.061746,2.1472,1.6602,0.090537
2.1052,2.1941,1.7213,2.1007,2.0817,1.7398,2.2418,2.1035,1.5476,1.9824,2.1013,1.5548,2.0192,2.1286,1.6868,2.2797,2.0028,1.4557,1.9712,1.9812,1.4552,2.0485,2.4599,0.16484,2.0777,2.2081,0.052964,2.1889,1.9354,0.06162,2.1477,1.6608,0.09363
2.1047,2.2026,1.7201,2.1001,2.0906,1.7388,2.2411,2.1125,1.5465,1.9815,2.1106,1.5538,2.0186,2.1377,1.6859,2.2789,2.012,1.4544,1.9703,1.9903,1.454,2.0527,2.4661,0.16067,2.0787,2.2128,0.05311,2.189,1.9355,0.061484,2.1482,1.662,0.096408
2.1041,2.2117,1.7193,2.0994,2.0996,1.7377,2.2403,2.1215,1.5453,1.9808,2.1198,1.5529,2.018,2.1468,1.6849,2.2779,2.0212,1.4532,1.9694,1.9993,1.4529,2.0568,2.4714,0.15439,2.0795,2.2151,0.053896,2.1891,1.9357,0.06137,2.1487,1.6632,0.099444
2.1035,2.2207,1.7186,2.0986,2.1084,1.7365,2.2394,2.1301,1.5442,1.9799,2.1291,1.552,2.0173,2.1557,1.684,2.2769,2.0304,1.4519,1.9683,2.0083,1.4518,2.0609,2.4756,0.14671,2.0804,2.2168,0.054388,2.1893,1.9359,0.061346,2.149,1.6643,0.10312
2.1029,2.2295,1.7174,2.0978,2.1175,1.7357,2.2384,2.139,1.5433,1.9791,2.1385,1.5511,2.0164,2.1649,1.6832,2.276,2.0396,1.4508,1.9673,2.0173,1.4508,2.0651,2.4789,0.13932,2.0811,2.2184,0.055068,2.1896,1.9361,0.061218,2.1492,1.6658,0.10697
2.1021,2.2388,1.7168,2.0969,2.1268,1.7351,2.2376,2.1482,1.5426,1.9781,2.1478,1.5504,2.0155,2.1742,1.6825,2.2749,2.0487,1.4497,1.9662,2.0263,1.4499,2.0689,2.4831,0.13244,2.0809,2.2203,0.056474,2.1897,1.9363,0.061081,2.1494,1.6677,0.11103
2.1013,2.2483,1.7163,2.096,2.1362,1.7348,2.2364,2.1571,1.5419,1.9769,2.1571,1.5501,2.0147,2.1837,1.682,2.2739,2.0579,1.449,1.9649,2.0356,1.4492,2.0719,2.4882,0.12528,2.0806,2.2224,0.058228,2.1897,1.9365,0.060991,2.1498,1.6698,0.11581
2.1003,2.2578,1.7162,2.095,2.1458,1.7346,2.2354,2.1665,1.5416,1.976,2.1667,1.55,2.0137,2.1934,1.6818,2.2728,2.0672,1.4484,1.9636,2.0446,1.4487,2.0741,2.4927,0.11754,2.0803,2.224,0.059379,2.1898,1.9365,0.060938,2.1501,1.6723,0.1211
2.0995,2.2674,1.7161,2.0938,2.1556,1.7349,2.2343,2.1757,1.5416,1.9749,2.1763,1.5502,2.0127,2.2031,1.6821,2.2717,2.0763,1.4481,1.9623,2.054,1.4485,2.0752,2.4955,0.11111,2.0801,2.2251,0.060081,2.1899,1.9368,0.060834,2.1506,1.6755,0.12677
2.0985,2.2772,1.7164,2.0928,2.1653,1.7355,2.2331,2.1849,1.5423,1.9738,2.186,1.5507,2.0117,2.2129,1.6826,2.2707,2.0856,1.4483,1.9609,2.0634,1.4487,2.0753,2.4975,0.10693,2.0799,2.2255,0.060573,2.1901,1.9373,0.060706,2.1511,1.6793,0.13317
2.0975,2.287,1.717,2.0916,2.1753,1.7362,2.2318,2.1949,1.543,1.9725,2.1956,1.5516,2.0105,2.2231,1.6833,2.2697,2.0947,1.4491,1.9596,2.0728,1.4492,2.075,2.4988,0.10337,2.0797,2.2258,0.061062,2.1903,1.9378,0.060663,2.1512,1.6834,0.14066
2.0961,2.2973,1.7181,2.0902,2.1847,1.737,2.2309,2.204,1.5441,1.9714,2.2058,1.5526,2.0094,2.233,1.6842,2.2685,2.1041,1.4501,1.9584,2.0822,1.4501,2.075,2.5001,0.099765,2.0794,2.2262,0.061554,2.1901,1.9383,0.06095,2.152,1.6892,0.14802
2.095,2.3075,1.7191,2.0888,2.1951,1.7382,2.2297,2.2137,1.5454,1.9703,2.2156,1.5538,2.0081,2.2431,1.6854,2.2675,2.1134,1.4515,1.9574,2.0917,1.4513,2.076,2.5012,0.095923,2.0791,2.2269,0.062018,2.1902,1.939,0.060784,2.153,1.6958,0.15654
2.094,2.3171,1.7199,2.0878,2.2057,1.7399,2.2287,2.223,1.5469,1.9692,2.2252,1.5548,2.0069,2.2531,1.6864,2.2665,2.123,1.453,1.9562,2.1013,1.4526,2.0776,2.5024,0.092509,2.0788,2.2275,0.062485,2.1904,1.9399,0.060432,2.1545,1.7035,0.16561
2.0924,2.3275,1.7212,2.0862,2.215,1.7406,2.2277,2.2327,1.5484,1.9682,2.2348,1.5558,2.0058,2.2629,1.6876,2.2657,2.1316,1.4548,1.9554,2.1107,1.4539,2.0788,2.5031,0.08934,2.0784,2.2279,0.062961,2.1903,1.9412,0.06,2.1566,1.7121,0.17492
2.091,2.3371,1.7222,2.0847,2.2248,1.7421,2.2267,2.242,1.55,1.9672,2.2442,1.5569,2.0046,2.2727,1.6885,2.2646,2.1408,1.4564,1.9544,2.1205,1.4554,2.0799,2.5037,0.086393,2.0781,2.2282,0.063262,2.1906,1.9428,0.059327,2.1594,1.7215,0.18421
2.0899,2.3469,1.7233,2.0834,2.2346,1.7433,2.2252,2.2513,1.5512,1.9663,2.2533,1.5579,2.0033,2.2821,1.6896,2.2636,2.1498,1.4576,1.9535,2.1302,1.4569,2.0806,2.5042,0.083822,2.0779,2.2284,0.06354,2.1913,1.9446,0.058599,2.1627,1.7322,0.19346
2.0886,2.3565,1.7243,2.0822,2.2442,1.7445,2.225,2.2607,1.5531,1.9656,2.2629,1.5589,2.0022,2.2917,1.6906,2.2625,2.1589,1.459,1.9524,2.14,1.4584,2.0817,2.5048,0.081832,2.0778,2.2286,0.06366,2.192,1.9471,0.057565,2.1659,1.7429,0.20365
2.0875,2.3657,1.7254,2.0811,2.2535,1.7457,2.2243,2.2701,1.5545,1.9647,2.272,1.5597,2.0012,2.301,1.6914,2.2613,2.1681,1.4603,1.9515,2.1499,1.4597,2.0825,2.5051,0.080586,2.0777,2.2286,0.063747,2.1931,1.9503,0.056283,2.1687,1.7539,0.2147
2.0865,2.3751,1.7264,2.0801,2.2629,1.7467,2.2234,2.2793,1.5556,1.9638,2.2812,1.5606,2.0003,2.3102,1.6925,2.2604,2.1769,1.4613,1.9506,2.1599,1.4608,2.0833,2.5052,0.079248,2.0777,2.2288,0.063716,2.1932,1.9542,0.055766,2.1706,1.7656,0.22673
2.0857,2.3843,1.7276,2.0793,2.2719,1.7477,2.2227,2.2885,1.5568,1.9632,2.2906,1.5613,1.9995,2.3196,1.6934,2.2594,2.1859,1.4622,1.9499,2.1696,1.4619,2.0839,2.5054,0.078013,2.0783,2.2299,0.062997,2.194,1.959,0.054442,2.1725,1.779,0.23846
2.0851,2.3933,1.7285,2.0785,2.281,1.7485,2.222,2.298,1.5578,1.9626,2.2999,1.5624,1.9987,2.3287,1.6943,2.2585,2.1944,1.4629,1.949,2.1797,1.4628,2.0843,2.5057,0.076747,2.0778,2.2292,0.063757,2.1954,1.9639,0.052959,2.1741,1.7937,0.25052
2.0844,2.4023,1.7297,2.0779,2.2898,1.7495,2.2215,2.3072,1.5586,1.9619,2.3093,1.5633,1.998,2.3377,1.6952,2.2578,2.2033,1.4634,1.9482,2.1899,1.4636,2.0846,2.5059,0.075418,2.074,2.2263,0.066296,2.1968,1.9701,0.051621,2.1748,1.8086,0.26171
2.0839,2.4113,1.7306,2.0772,2.2989,1.7501,2.2209,2.3164,1.5594,1.9613,2.3187,1.5641,1.9974,2.3469,1.6961,2.2572,2.2117,1.464,1.9474,2.1999,1.4645,2.0848,2.5063,0.074132,2.074,2.2265,0.066293,2.1989,1.9767,0.049312,2.1742,1.8231,0.27133
2.0834,2.4203,1.7315,2.0768,2.3078,1.7509,2.2205,2.3255,1.5602,1.9609,2.3281,1.5648,1.9971,2.3559,1.6969,2.2564,2.2199,1.4647,1.9464,2.21,1.4652,2.0848,2.5069,0.072764,2.074,2.2264,0.066388,2.2019,1.9859,0.048361,2.1731,1.8369,0.27834
2.0832,2.4292,1.7324,2.0764,2.3169,1.7516,2.2201,2.3347,1.5609,1.9607,2.3374,1.5654,1.9968,2.3651,1.6977,2.2559,2.2285,1.4652,1.9457,2.2202,1.4659,2.0847,2.5075,0.071564,2.074,2.2265,0.066626,2.2058,1.9985,0.050466,2.1711,1.8515,0.28415
2.083,2.4382,1.733,2.0761,2.3259,1.7522,2.2197,2.3437,1.5616,1.9604,2.3468,1.5662,1.9964,2.3743,1.6983,2.2553,2.2364,1.4659,1.9452,2.2301,1.4665,2.0846,2.508,0.070266,2.0742,2.2269,0.066336,2.2102,2.0127,0.055503,2.1687,1.8668,0.28869
2.0828,2.4473,1.7337,2.0758,2.3349,1.7528,2.2195,2.3527,1.5622,1.9601,2.3561,1.5666,1.9962,2.3833,1.699,2.2546,2.2443,1.4667,1.9445,2.2399,1.4673,2.0845,2.5085,0.068933,2.074,2.2266,0.066698,2.2149,2.0283,0.059634,2.1664,1.8826,0.2916
2.0829,2.4565,1.7345,2.0757,2.344,1.7535,2.2193,2.3618,1.5628,1.9599,2.3651,1.5674,1.9961,2.3926,1.6996,2.2538,2.253,1.4679,1.9438,2.2497,1.468,2.0844,2.509,0.067883,2.0777,2.2297,0.064096,2.2196,2.0452,0.06269,2.1641,1.8987,0.29341
2.0829,2.4655,1.7349,2.0755,2.3531,1.7541,2.2193,2.3702,1.5635,1.9598,2.3743,1.5681,1.996,2.4019,1.7002,2.2532,2.261,1.4687,1.9432,2.2593,1.4689,2.0843,2.5094,0.067037,2.0775,2.2296,0.064626,2.2243,2.0634,0.065207,2.1617,1.9157,0.29401
2.0832,2.4747,1.7354,2.0755,2.3625,1.7549,2.2191,2.3791,1.5641,1.9597,2.3836,1.5689,1.9961,2.4112,1.701,2.2528,2.269,1.4695,1.9428,2.269,1.4696,2.0842,2.5097,0.066451,2.0718,2.2239,0.069049,2.2291,2.0829,0.067496,2.1599,1.9332,0.29298
2.0836,2.484,1.736,2.0756,2.3717,1.7555,2.2183,2.3874,1.5641,1.9596,2.393,1.5696,1.9962,2.4206,1.7017,2.2522,2.2771,1.4704,1.9419,2.2787,1.4709,2.0841,2.5099,0.066044,2.0716,2.2238,0.069221,2.2341,2.1036,0.068782,2.1587,1.9514,0.2905
2.0839,2.4931,1.7365,2.0757,2.381,1.7562,2.2181,2.3958,1.5648,1.9595,2.4024,1.5703,1.9963,2.43,1.7024,2.2518,2.2853,1.4712,1.9414,2.2879,1.4718,2.084,2.5101,0.065769,2.0715,2.2238,0.069312,2.2386,2.1253,0.070725,2.1576,1.9695,0.28672
2.0843,2.5023,1.7369,2.0758,2.3901,1.7569,2.2181,2.4041,1.5654,1.9596,2.4116,1.5711,1.9966,2.4394,1.7029,2.2513,2.2934,1.472,1.9409,2.2975,1.4728,2.0841,2.5103,0.06552,2.0715,2.224,0.069289,2.2428,2.1492,0.072284,2.1568,1.9873,0.28195
2.0849,2.5115,1.7374,2.0759,2.3995,1.7575,2.2181,2.4126,1.5658,1.9596,2.4208,1.5718,1.9969,2.4488,1.7036,2.2501,2.3008,1.4726,1.9405,2.3064,1.4738,2.084,2.5104,0.065339,2.0714,2.2241,0.069426,2.2469,2.1749,0.073365,2.1564,2.0056,0.2758
2.0854,2.5208,1.7377,2.076,2.4087,1.7583,2.2181,2.4209,1.5662,1.9596,2.4301,1.5726,1.9971,2.4583,1.7043,2.2498,2.3093,1.4733,1.9402,2.3158,1.4747,2.084,2.5106,0.065164,2.0713,2.2241,0.06966,2.2506,2.2016,0.075141,2.1563,2.0238,0.26892
2.086,2.5296,1.7382,2.0762,2.4179,1.7588,2.2181,2.4291,1.5667,1.9597,2.4393,1.5732,1.9973,2.4676,1.7048,2.2494,2.3171,1.474,1.94,2.3247,1.4756,2.0841,2.5107,0.065005,2.0713,2.2243,0.070018,2.2541,2.2288,0.076308,2.1569,2.0425,0.26067
2.0864,2.5389,1.7384,2.0764,2.4269,1.7593,2.2181,2.4375,1.567,1.9597,2.4484,1.574,1.9977,2.4768,1.7054,2.249,2.3254,1.4744,1.9395,2.3336,1.4766,2.0845,2.5111,0.064514,2.0768,2.2289,0.06518,2.257,2.2573,0.077731,2.1573,2.0621,0.25156
2.0871,2.5479,1.7388,2.0766,2.436,1.7598,2.2181,2.446,1.5674,1.9598,2.4577,1.5744,1.998,2.4861,1.7059,2.2487,2.3337,1.4751,1.9393,2.3425,1.4775,2.0839,2.511,0.064838,2.077,2.2296,0.066434,2.2598,2.2859,0.078654,2.1584,2.0825,0.24167
2.0876,2.5567,1.739,2.0768,2.445,1.7603,2.2182,2.454,1.5677,1.9599,2.4666,1.575,1.9983,2.4952,1.7063,2.2483,2.3419,1.4755,1.9391,2.3513,1.4783,2.0844,2.5114,0.064292,2.0769,2.2304,0.067311,2.2624,2.315,0.079669,2.1596,2.1033,0.23141
2.088,2.5655,1.7392,2.077,2.4538,1.7607,2.2183,2.4621,1.568,1.9599,2.4757,1.5755,1.9986,2.5043,1.7068,2.2481,2.3499,1.4759,1.9389,2.3603,1.479,2.0836,2.5109,0.06452,2.0767,2.2305,0.068218,2.2645,2.3436,0.079909,2.1611,2.1249,0.22071
2.0886,2.5743,1.7395,2.0772,2.4628,1.761,2.2184,2.4703,1.5682,1.9601,2.4844,1.576,1.9989,2.5134,1.7071,2.2479,2.3583,1.4763,1.9387,2.3689,1.4796,2.0836,2.5111,0.064386,2.0766,2.2307,0.069163,2.2664,2.3723,0.079806,2.1625,2.1477,0.20962
2.0889,2.5831,1.7397,2.0774,2.4716,1.7615,2.2185,2.479,1.5684,1.9601,2.4935,1.5763,1.9992,2.5223,1.7076,2.2477,2.3666,1.4765,1.9385,2.3779,1.4803,2.0836,2.5112,0.064313,2.0765,2.231,0.070086,2.2678,2.4015,0.079544,2.164,2.1705,0.19866
2.0895,2.5917,1.7399,2.0777,2.4802,1.7617,2.2185,2.4872,1.5685,1.9603,2.5025,1.5767,1.9995,2.5311,1.7079,2.2476,2.3752,1.4769,1.9385,2.3867,1.4807,2.0836,2.5113,0.06421,2.0763,2.2313,0.070925,2.2691,2.4305,0.079102,2.1658,2.1941,0.1877
2.0899,2.6005,1.7399,2.0778,2.4891,1.7618,2.2187,2.4956,1.5687,1.9605,2.5111,1.5769,1.9997,2.5401,1.708,2.2475,2.3835,1.4771,1.9385,2.3951,1.4812,2.0837,2.5115,0.064054,2.0761,2.2314,0.071909,2.2703,2.4594,0.078493,2.1674,2.2182,0.17696
2.0902,2.6091,1.74,2.0781,2.4977,1.7619,2.2187,2.5039,1.5687,1.9606,2.52,1.577,2,2.5489,1.7081,2.2474,2.3921,1.4773,1.9386,2.4041,1.4815,2.0837,2.5115,0.063992,2.076,2.2316,0.072943,2.2713,2.4881,0.078202,2.1693,2.2423,0.16696
2.0906,2.6178,1.74,2.0784,2.5064,1.7619,2.2189,2.5121,1.5688,1.9608,2.5288,1.5771,2.0003,2.5577,1.7081,2.2475,2.4006,1.4775,1.9386,2.413,1.4818,2.0837,2.5117,0.063878,2.0759,2.2319,0.074046,2.2719,2.517,0.078062,2.1709,2.2672,0.15661
2.091,2.6264,1.7399,2.0785,2.5152,1.7619,2.219,2.5206,1.5687,1.961,2.5374,1.577,2.0005,2.5663,1.7082,2.2476,2.4092,1.4774,1.9388,2.4215,1.4818,2.0837,2.5118,0.06376,2.0761,2.2323,0.075167,2.2719,2.546,0.078552,2.1723,2.2924,0.14655
2.0912,2.6351,1.7398,2.0786,2.5235,1.7618,2.2193,2.5292,1.5685,1.9611,2.5462,1.5771,2.0007,2.5751,1.708,2.2477,2.4175,1.4775,1.9388,2.4303,1.4819,2.0837,2.512,0.063642,2.0762,2.2328,0.076289,2.2718,2.5746,0.079071,2.174,2.3178,0.13684
2.0915,2.6437,1.7396,2.0788,2.5324,1.7616,2.2195,2.5378,1.5682,1.9614,2.5549,1.5768,2.001,2.5837,1.7078,2.248,2.426,1.4774,1.939,2.4389,1.4818,2.0834,2.5116,0.063516,2.0762,2.233,0.077836,2.2714,2.6029,0.079435,2.1752,2.344,0.12772
2.0917,2.6524,1.7393,2.0791,2.541,1.7613,2.2198,2.5466,1.5681,1.9616,2.5638,1.5765,2.0012,2.5926,1.7074,2.2482,2.4345,1.4774,1.9393,2.4478,1.4816,2.0841,2.5125,0.063181,2.0762,2.2332,0.079458,2.2706,2.6318,0.080457,2.1771,2.3689,0.11919
2.0919,2.661,1.7388,2.0792,2.5499,1.761,2.22,2.555,1.5677,1.9618,2.5723,1.576,2.0014,2.6013,1.7071,2.2484,2.443,1.4771,1.9396,2.4565,1.4813,2.0845,2.5129,0.06294,2.0766,2.2339,0.080721,2.2697,2.6601,0.081193,2.1774,2.3964,0.1114
2.0921,2.6699,1.7384,2.0794,2.5585,1.7605,2.2202,2.5637,1.5672,1.9621,2.5811,1.5756,2.0016,2.61,1.7066,2.2486,2.4515,1.477,1.94,2.465,1.4809,2.0844,2.513,0.063064,2.0765,2.234,0.082432,2.2686,2.688,0.08203,2.1789,2.4224,0.10383
2.0924,2.6786,1.7378,2.0795,2.5673,1.7599,2.2205,2.5724,1.567,1.9624,2.5898,1.575,2.0018,2.6187,1.706,2.2492,2.4605,1.4767,1.9403,2.4737,1.4805,2.0843,2.5132,0.062958,2.0765,2.2345,0.084048,2.2674,2.7158,0.082542,2.1795,2.4489,0.097444
2.0926,2.6875,1.7372,2.0797,2.5761,1.7594,2.2208,2.581,1.5665,1.9628,2.5991,1.5742,2.0021,2.6275,1.7054,2.2495,2.4689,1.4764,1.9407,2.4822,1.48,2.0843,2.5133,0.062852,2.0766,2.2351,0.085482,2.2659,2.7433,0.083282,2.1796,2.4757,0.091715
2.0929,2.6963,1.7366,2.0798,2.585,1.7588,2.2212,2.5895,1.5659,1.9632,2.6081,1.5736,2.0022,2.6364,1.7046,2.25,2.4778,1.4759,1.9412,2.491,1.4793,2.084,2.5134,0.062978,2.0765,2.2356,0.08719,2.2642,2.7714,0.084454,2.1793,2.5029,0.086518
2.0931,2.7052,1.7358,2.08,2.5939,1.7582,2.2215,2.5982,1.5655,1.9636,2.6168,1.5727,2.0025,2.6454,1.7038,2.2506,2.4865,1.4754,1.9417,2.4997,1.4785,2.0842,2.5133,0.062958,2.0763,2.236,0.089094,2.2626,2.7981,0.086568,2.1787,2.5296,0.081647
2.0933,2.714,1.735,2.0802,2.6027,1.7574,2.222,2.6072,1.565,1.964,2.6255,1.5717,2.0029,2.6545,1.7024,2.2512,2.4952,1.4749,1.9422,2.5082,1.4777,2.0843,2.5134,0.062821,2.0765,2.2367,0.090627,2.2609,2.8245,0.090642,2.1777,2.5557,0.077144
2.0935,2.7228,1.734,2.0805,2.6116,1.7565,2.2224,2.6158,1.5641,1.9644,2.6342,1.5709,2.0031,2.6634,1.7013,2.2518,2.5039,1.4744,1.9428,2.5171,1.477,2.0842,2.5135,0.062792,2.0763,2.2372,0.092618,2.2588,2.8504,0.097169,2.1762,2.5829,0.072311
2.0937,2.7317,1.7331,2.0808,2.6204,1.7555,2.2229,2.6245,1.5634,1.9649,2.643,1.5696,2.0034,2.6722,1.7002,2.2524,2.5126,1.4737,1.9435,2.5257,1.4759,2.0842,2.5136,0.062701,2.0762,2.2377,0.094541,2.2564,2.8755,0.10502,2.1739,2.6101,0.067685
2.0942,2.7409,1.7314,2.0811,2.6293,1.7545,2.2234,2.6335,1.5625,1.9654,2.6517,1.5685,2.0037,2.6809,1.6992,2.2531,2.5214,1.4727,1.9442,2.5344,1.4749,2.0842,2.5137,0.062669,2.0761,2.2384,0.096486,2.2532,2.9004,0.11453,2.1723,2.636,0.063835
2.0948,2.7505,1.7299,2.0814,2.6381,1.7534,2.224,2.6422,1.5616,1.9661,2.6603,1.5671,2.0041,2.6898,1.6978,2.2539,2.5303,1.4719,1.945,2.543,1.4736,2.0837,2.5142,0.062747,2.0761,2.2391,0.098496,2.2505,2.9232,0.12373,2.1706,2.6617,0.061002
2.0951,2.7591,1.7288,2.0817,2.6469,1.7522,2.2246,2.6509,1.5608,1.9666,2.6691,1.5659,2.0046,2.6986,1.6965,2.2543,2.5384,1.4712,1.9458,2.5516,1.4724,2.0841,2.5135,0.062789,2.0759,2.2397,0.10058,2.2471,2.9457,0.13278,2.1691,2.6867,0.05888
2.0956,2.768,1.7275,2.0821,2.6557,1.751,2.2254,2.6598,1.5597,1.9673,2.6775,1.5645,2.0051,2.7074,1.6952,2.2552,2.5471,1.47,1.9467,2.5603,1.471,2.0842,2.5136,0.062743,2.0758,2.2403,0.10297,2.2437,2.9669,0.14152,2.1677,2.7104,0.057587
2.0959,2.7766,1.7263,2.0826,2.6644,1.7497,2.226,2.6686,1.5586,1.9678,2.6862,1.5631,2.0056,2.7162,1.6938,2.2561,2.5561,1.4689,1.9475,2.5689,1.4696,2.0842,2.5139,0.062428,2.0756,2.2413,0.10499,2.2403,2.9872,0.15016,2.1664,2.7336,0.056673
2.0963,2.7851,1.7251,2.0831,2.6734,1.7485,2.2267,2.6773,1.5574,1.9687,2.6949,1.5616,2.0061,2.7249,1.6923,2.2571,2.5649,1.4675,1.9484,2.5776,1.4682,2.0842,2.5142,0.062248,2.0755,2.2422,0.10749,2.2366,3.0055,0.15854,2.165,2.7544,0.056346
2.0969,2.7942,1.7236,2.0837,2.682,1.7471,2.2276,2.6862,1.5563,1.9694,2.7037,1.5601,2.0067,2.7336,1.6909,2.258,2.5736,1.4662,1.9495,2.5864,1.4666,2.0842,2.5144,0.062167,2.0751,2.2431,0.10994,2.2325,3.0224,0.16619,2.1634,2.7739,0.055945
2.0976,2.8031,1.7222,2.0844,2.6907,1.7458,2.2284,2.6951,1.555,1.9702,2.7122,1.5589,2.0075,2.7421,1.6896,2.2592,2.5827,1.4647,1.9504,2.5952,1.4651,2.0841,2.5145,0.062143,2.075,2.2442,0.11255,2.2292,3.0376,0.17186,2.1603,2.792,0.05515
2.0983,2.8118,1.721,2.0852,2.6995,1.7445,2.2293,2.7041,1.5539,1.9712,2.7209,1.5574,2.0081,2.7506,1.6883,2.2602,2.5916,1.4633,1.9514,2.6039,1.4635,2.0842,2.5146,0.062046,2.0747,2.2453,0.11527,2.2271,3.0509,0.17526,2.1567,2.8078,0.054859
2.0989,2.8206,1.7199,2.0859,2.7081,1.7433,2.2302,2.713,1.5528,1.9721,2.7294,1.5561,2.0088,2.7592,1.6871,2.2616,2.6011,1.4615,1.9525,2.6129,1.4619,2.0842,2.5146,0.061949,2.0743,2.2466,0.11801,2.2255,3.0625,0.17655,2.1529,2.8207,0.054376
2.0996,2.8293,1.7188,2.0868,2.7168,1.7421,2.2311,2.7218,1.5516,1.973,2.7381,1.5548,2.0097,2.7679,1.6858,2.2628,2.6102,1.4601,1.9537,2.6217,1.4604,2.0842,2.5146,0.06188,2.0738,2.2483,0.12109,2.2235,3.0726,0.17614,2.1499,2.8315,0.05336
2.1005,2.8378,1.7178,2.0877,2.7254,1.7409,2.2322,2.731,1.5507,1.974,2.7472,1.5536,2.0108,2.7766,1.6846,2.264,2.6194,1.4586,1.9547,2.6309,1.4589,2.0842,2.5146,0.061821,2.0731,2.2497,0.1247,2.2206,3.0812,0.1746,2.148,2.8405,0.051131
2.1014,2.8465,1.7168,2.0886,2.7341,1.7398,2.2334,2.7401,1.5497,1.9751,2.7558,1.5524,2.0116,2.7852,1.6835,2.2651,2.6284,1.4573,1.9559,2.6402,1.4575,2.0843,2.5146,0.061736,2.0725,2.252,0.12836,2.2176,3.0883,0.17151,2.1474,2.8466,0.04914
2.1022,2.8552,1.716,2.0897,2.7427,1.7387,2.2371,2.7533,1.5496,1.9762,2.7646,1.5512,2.0127,2.7942,1.6824,2.2663,2.6376,1.456,1.9572,2.6494,1.4562,2.0843,2.5146,0.061655,2.0721,2.2541,0.13275,2.2144,3.0949,0.16615,2.1469,2.8495,0.049866
2.1033,2.8639,1.7152,2.0908,2.7514,1.7378,2.2356,2.7584,1.5476,1.9774,2.7736,1.5502,2.0138,2.8026,1.6814,2.2678,2.6469,1.4548,1.9585,2.6587,1.455,2.0844,2.5148,0.061588,2.0719,2.2571,0.13733,2.2118,3.0998,0.15812,2.146,2.8515,0.050167
2.1042,2.8725,1.7145,2.0918,2.76,1.7368,2.2368,2.7675,1.5468,1.9786,2.7827,1.5494,2.0147,2.8111,1.6806,2.2691,2.6561,1.4537,1.9598,2.6678,1.4538,2.0846,2.515,0.061476,2.0717,2.2604,0.14244,2.2098,3.1035,0.15059,2.1457,2.854,0.050296
2.1054,2.8815,1.714,2.0933,2.7696,1.7354,2.238,2.7767,1.5461,1.9797,2.7915,1.5485,2.016,2.82,1.68,2.2706,2.6653,1.4527,1.9612,2.677,1.4528,2.0846,2.5153,0.061286,2.0714,2.2638,0.14874,2.2085,3.1087,0.14363,2.1441,2.8559,0.05297
2.1063,2.8902,1.7138,2.0945,2.7785,1.735,2.2392,2.786,1.5457,1.981,2.8006,1.548,2.0171,2.829,1.6796,2.2721,2.6745,1.4519,1.9628,2.6863,1.4519,2.0846,2.5157,0.06101,2.0709,2.2688,0.15499,2.2077,3.1156,0.13552,2.1442,2.8585,0.055064
2.1076,2.8994,1.7136,2.0959,2.7877,1.7349,2.2405,2.7954,1.5456,1.9823,2.8095,1.5479,2.0182,2.8377,1.6795,2.2739,2.6842,1.4514,1.964,2.6952,1.4512,2.0843,2.5162,0.06117,2.071,2.2752,0.16136,2.2056,3.1209,0.12682,2.1444,2.8597,0.056676
2.1087,2.9087,1.7141,2.0969,2.7968,1.7354,2.2418,2.8047,1.5461,1.9836,2.8187,1.5483,2.0196,2.847,1.6797,2.2755,2.6939,1.4513,1.9654,2.7042,1.4511,2.0841,2.5173,0.060906,2.0706,2.2822,0.16895,2.2028,3.1246,0.12028,2.145,2.8608,0.057465
2.1097,2.9182,1.7148,2.0983,2.8063,1.736,2.2432,2.8143,1.5471,1.9849,2.828,1.5489,2.0205,2.8563,1.6805,2.2774,2.7036,1.4515,1.9668,2.7132,1.4513,2.0837,2.5181,0.060527,2.0701,2.2906,0.17705,2.201,3.1276,0.11538,2.1453,2.8616,0.058054
2.1108,2.9276,1.7157,2.0993,2.8157,1.737,2.2445,2.8239,1.5482,1.9862,2.8375,1.5498,2.022,2.8657,1.6814,2.2789,2.7133,1.4522,1.9681,2.7221,1.452,2.0838,2.5197,0.060565,2.0694,2.3002,0.18568,2.2006,3.1296,0.1104,2.1455,2.8622,0.058638
2.1121,2.9372,1.7168,2.1008,2.8253,1.738,2.2459,2.8334,1.5493,1.9875,2.8467,1.5509,2.0232,2.8757,1.6823,2.2804,2.7229,1.4531,1.9695,2.7312,1.453,2.0834,2.5212,0.060027,2.0681,2.3109,0.19456,2.2012,3.1315,0.10553,2.1458,2.8629,0.059281
2.1133,2.9466,1.7179,2.1019,2.8348,1.7392,2.2472,2.8429,1.5506,1.9889,2.8559,1.5521,2.0244,2.8845,1.6836,2.2815,2.7324,1.4543,1.9709,2.7402,1.4545,2.0829,2.5235,0.059708,2.0664,2.3234,0.20315,2.2014,3.1331,0.10072,2.1463,2.8635,0.059985
2.1144,2.9557,1.719,2.1033,2.844,1.7403,2.2485,2.8524,1.5517,1.9901,2.865,1.5531,2.0255,2.8937,1.6847,2.2828,2.7421,1.4555,1.9723,2.7491,1.4559,2.0828,2.5254,0.059064,2.0644,2.3357,0.21274,2.2013,3.1349,0.096117,2.1469,2.8639,0.060849
2.1156,2.9653,1.72,2.1045,2.8534,1.7415,2.2498,2.8617,1.5528,1.9914,2.8741,1.5542,2.027,2.903,1.6857,2.2841,2.7521,1.4568,1.9737,2.7585,1.4575,2.0824,2.5284,0.058208,2.061,2.3476,0.22419,2.2011,3.1365,0.091724,2.1477,2.8641,0.061772
2.1168,2.9741,1.7211,2.106,2.8624,1.7424,2.251,2.8709,1.5538,1.9926,2.8832,1.5553,2.0281,2.9119,1.6868,2.2853,2.7619,1.4582,1.9751,2.7676,1.4591,2.0821,2.5317,0.057031,2.0587,2.3621,0.23434,2.2003,3.1379,0.088456,2.1482,2.865,0.062082
2.118,2.9835,1.7223,2.1073,2.8714,1.7435,2.2522,2.8803,1.5546,1.9938,2.892,1.5565,2.0294,2.921,1.6879,2.2865,2.7718,1.4593,1.9764,2.7766,1.4606,2.0816,2.5364,0.056399,2.0568,2.3772,0.24506,2.2004,3.1384,0.087193,2.1485,2.8652,0.062282
2.1194,2.9922,1.7232,2.1086,2.8803,1.7444,2.2532,2.8893,1.5555,1.9949,2.9012,1.5577,2.0307,2.9298,1.6891,2.2877,2.7815,1.4603,1.9777,2.7856,1.4619,2.0813,2.542,0.055506,2.0549,2.3923,0.25587,2.2002,3.1388,0.085904,2.1488,2.8653,0.062477
2.1206,3.0015,1.7245,2.1102,2.8895,1.7457,2.2543,2.8984,1.5563,1.9959,2.9103,1.559,2.0319,2.9389,1.6905,2.2887,2.7913,1.4613,1.9788,2.7947,1.4633,2.0806,2.5484,0.054504,2.0529,2.4089,0.26674,2.1997,3.1393,0.084508,2.149,2.8655,0.062558
2.1218,3.0104,1.7256,2.1114,2.8984,1.7468,2.2553,2.908,1.5573,1.9969,2.9193,1.5604,2.0332,2.9481,1.6916,2.29,2.8009,1.4622,1.9798,2.8035,1.4645,2.078,2.5531,0.05261,2.0509,2.4266,0.2774,2.1992,3.1397,0.08349,2.1491,2.8656,0.062696
2.123,3.0194,1.7268,2.1127,2.9075,1.7479,2.2563,2.9172,1.558,1.9978,2.9284,1.5617,2.0344,2.9571,1.693,2.291,2.8104,1.4631,1.981,2.8123,1.4657,2.0769,2.5579,0.048481,2.0498,2.4439,0.28694,2.1991,3.1399,0.08261,2.1492,2.8657,0.062801
2.1242,3.0284,1.7277,2.114,2.9164,1.7489,2.2572,2.9262,1.5588,1.9987,2.9371,1.5631,2.0354,2.9658,1.6943,2.292,2.8201,1.464,1.982,2.8208,1.4669,2.0748,2.5684,0.04815,2.0495,2.459,0.2941,2.1989,3.1401,0.0818,2.1494,2.8657,0.062897
2.1253,3.0377,1.729,2.1153,2.9255,1.75,2.258,2.9354,1.5596,1.9996,2.9462,1.5644,2.0366,2.975,1.6955,2.293,2.8293,1.4648,1.9829,2.8293,1.4678,2.0731,2.5841,0.053862,2.0497,2.4735,0.29977,2.1988,3.1403,0.080985,2.1494,2.8657,0.063023
2.1261,3.0465,1.7298,2.1164,2.9346,1.751,2.259,2.9449,1.5605,2.0006,2.9549,1.5655,2.0376,2.9836,1.6966,2.294,2.8389,1.4658,1.9838,2.8376,1.4689,2.0701,2.6014,0.060617,2.0505,2.4875,0.30423,2.1987,3.1407,0.080202,2.1495,2.8658,0.063153
2.1269,3.0556,1.7309,2.1177,2.9434,1.7521,2.2597,2.9541,1.5612,2.0008,2.9642,1.5668,2.0386,2.9928,1.6976,2.2948,2.848,1.4668,1.9847,2.8457,1.47,2.067,2.6205,0.06466,2.0515,2.5011,0.30733,2.1986,3.1408,0.079542,2.1496,2.8658,0.063241
2.1277,3.0646,1.7319,2.1186,2.9526,1.7532,2.2606,2.9632,1.562,2.0015,2.973,1.5681,2.0396,3.0018,1.6988,2.2957,2.8574,1.4679,1.9855,2.854,1.4711,2.0638,2.6403,0.067237,2.0528,2.5157,0.30938,2.1985,3.141,0.078956,2.1496,2.8661,0.063317
2.1286,3.074,1.7326,2.1197,2.9619,1.754,2.2612,2.9725,1.563,2.0023,2.9816,1.5693,2.0403,3.0104,1.6998,2.2966,2.8669,1.469,1.9864,2.8623,1.4722,2.0596,2.6619,0.071189,2.0542,2.5309,0.31028,2.1984,3.1412,0.078406,2.15,2.8655,0.063681
2.1294,3.0832,1.7335,2.1205,2.971,1.7553,2.2619,2.9816,1.5637,2.0029,2.9903,1.5704,2.0411,3.0195,1.701,2.2974,2.8763,1.4703,1.9873,2.8702,1.4734,2.0558,2.6867,0.076245,2.0555,2.5466,0.31007,2.1982,3.1415,0.077874,2.1501,2.8656,0.063838
2.13,3.0922,1.7344,2.1215,2.9801,1.7562,2.2622,2.9901,1.5647,2.0034,2.9989,1.5716,2.0418,3.0282,1.702,2.2981,2.8852,1.4715,1.9881,2.8782,1.4746,2.0517,2.7099,0.079116,2.0568,2.5629,0.30908,2.1982,3.1417,0.077334,2.1494,2.8676,0.063394
2.1306,3.1015,1.735,2.1222,2.9893,1.7573,2.2626,2.9988,1.5654,2.0039,3.0075,1.5727,2.0424,3.0374,1.7029,2.2989,2.8946,1.4729,1.989,2.8862,1.4757,2.0478,2.732,0.07974,2.0581,2.5799,0.30696,2.1981,3.142,0.076748,2.1504,2.8653,0.064295
2.131,3.1107,1.7358,2.1229,2.9984,1.7581,2.2632,3.0081,1.5663,2.0045,3.0158,1.5737,2.0429,3.0463,1.7039,2.2996,2.9036,1.4742,1.99,2.8941,1.4769,2.0444,2.7554,0.080666,2.059,2.597,0.30367,2.1979,3.1423,0.076189,2.1505,2.8654,0.06446
2.1313,3.1196,1.7365,2.1236,3.0078,1.7591,2.2636,3.0167,1.567,2.005,3.0242,1.5746,2.0436,3.0553,1.7048,2.3002,2.9124,1.4755,1.9907,2.9022,1.4779,2.0406,2.7787,0.080931,2.0599,2.6145,0.29931,2.1976,3.1425,0.075499,2.1506,2.8655,0.064673
2.1317,3.1287,1.7371,2.124,3.0166,1.7599,2.2641,3.0258,1.568,2.0054,3.0329,1.5755,2.0439,3.0639,1.7054,2.3008,2.9214,1.4767,1.9914,2.9105,1.479,2.0375,2.8033,0.0811,2.0603,2.6319,0.29391,2.1974,3.1426,0.07494,2.1507,2.8658,0.064912
2.132,3.1378,1.7376,2.1245,3.0257,1.7606,2.2646,3.0347,1.5687,2.0058,3.0414,1.5761,2.0442,3.0728,1.7062,2.3015,2.9304,1.478,1.9921,2.9187,1.4798,2.0345,2.8288,0.081358,2.0608,2.6494,0.28743,2.1967,3.1431,0.074059,2.1508,2.8659,0.065219
2.1321,3.1466,1.738,2.1248,3.0348,1.7613,2.265,3.0436,1.5695,2.0062,3.0499,1.5767,2.0446,3.0814,1.7066,2.3021,2.9391,1.4789,1.9927,2.9271,1.4806,2.0316,2.8551,0.081561,2.0605,2.6662,0.28099,2.1966,3.1431,0.073504,2.1508,2.8661,0.065486
2.1323,3.1556,1.7385,2.125,3.0436,1.7619,2.2654,3.0523,1.5701,2.0066,3.0583,1.5771,2.0447,3.0901,1.7072,2.3026,2.948,1.4799,1.9935,2.9355,1.4814,2.0286,2.8829,0.081511,2.0603,2.685,0.27272,2.1961,3.1438,0.072582,2.1507,2.8664,0.066006
2.1322,3.1643,1.7389,2.1251,3.0524,1.7623,2.2659,3.0613,1.5708,2.007,3.0665,1.5774,2.0449,3.0988,1.7074,2.3032,2.9567,1.4807,1.9941,2.9438,1.4819,2.0266,2.9099,0.081424,2.0604,2.7061,0.26263,2.1957,3.1444,0.071977,2.1505,2.867,0.066128
2.1323,3.173,1.7391,2.1253,3.061,1.7627,2.2661,3.0697,1.5713,2.0073,3.075,1.5776,2.045,3.1073,1.7076,2.3038,2.9654,1.4815,1.9948,2.952,1.4824,2.0244,2.9371,0.080637,2.0598,2.7263,0.25315,2.1955,3.1447,0.071276,2.1503,2.8676,0.066886
2.1323,3.1817,1.7394,2.1254,3.0698,1.7631,2.2665,3.0788,1.572,2.0077,3.0834,1.5778,2.0452,3.1157,1.7078,2.3043,2.974,1.4821,1.9953,2.9605,1.4827,2.0224,2.9643,0.079553,2.0589,2.7467,0.24333,2.1951,3.1451,0.070681,2.1505,2.8684,0.066997
2.1322,3.1904,1.7395,2.1255,3.0785,1.7633,2.2669,3.0875,1.5723,2.008,3.0919,1.5778,2.0452,3.1245,1.708,2.3048,2.9827,1.4827,1.9958,2.9688,1.483,2.0219,2.9932,0.078255,2.0571,2.7678,0.23329,2.1949,3.1453,0.06996,2.1504,2.8689,0.067488
2.1323,3.1994,1.7396,2.1257,3.0872,1.7634,2.2671,3.096,1.5727,2.0084,3.1001,1.5778,2.0455,3.1324,1.7079,2.3052,2.9911,1.483,1.9962,2.9771,1.4832,2.0205,3.0205,0.076852,2.0564,2.7884,0.22323,2.1946,3.1456,0.069351,2.1502,2.8692,0.06792
2.1322,3.2077,1.7395,2.1255,3.0959,1.7634,2.2675,3.1045,1.573,2.0087,3.1083,1.5776,2.0455,3.141,1.7077,2.3056,2.9997,1.4834,1.9967,2.9853,1.4833,2.0195,3.0481,0.075338,2.0556,2.8109,0.21203,2.1944,3.1458,0.068885,2.15,2.8694,0.068318
2.1321,3.2164,1.7396,2.1256,3.1044,1.7634,2.2677,3.113,1.573,2.0089,3.1169,1.5775,2.0455,3.1497,1.7078,2.3055,3.0073,1.4836,1.9971,2.9934,1.4833,2.0184,3.0758,0.074317,2.0548,2.8333,0.20133,2.1942,3.146,0.068329,2.1501,2.8692,0.068997
2.132,3.225,1.7394,2.1257,3.113,1.7633,2.2679,3.1216,1.5732,2.009,3.1251,1.5773,2.0456,3.1582,1.7073,2.3058,3.0157,1.4837,1.9974,3.0016,1.4833,2.0172,3.1032,0.073095,2.0538,2.8563,0.19017,2.194,3.1462,0.067915,2.1499,2.8693,0.069522
2.1318,3.2335,1.7391,2.1256,3.1213,1.7631,2.2681,3.13,1.573,2.0091,3.1335,1.5769,2.0458,3.1663,1.7071,2.3062,3.0243,1.4837,1.9977,3.01,1.4832,2.0169,3.1315,0.072367,2.0522,2.8803,0.17932,2.1939,3.1465,0.067486,2.1495,2.8695,0.070006
2.132,3.242,1.7388,2.1256,3.1299,1.7629,2.2683,3.1383,1.573,2.0094,3.142,1.5765,2.0456,3.1749,1.7067,2.3065,3.0329,1.4835,1.998,3.0183,1.4831,2.0166,3.1596,0.071933,2.0521,2.9049,0.16792,2.1941,3.1465,0.067539,2.1493,2.8697,0.070443
2.132,3.2506,1.7385,2.1256,3.1386,1.7626,2.2685,3.147,1.5727,2.0095,3.1502,1.5761,2.0457,3.1834,1.7063,2.3065,3.0411,1.4834,1.9983,3.0264,1.4828,2.0168,3.1876,0.071548,2.0514,2.929,0.15736,2.1936,3.1471,0.066725,2.1492,2.8698,0.070916
2.1318,3.2591,1.738,2.1257,3.1471,1.7621,2.2685,3.1555,1.5724,2.0097,3.1584,1.5756,2.0459,3.1916,1.7058,2.3067,3.0494,1.4832,1.9986,3.0349,1.4825,2.017,3.2156,0.071305,2.0514,2.9536,0.14725,2.1936,3.1468,0.066091,2.149,2.8698,0.071566
2.1316,3.2678,1.7374,2.1255,3.1553,1.7617,2.2686,3.1641,1.5721,2.0099,3.1666,1.5751,2.0458,3.2001,1.7054,2.3068,3.0579,1.4828,1.9987,3.0432,1.4822,2.0175,3.2434,0.071196,2.0512,2.9787,0.13728,2.1937,3.1471,0.066059,2.1487,2.87,0.072175
2.1319,3.2761,1.7368,2.1257,3.164,1.7611,2.2689,3.1726,1.5715,2.01,3.175,1.5745,2.0459,3.2081,1.7049,2.307,3.0661,1.4824,1.9988,3.0514,1.4818,2.0183,3.2709,0.071232,2.0512,3.0036,0.12805,2.1936,3.1474,0.065779,2.1482,2.8703,0.072773
2.1319,3.2848,1.7361,2.1258,3.1724,1.7606,2.2689,3.1812,1.5711,2.01,3.1835,1.5739,2.0459,3.2167,1.7042,2.307,3.0746,1.482,1.9989,3.0598,1.4813,2.0192,3.2987,0.071647,2.0514,3.0293,0.11916,2.1935,3.1476,0.065516,2.1474,2.8712,0.072969
2.1316,3.2933,1.7355,2.1258,3.1809,1.76,2.2689,3.1896,1.5703,2.0101,3.1918,1.5732,2.0459,3.2254,1.7035,2.3071,3.0832,1.4813,1.9988,3.068,1.4808,2.0204,3.3259,0.072537,2.0522,3.055,0.11006,2.1934,3.1479,0.06529,2.147,2.8707,0.074193
2.1314,3.3018,1.7348,2.1259,3.1895,1.7593,2.2689,3.1979,1.5698,2.0101,3.2,1.5726,2.0459,3.2333,1.7029,2.307,3.0914,1.4808,1.9988,3.0762,1.4803,2.0215,3.3523,0.074319,2.0527,3.0802,0.10232,2.1934,3.1482,0.065162,2.1467,2.8709,0.07516
2.1317,3.3103,1.7339,2.126,3.1982,1.7585,2.2689,3.2064,1.5687,2.0101,3.2086,1.5717,2.046,3.2419,1.702,2.307,3.1002,1.4799,1.9987,3.0846,1.4797,2.0235,3.3801,0.077417,2.0535,3.1064,0.094633,2.1933,3.1484,0.065002,2.1464,2.8717,0.07587
2.1314,3.3186,1.7331,2.126,3.2067,1.7576,2.2687,3.2147,1.5678,2.01,3.2168,1.571,2.0459,3.2502,1.7011,2.3069,3.1085,1.4791,1.9985,3.0929,1.479,2.0258,3.4066,0.081512,2.0542,3.1321,0.087674,2.1934,3.1481,0.06464,2.1461,2.8719,0.076981
2.1314,3.3269,1.7323,2.126,3.2151,1.7567,2.2687,3.2233,1.5668,2.0101,3.2251,1.5702,2.0459,3.2587,1.7003,2.3068,3.1169,1.4782,1.9983,3.1013,1.4782,2.0277,3.4324,0.08765,2.0543,3.1564,0.081842,2.1934,3.1482,0.064494,2.1459,2.8722,0.078061
2.1311,3.3356,1.7312,2.1259,3.2234,1.7557,2.2686,3.2318,1.5656,2.01,3.2337,1.5693,2.0459,3.2667,1.6994,2.3061,3.1257,1.4774,1.9982,3.1097,1.4774,2.03,3.4579,0.095073,2.0508,3.1779,0.080056,2.1931,3.1483,0.063791,2.1462,2.8729,0.079104
2.1309,3.3439,1.7302,2.1259,3.2315,1.7546,2.2683,3.2399,1.5646,2.0099,3.2418,1.5683,2.0455,3.2754,1.6986,2.3058,3.1342,1.4764,1.998,3.1181,1.4765,2.0328,3.482,0.10334,2.052,3.2034,0.074807,2.1931,3.1484,0.063654,2.1463,2.8722,0.081207
2.1312,3.3524,1.7288,2.126,3.2401,1.7535,2.2681,3.2484,1.5633,2.0093,3.25,1.5673,2.0454,3.2841,1.6975,2.3056,3.1427,1.4751,1.9977,3.1266,1.4754,2.0357,3.5057,0.11219,2.0508,3.2266,0.072316,2.1931,3.1485,0.063547,2.1463,2.8725,0.08276
2.1306,3.3603,1.7281,2.1259,3.2485,1.7525,2.2678,3.2568,1.562,2.0091,3.2585,1.5663,2.0453,3.2921,1.6966,2.3053,3.1513,1.4738,1.9974,3.1352,1.4743,2.0386,3.5282,0.12107,2.052,3.2509,0.069292,2.1931,3.1485,0.063454,2.1466,2.8739,0.083552
2.1304,3.3689,1.7269,2.1259,3.257,1.7513,2.2676,3.2654,1.5608,2.0088,3.2668,1.5653,2.0449,3.3005,1.6955,2.3049,3.1597,1.4725,1.9971,3.1435,1.4731,2.0416,3.5497,0.12991,2.0559,3.2774,0.065141,2.1932,3.1486,0.063354,2.147,2.8742,0.085301
2.1302,3.3763,1.7262,2.1258,3.2654,1.7501,2.2673,3.2738,1.5595,2.0087,3.2751,1.5643,2.0443,3.3089,1.6948,2.3043,3.168,1.471,1.9966,3.152,1.472,2.0444,3.5699,0.13839,2.0631,3.3075,0.059651,2.1933,3.1486,0.06318,2.1475,2.8747,0.087243
2.13,3.3847,1.7251,2.1255,3.2737,1.749,2.2669,3.282,1.5583,2.0083,3.2835,1.5632,2.0441,3.3172,1.6938,2.3039,3.1764,1.4695,1.996,3.1602,1.4709,2.0475,3.5886,0.14606,2.0654,3.3266,0.059555,2.1935,3.1487,0.063145,2.1477,2.8745,0.089484
2.1297,3.393,1.724,2.1252,3.282,1.7478,2.2664,3.2906,1.5569,2.0079,3.292,1.562,2.0438,3.3256,1.6927,2.3036,3.1852,1.468,1.9955,3.1688,1.4696,2.0503,3.6058,0.15267,2.0701,3.3461,0.058886,2.1936,3.1488,0.063062,2.1482,2.875,0.091665
2.1293,3.4013,1.7229,2.1248,3.2902,1.7467,2.266,3.2989,1.5557,2.0075,3.3003,1.5611,2.0436,3.334,1.6916,2.3029,3.1934,1.4664,1.995,3.1775,1.4684,2.0522,3.6206,0.1579,2.0762,3.3634,0.057997,2.1937,3.1486,0.063116,2.1489,2.8758,0.093852
2.129,3.4096,1.7217,2.1245,3.2987,1.7455,2.2654,3.3076,1.5545,2.0068,3.3089,1.5603,2.0432,3.3424,1.6906,2.3023,3.202,1.465,1.9944,3.1857,1.4673,2.0537,3.6338,0.16123,2.0823,3.379,0.057205,2.1941,3.1492,0.063135,2.1496,2.8766,0.096259
2.1287,3.418,1.7207,2.1241,3.3072,1.745,2.2648,3.3158,1.5532,2.0066,3.317,1.5592,2.0427,3.3507,1.6896,2.3017,3.211,1.4634,1.9936,3.1944,1.4661,2.0557,3.6452,0.16268,2.087,3.3919,0.056526,2.1943,3.1495,0.063079,2.1508,2.8777,0.098505
2.1283,3.4264,1.7196,2.1237,3.3154,1.7439,2.2641,3.3244,1.5518,2.0057,3.3261,1.5582,2.0422,3.3593,1.6887,2.3011,3.2198,1.4621,1.9928,3.203,1.4649,2.0591,3.6554,0.16209,2.0903,3.4023,0.055449,2.1945,3.1498,0.062999,2.1514,2.8781,0.10154
2.1278,3.4348,1.7187,2.1231,3.3236,1.7429,2.2635,3.3331,1.5506,2.0049,3.335,1.5572,2.0417,3.3679,1.6877,2.3003,3.2287,1.4607,1.9922,3.2114,1.4638,2.064,3.6641,0.15999,2.092,3.4103,0.05405,2.1947,3.15,0.06289,2.1529,2.8795,0.10399
2.1273,3.4433,1.7179,2.1226,3.3322,1.7417,2.2628,3.3415,1.5494,2.0042,3.3436,1.5563,2.0412,3.3764,1.6868,2.2996,3.2377,1.4593,1.9914,3.2203,1.4626,2.0698,3.6719,0.15648,2.0928,3.4164,0.054341,2.194,3.1504,0.062947,2.1534,2.8802,0.10723
2.1268,3.4515,1.717,2.1221,3.3405,1.7407,2.2619,3.3501,1.5482,2.0033,3.3524,1.5555,2.0405,3.3847,1.6859,2.2988,3.2469,1.4579,1.9906,3.2288,1.4615,2.0753,3.6785,0.1511,2.0936,3.4209,0.054648,2.1944,3.1511,0.062606,2.1542,2.8813,0.11056
2.1262,3.4599,1.7161,2.1214,3.3487,1.7397,2.2612,3.3591,1.5469,2.0026,3.3611,1.5545,2.0397,3.3932,1.685,2.2979,3.256,1.4566,1.9896,3.2376,1.4605,2.0803,3.6836,0.14435,2.0939,3.4237,0.055685,2.1945,3.1513,0.062636,2.1547,2.8829,0.1142
2.1254,3.4684,1.7154,2.1208,3.3571,1.7386,2.2604,3.3679,1.5458,2.0018,3.3703,1.5535,2.039,3.4019,1.6842,2.2969,3.2651,1.4552,1.9888,3.2465,1.4593,2.0854,3.6873,0.13661,2.0946,3.4252,0.056366,2.1946,3.1514,0.06253,2.1547,2.8837,0.11879
2.1248,3.477,1.7146,2.1201,3.3657,1.7377,2.2594,3.3765,1.5447,2.0008,3.3791,1.5527,2.0384,3.4105,1.6834,2.2958,3.2741,1.4538,1.9878,3.2554,1.4582,2.0906,3.6903,0.12914,2.0946,3.4265,0.057734,2.1947,3.1515,0.062505,2.155,2.8857,0.12327
2.1241,3.4856,1.714,2.1191,3.374,1.7369,2.2585,3.3855,1.5437,1.9997,3.3879,1.5522,2.0377,3.4191,1.6827,2.295,3.2835,1.4525,1.9866,3.2642,1.4573,2.0948,3.6948,0.12136,2.0941,3.4288,0.059205,2.1948,3.1516,0.062454,2.1552,2.8885,0.12815
2.1234,3.4941,1.7135,2.1183,3.3824,1.7364,2.2575,3.3944,1.5429,1.9991,3.3969,1.5516,2.0369,3.428,1.6822,2.2937,3.2923,1.4515,1.9855,3.2733,1.4564,2.0971,3.7004,0.11279,2.0942,3.4306,0.060343,2.1945,3.1511,0.062583,2.1558,2.8918,0.13365
2.1228,3.5031,1.7133,2.1175,3.3913,1.7362,2.2564,3.4035,1.5423,1.9981,3.4059,1.5515,2.0362,3.4368,1.6822,2.2928,3.3014,1.4507,1.9844,3.2824,1.4556,2.0978,3.7032,0.10647,2.094,3.4313,0.061163,2.1948,3.1516,0.06265,2.1565,2.896,0.13967
2.1222,3.5123,1.7136,2.1169,3.4006,1.7363,2.2554,3.4124,1.5423,1.9969,3.4154,1.5521,2.0355,3.4462,1.6825,2.292,3.3105,1.4503,1.9829,3.2913,1.4553,2.0971,3.7047,0.10258,2.0939,3.4316,0.06164,2.1952,3.1521,0.062434,2.1575,2.9006,0.14679
2.1215,3.5214,1.7138,2.1162,3.4098,1.7366,2.2544,3.422,1.5425,1.9959,3.4248,1.5526,2.0347,3.4555,1.6829,2.2911,3.3195,1.4502,1.9818,3.3004,1.4553,2.0961,3.7061,0.099086,2.0938,3.4321,0.062073,2.1954,3.1528,0.062261,2.1586,2.9065,0.15473
2.1208,3.5306,1.7142,2.1154,3.4191,1.7369,2.2533,3.4307,1.5427,1.9951,3.4343,1.5531,2.0338,3.4649,1.6836,2.2902,3.3283,1.4505,1.9809,3.3095,1.4556,2.0958,3.7075,0.095442,2.0938,3.4328,0.062544,2.1955,3.1537,0.062073,2.1601,2.9136,0.16342
2.1199,3.5399,1.7147,2.1144,3.4284,1.7375,2.2523,3.4398,1.5431,1.994,3.4436,1.5537,2.0329,3.4743,1.6841,2.2895,3.3376,1.4512,1.9799,3.3188,1.4563,2.0965,3.7088,0.091092,2.0934,3.4333,0.063069,2.1954,3.155,0.061791,2.1624,2.9217,0.1727
2.1192,3.5493,1.7151,2.1134,3.4375,1.738,2.2515,3.4489,1.5436,1.9929,3.4528,1.5543,2.0321,3.4837,1.6846,2.2885,3.3466,1.452,1.9791,3.3276,1.457,2.098,3.71,0.086822,2.0932,3.4339,0.063572,2.1955,3.1564,0.061292,2.1651,2.9313,0.18199
2.1182,3.5586,1.7154,2.1126,3.447,1.7384,2.2507,3.4578,1.5442,1.9922,3.4622,1.5546,2.0312,3.4928,1.6848,2.2878,3.3555,1.4528,1.9784,3.3367,1.4579,2.1001,3.7112,0.083314,2.0936,3.4352,0.063156,2.1958,3.1582,0.060784,2.1685,2.9418,0.19169
2.1172,3.5677,1.7157,2.1117,3.4562,1.7389,2.25,3.4666,1.5448,1.9917,3.4705,1.5547,2.0302,3.5016,1.6851,2.2868,3.3643,1.4536,1.9778,3.3457,1.4586,2.1008,3.7119,0.081151,2.0887,3.4302,0.066911,2.1968,3.1597,0.060138,2.1718,2.9526,0.20187
2.1163,3.5767,1.716,2.1105,3.4647,1.739,2.2494,3.4754,1.5456,1.9911,3.479,1.5549,2.0293,3.5104,1.6853,2.2861,3.3731,1.4543,1.9772,3.3547,1.4593,2.1017,3.7124,0.078864,2.0863,3.426,0.069217,2.1972,3.1625,0.059338,2.1751,2.9647,0.21248
2.1154,3.5855,1.7164,2.1096,3.4736,1.7393,2.2489,3.4842,1.5462,1.9905,3.4876,1.5552,2.0286,3.5193,1.6856,2.2853,3.3817,1.4547,1.9765,3.3639,1.4601,2.1021,3.7129,0.076886,2.0863,3.4261,0.069346,2.1975,3.1656,0.058543,2.1782,2.9775,0.22344
2.1145,3.5944,1.7168,2.1089,3.4825,1.7399,2.2484,3.4929,1.5471,1.9903,3.4955,1.5554,2.0278,3.5278,1.6859,2.2847,3.3902,1.4552,1.9758,3.373,1.4607,2.1023,3.7135,0.075417,2.0864,3.4262,0.069436,2.1982,3.1698,0.057655,2.1806,2.9921,0.23497
2.1138,3.6029,1.7174,2.108,3.4907,1.7405,2.248,3.5018,1.5479,1.9899,3.5042,1.5559,2.0272,3.5366,1.6864,2.2841,3.3986,1.4555,1.9751,3.3822,1.4613,2.1023,3.7139,0.074011,2.0863,3.4261,0.069585,2.1996,3.1741,0.056209,2.1826,3.0077,0.24689
2.1132,3.6115,1.7181,2.1075,3.4994,1.7412,2.2476,3.5104,1.5486,1.9896,3.5129,1.5564,2.0266,3.545,1.687,2.2836,3.4068,1.4556,1.9745,3.3915,1.4618,2.1023,3.7144,0.072672,2.0863,3.4261,0.069691,2.2015,3.1798,0.054823,2.1844,3.0249,0.25899
2.1129,3.6198,1.7187,2.107,3.5078,1.7418,2.2472,3.5189,1.5493,1.9892,3.5214,1.557,2.0262,3.5535,1.6876,2.2831,3.415,1.4559,1.9739,3.4007,1.4624,2.1022,3.7149,0.071339,2.0865,3.4264,0.069676,2.2017,3.184,0.052387,2.1849,3.0422,0.27047
2.1126,3.6284,1.7197,2.1068,3.5164,1.7425,2.2469,3.5274,1.55,1.989,3.5302,1.5576,2.026,3.5621,1.6884,2.2826,3.4228,1.4562,1.9734,3.41,1.4629,2.1021,3.7155,0.070086,2.0864,3.4264,0.069839,2.2039,3.1898,0.049855,2.1844,3.0581,0.28066
2.1124,3.6365,1.7204,2.1066,3.5244,1.743,2.2466,3.5357,1.5507,1.9887,3.5388,1.5584,2.0258,3.5702,1.6891,2.2823,3.4306,1.4565,1.9729,3.4192,1.4635,2.102,3.7161,0.068898,2.0886,3.4301,0.06798,2.2066,3.1987,0.048676,2.1833,3.0719,0.28788
2.1124,3.6448,1.7214,2.1065,3.5325,1.7438,2.2467,3.5442,1.5513,1.9886,3.5475,1.559,2.0258,3.5788,1.6899,2.2817,3.4379,1.4568,1.9723,3.4286,1.4642,2.1018,3.7164,0.068059,2.0886,3.4301,0.068121,2.2108,3.2122,0.049051,2.1814,3.0863,0.2935
2.1125,3.6528,1.7222,2.1065,3.5408,1.7444,2.2467,3.5527,1.5521,1.9886,3.5559,1.5598,2.0258,3.5871,1.6906,2.2814,3.4455,1.4575,1.9719,3.4378,1.4649,2.1018,3.7168,0.067421,2.0865,3.4265,0.070122,2.2149,3.229,0.055269,2.179,3.1012,0.29774
2.1129,3.661,1.7231,2.1066,3.549,1.7451,2.2466,3.5607,1.5527,1.9886,3.5643,1.5605,2.0259,3.5955,1.6913,2.2811,3.4529,1.458,1.9714,3.4469,1.4659,2.1017,3.7171,0.066888,2.0863,3.4264,0.070338,2.2191,3.246,0.060268,2.1766,3.1161,0.30045
2.113,3.6694,1.724,2.1067,3.5573,1.7458,2.2464,3.5701,1.5537,1.9886,3.5733,1.5614,2.0261,3.6039,1.6923,2.2806,3.4606,1.4588,1.971,3.4563,1.4667,2.1017,3.7173,0.066496,2.0863,3.4264,0.070479,2.2233,3.2648,0.064574,2.1744,3.1319,0.30193
2.1136,3.6776,1.7248,2.1071,3.5656,1.7467,2.2466,3.5781,1.5545,1.9887,3.5818,1.5623,2.0264,3.6121,1.6931,2.2802,3.4681,1.4597,1.9706,3.4655,1.4676,2.1017,3.7175,0.066182,2.0863,3.4264,0.070592,2.2274,3.2822,0.064288,2.1724,3.148,0.30207
2.1141,3.6858,1.7257,2.1072,3.5736,1.7476,2.2468,3.5861,1.5552,1.9888,3.5902,1.5633,2.0268,3.6208,1.6941,2.2798,3.4754,1.4605,1.9702,3.4746,1.4686,2.1017,3.7177,0.065925,2.0863,3.4265,0.070751,2.2348,3.3092,0.072247,2.1707,3.1648,0.30115
2.1148,3.6941,1.7266,2.1076,3.5823,1.7485,2.247,3.5941,1.556,1.9891,3.599,1.5643,2.0272,3.6293,1.6951,2.2795,3.4829,1.4613,1.9698,3.4837,1.4697,2.1017,3.7179,0.06568,2.0863,3.4264,0.070983,2.2387,3.331,0.074425,2.1693,3.182,0.29909
2.1155,3.7024,1.7274,2.1079,3.5903,1.7493,2.2472,3.6017,1.5567,1.9893,3.6076,1.5654,2.0277,3.6379,1.6961,2.2791,3.4906,1.4623,1.9695,3.4927,1.4707,2.1016,3.7181,0.065481,2.0871,3.427,0.070027,2.2424,3.3537,0.075931,2.1684,3.1991,0.29575
2.1163,3.7107,1.7284,2.1085,3.5987,1.7503,2.2473,3.6097,1.5575,1.9895,3.6162,1.5665,2.0282,3.6466,1.6971,2.2788,3.4979,1.4631,1.9693,3.5016,1.4719,2.1018,3.7183,0.065198,2.0888,3.4303,0.068312,2.2461,3.3778,0.077134,2.1681,3.2166,0.29144
2.117,3.7189,1.7291,2.1088,3.6069,1.7511,2.2476,3.6174,1.5581,1.9895,3.6255,1.5676,2.0287,3.655,1.6981,2.2784,3.5054,1.464,1.9691,3.5105,1.4731,2.1022,3.7187,0.064884,2.0937,3.4348,0.065787,2.2497,3.4034,0.078438,2.1678,3.235,0.28516
2.1179,3.7271,1.7299,2.1094,3.6153,1.7519,2.2479,3.6252,1.5588,1.9896,3.6341,1.5685,2.0293,3.6636,1.699,2.2781,3.5127,1.4648,1.9689,3.5192,1.4741,2.1017,3.7188,0.065175,2.094,3.4355,0.066626,2.2534,3.429,0.079879,2.1679,3.253,0.27857
2.1187,3.7353,1.7307,2.1098,3.6236,1.7528,2.2482,3.6329,1.5595,1.9899,3.6429,1.5695,2.0298,3.6722,1.6999,2.2779,3.5204,1.4658,1.9687,3.5279,1.4753,2.1019,3.719,0.064949,2.0941,3.4359,0.067394,2.2571,3.4566,0.080444,2.1685,3.2717,0.27036
2.1195,3.7434,1.7314,2.1103,3.6318,1.7535,2.2484,3.6407,1.5601,1.9902,3.6517,1.5704,2.0304,3.6808,1.7007,2.2778,3.5278,1.4664,1.9687,3.5365,1.4762,2.1019,3.719,0.064644,2.0941,3.4362,0.068171,2.2604,3.4842,0.0815,2.1695,3.2905,0.26144
2.1204,3.7515,1.7321,2.1106,3.64,1.7543,2.2487,3.6482,1.5608,1.9905,3.6601,1.5713,2.0309,3.6891,1.7014,2.2777,3.5354,1.4671,1.9686,3.5451,1.4773,2.1017,3.719,0.064767,2.0941,3.4364,0.068909,2.2636,3.5121,0.082508,2.1707,3.311,0.25157
2.1211,3.7597,1.7327,2.1111,3.6482,1.7551,2.2491,3.6556,1.5613,1.9909,3.6683,1.572,2.0314,3.6975,1.7023,2.2775,3.5427,1.4679,1.9686,3.5534,1.4782,2.1019,3.7191,0.064524,2.0939,3.4365,0.069668,2.2668,3.5401,0.083317,2.1718,3.3316,0.24128
2.122,3.7678,1.7332,2.1113,3.6561,1.7556,2.2493,3.6632,1.5619,1.9912,3.677,1.5727,2.0319,3.7059,1.703,2.2773,3.5502,1.4685,1.9686,3.5617,1.4792,2.1019,3.7193,0.064511,2.0938,3.4368,0.070323,2.2699,3.5688,0.084045,2.1727,3.3515,0.23159
2.1227,3.7758,1.7338,2.1118,3.6645,1.7563,2.2496,3.6709,1.5625,1.9916,3.6857,1.5735,2.0325,3.7142,1.7036,2.2772,3.5578,1.469,1.9686,3.5701,1.4802,2.1019,3.7192,0.064472,2.0938,3.4372,0.071068,2.273,3.5968,0.084094,2.1749,3.3734,0.22076
2.1234,3.784,1.7344,2.1122,3.6724,1.7568,2.25,3.6783,1.563,1.9919,3.6939,1.5741,2.033,3.7225,1.7043,2.2774,3.5656,1.4697,1.9687,3.5785,1.4808,2.1019,3.7192,0.064401,2.0938,3.4373,0.07197,2.2761,3.6247,0.083969,2.1767,3.3959,0.20992
2.1242,3.792,1.7347,2.1127,3.6805,1.7574,2.2504,3.686,1.5634,1.9925,3.7021,1.5745,2.0335,3.7308,1.7047,2.2772,3.5729,1.4701,1.9688,3.5868,1.4815,2.1018,3.7193,0.064399,2.0941,3.4376,0.07285,2.2795,3.6532,0.084651,2.1784,3.4185,0.19898
2.1248,3.7999,1.7351,2.1131,3.6887,1.7578,2.2507,3.6937,1.5639,1.9928,3.7107,1.5751,2.0341,3.7391,1.7052,2.2774,3.5806,1.4706,1.969,3.5951,1.4822,2.1019,3.7194,0.064344,2.0941,3.4377,0.074061,2.2823,3.6809,0.084138,2.1805,3.442,0.18811
2.1255,3.8081,1.7356,2.1135,3.6967,1.7581,2.251,3.7012,1.5641,1.9932,3.7188,1.5755,2.0346,3.7474,1.7055,2.2776,3.5885,1.4711,1.9691,3.6034,1.4828,2.1019,3.7195,0.064323,2.0939,3.4378,0.075382,2.2845,3.709,0.0843,2.1826,3.4661,0.17699
2.1262,3.8159,1.7358,2.1139,3.7046,1.7585,2.2515,3.709,1.5645,1.9935,3.7272,1.5759,2.0351,3.7556,1.7059,2.2776,3.596,1.4713,1.9693,3.6116,1.4832,2.1018,3.7196,0.0643,2.094,3.4382,0.07649,2.2868,3.7372,0.084866,2.1849,3.4897,0.1668
2.1268,3.8239,1.736,2.1143,3.7126,1.7586,2.2518,3.7169,1.5648,1.994,3.7356,1.5761,2.0357,3.7637,1.7062,2.2778,3.6037,1.4717,1.9696,3.6197,1.4837,2.1018,3.7197,0.064279,2.094,3.4387,0.077673,2.2885,3.7649,0.085003,2.1876,3.5142,0.15639
2.1274,3.8317,1.7362,2.1147,3.7206,1.7589,2.2522,3.7244,1.5648,1.9945,3.7435,1.5763,2.0362,3.7717,1.7063,2.278,3.6115,1.472,1.9699,3.6278,1.4839,2.1018,3.7198,0.06427,2.094,3.439,0.079044,2.29,3.7928,0.085178,2.1896,3.5384,0.14738
2.128,3.8399,1.7364,2.1152,3.7288,1.7591,2.2525,3.7322,1.565,1.9948,3.7522,1.5766,2.0366,3.78,1.7064,2.2784,3.6194,1.4722,1.9702,3.636,1.4842,2.1018,3.7198,0.064205,2.0938,3.4392,0.080327,2.2911,3.8207,0.085658,2.1929,3.5637,0.13661
2.1285,3.8479,1.7364,2.1155,3.7366,1.7591,2.253,3.7401,1.5651,1.9953,3.7599,1.5765,2.0371,3.7881,1.7065,2.2786,3.6272,1.4724,1.9706,3.6442,1.4843,2.1021,3.72,0.063985,2.0938,3.4396,0.081646,2.292,3.8479,0.085262,2.1951,3.5881,0.12881
2.1291,3.8557,1.7364,2.1159,3.7446,1.7591,2.2534,3.7479,1.5652,1.9958,3.7683,1.5766,2.0376,3.7962,1.7065,2.2789,3.6349,1.4725,1.971,3.6522,1.4844,2.1015,3.7198,0.064386,2.0937,3.44,0.082921,2.2928,3.8753,0.085153,2.1977,3.6141,0.12068
2.1296,3.8638,1.7362,2.1164,3.7526,1.759,2.254,3.7559,1.5651,1.9963,3.7761,1.5763,2.0381,3.8043,1.7064,2.2792,3.6427,1.4726,1.9714,3.6605,1.4843,2.1014,3.7199,0.064385,2.0937,3.4402,0.084433,2.2932,3.9024,0.084639,2.1994,3.6398,0.11374
2.1301,3.8723,1.7358,2.1167,3.7607,1.7589,2.2544,3.7639,1.565,1.9966,3.7848,1.5764,2.0389,3.8122,1.7058,2.2797,3.6507,1.4724,1.9718,3.6685,1.4841,2.1014,3.7199,0.064363,2.0936,3.4406,0.085865,2.2935,3.9294,0.083873,2.2018,3.6655,0.10694
2.1307,3.8805,1.7357,2.1172,3.7687,1.7586,2.2549,3.7718,1.5647,1.9971,3.7926,1.576,2.0393,3.8203,1.7055,2.2802,3.6587,1.4725,1.9723,3.6766,1.4839,2.101,3.7204,0.064438,2.0936,3.4409,0.087274,2.2938,3.9559,0.083026,2.2033,3.6914,0.10101
2.131,3.8879,1.7358,2.1177,3.7768,1.7583,2.2554,3.7797,1.5647,1.9976,3.8009,1.5757,2.0394,3.8284,1.7057,2.2807,3.6668,1.4723,1.9729,3.6848,1.4836,2.101,3.7199,0.064509,2.0935,3.4409,0.089037,2.2939,3.9832,0.082612,2.2045,3.7181,0.095742
2.1315,3.896,1.7355,2.1181,3.7847,1.7579,2.2561,3.7882,1.5643,1.9981,3.8088,1.5752,2.0399,3.8367,1.7053,2.2812,3.6746,1.4721,1.9734,3.693,1.4833,2.101,3.7199,0.064476,2.0936,3.4415,0.090513,2.2943,4.0098,0.08268,2.2056,3.7439,0.090942
2.1321,3.9038,1.735,2.1185,3.7925,1.7574,2.2566,3.7955,1.564,1.9987,3.8169,1.5747,2.0404,3.8444,1.7048,2.2819,3.6827,1.4717,1.9741,3.7012,1.4827,2.1009,3.7201,0.064461,2.0936,3.4419,0.092113,2.2946,4.0358,0.084262,2.2063,3.7693,0.086511
2.1325,3.9117,1.7345,2.119,3.8007,1.7569,2.2572,3.8041,1.5635,1.9992,3.8254,1.5742,2.0409,3.8525,1.7042,2.2824,3.6908,1.4713,1.9747,3.7093,1.4822,2.1009,3.7202,0.064422,2.0936,3.4424,0.093727,2.295,4.0619,0.088742,2.2067,3.7953,0.082154
2.1331,3.92,1.7338,2.1195,3.8088,1.7562,2.2578,3.8124,1.5628,1.9999,3.8333,1.5733,2.0414,3.8607,1.7036,2.2831,3.6989,1.4708,1.9754,3.7176,1.4813,2.1006,3.7205,0.064394,2.0937,3.4429,0.095269,2.2947,4.087,0.095969,2.2068,3.8205,0.077268
2.1336,3.9278,1.7332,2.12,3.8166,1.7556,2.2584,3.8201,1.5623,2.0005,3.8415,1.5726,2.0419,3.8686,1.7028,2.2839,3.7073,1.4701,1.9762,3.7257,1.4805,2.1008,3.7201,0.064472,2.0938,3.4434,0.097071,2.2938,4.1108,0.10549,2.2066,3.8458,0.072758
2.1342,3.9358,1.7324,2.1204,3.8246,1.7547,2.2591,3.8283,1.5614,2.0012,3.8497,1.5715,2.0425,3.8767,1.7019,2.2845,3.7153,1.4694,1.977,3.7339,1.4795,2.1008,3.7202,0.064448,2.0942,3.4442,0.098429,2.2924,4.134,0.11642,2.2065,3.8706,0.06867
2.1347,3.9436,1.7315,2.121,3.8326,1.7536,2.2598,3.8367,1.5606,2.0019,3.8577,1.5704,2.043,3.8846,1.7009,2.2854,3.7237,1.4685,1.9778,3.7422,1.4783,2.1014,3.7202,0.063799,2.0942,3.4449,0.10005,2.29,4.1565,0.12718,2.2062,3.8952,0.065325
2.1353,3.9517,1.7307,2.1215,3.8404,1.7526,2.2605,3.8447,1.5595,2.0027,3.8657,1.5693,2.0437,3.8927,1.6998,2.2862,3.732,1.4674,1.9787,3.7503,1.4771,2.1011,3.7207,0.063965,2.0943,3.4456,0.102,2.2876,4.1764,0.13668,2.2066,3.9184,0.063508
2.1358,3.9597,1.7296,2.122,3.8484,1.7514,2.2614,3.8534,1.5585,2.0035,3.874,1.5681,2.0443,3.9008,1.6986,2.2871,3.7403,1.4662,1.9796,3.7586,1.4758,2.1011,3.7208,0.063928,2.0941,3.4462,0.10398,2.2846,4.1961,0.14623,2.2068,3.9404,0.062424
2.1365,3.9676,1.7285,2.1227,3.8562,1.7502,2.2622,3.8615,1.5573,2.0043,3.8821,1.5668,2.045,3.9087,1.6973,2.2881,3.7488,1.4649,1.9805,3.7667,1.4743,2.1011,3.7208,0.063901,2.094,3.447,0.10579,2.2813,4.2146,0.15531,2.2066,3.9607,0.061569
2.1371,3.9757,1.7274,2.1233,3.8642,1.7489,2.263,3.8699,1.5562,2.005,3.8901,1.5654,2.0457,3.9167,1.6961,2.2891,3.7574,1.4636,1.9815,3.775,1.4728,2.1011,3.7209,0.063822,2.0937,3.4479,0.10795,2.278,4.2302,0.16278,2.2059,3.9795,0.060875
2.1378,3.9838,1.7262,2.124,3.8722,1.7476,2.264,3.8783,1.5551,2.0059,3.8983,1.564,2.0464,3.9248,1.6948,2.2903,3.7658,1.4622,1.9825,3.7831,1.4712,2.101,3.7209,0.063797,2.0933,3.4489,0.11,2.2749,4.2444,0.16914,2.2041,3.9964,0.059846
2.1386,3.9918,1.725,2.1248,3.8803,1.7462,2.2647,3.8864,1.5537,2.0066,3.9067,1.5627,2.0473,3.933,1.6934,2.2913,3.7744,1.4606,1.9834,3.7913,1.4695,2.101,3.721,0.063751,2.0929,3.4497,0.11247,2.2727,4.2566,0.17337,2.2007,4.0117,0.059036
2.1393,3.9997,1.7238,2.1256,3.8883,1.7449,2.2656,3.8946,1.5524,2.0076,3.9149,1.5613,2.0481,3.941,1.692,2.2924,3.7827,1.4591,1.9844,3.7996,1.468,2.101,3.721,0.063711,2.0924,3.4509,0.1147,2.2716,4.267,0.1751,2.1968,4.0239,0.058143
2.1401,4.0079,1.7226,2.1266,3.8964,1.7435,2.2667,3.9031,1.5512,2.0085,3.9229,1.5598,2.0489,3.9489,1.6906,2.2935,3.7912,1.4576,1.9855,3.8078,1.4663,2.101,3.721,0.063692,2.0918,3.4522,0.11749,2.2703,4.2755,0.17448,2.1933,4.0346,0.056446
2.1409,4.016,1.7214,2.1273,3.9046,1.7422,2.2676,3.9115,1.55,2.0095,3.9311,1.5584,2.0497,3.9571,1.6892,2.2946,3.7996,1.456,1.9866,3.816,1.4647,2.1009,3.721,0.063652,2.0911,3.4535,0.12031,2.2679,4.2829,0.17266,2.191,4.0419,0.054106
2.1417,4.0243,1.7201,2.1283,3.9127,1.7408,2.2687,3.9197,1.5487,2.0105,3.9393,1.557,2.0506,3.9652,1.688,2.2957,3.8079,1.4545,1.9877,3.8244,1.463,2.1007,3.7211,0.063624,2.0905,3.4551,0.12365,2.2648,4.2889,0.16951,2.1896,4.0471,0.051218
2.1424,4.0328,1.7189,2.1292,3.9208,1.7395,2.2697,3.9282,1.5475,2.0115,3.9477,1.5557,2.0516,3.9733,1.6867,2.2968,3.8164,1.4531,1.989,3.8329,1.4615,2.1006,3.7212,0.063602,2.0899,3.4569,0.12743,2.2617,4.2937,0.16477,2.189,4.0496,0.051027
2.1433,4.041,1.7178,2.1303,3.929,1.7381,2.2707,3.9363,1.5463,2.0125,3.9557,1.5543,2.0526,3.9815,1.6854,2.2982,3.8251,1.4518,1.9902,3.8414,1.4599,2.1005,3.7211,0.06368,2.0898,3.4597,0.13115,2.2591,4.2976,0.15734,2.1882,4.0509,0.050791
2.144,4.049,1.7166,2.1312,3.937,1.7369,2.2718,3.9446,1.5451,2.0137,3.9639,1.553,2.0536,3.9896,1.6841,2.2995,3.8337,1.4503,1.9914,3.8497,1.4584,2.1008,3.7214,0.063637,2.0896,3.4623,0.13591,2.2571,4.3018,0.1502,2.1871,4.0527,0.051368
2.145,4.0572,1.7155,2.1323,3.9451,1.7357,2.2729,3.9531,1.5439,2.0154,3.9712,1.5515,2.0546,3.9976,1.6828,2.3011,3.8425,1.4491,1.9928,3.8579,1.4569,2.1007,3.7216,0.063629,2.0898,3.4657,0.14111,2.2556,4.3074,0.14385,2.1864,4.0556,0.053025
2.146,4.0654,1.7147,2.1333,3.9534,1.7348,2.274,3.9613,1.543,2.0162,3.9799,1.5507,2.0556,4.0058,1.682,2.3025,3.8513,1.4479,1.9941,3.866,1.4556,2.1008,3.7216,0.063483,2.09,3.4698,0.14694,2.2539,4.3147,0.13658,2.1861,4.0586,0.055411
2.147,4.0739,1.7141,2.1344,3.9617,1.7343,2.2752,3.9699,1.5425,2.0177,3.9876,1.5499,2.0566,4.0141,1.6813,2.304,3.8598,1.4468,1.9954,3.8744,1.4544,2.1007,3.7221,0.063418,2.0899,3.4741,0.15371,2.2513,4.3202,0.12784,2.1866,4.0601,0.056778
2.1482,4.0819,1.7139,2.1355,3.9701,1.7341,2.2764,3.9785,1.5424,2.0188,3.9959,1.5496,2.0577,4.0223,1.681,2.3056,3.8683,1.4461,1.9967,3.8823,1.4535,2.1003,3.723,0.063372,2.0899,3.4795,0.16148,2.2479,4.3236,0.12134,2.1869,4.0611,0.057769
2.149,4.0911,1.714,2.1366,3.9789,1.7344,2.2777,3.9873,1.543,2.02,4.0044,1.5499,2.0588,4.0309,1.6813,2.3075,3.8773,1.446,1.9979,3.8907,1.4532,2.0998,3.7242,0.063347,2.0899,3.487,0.1695,2.2458,4.3267,0.1167,2.1872,4.0617,0.058642
2.1498,4.0999,1.7145,2.1376,3.9875,1.7348,2.279,3.9959,1.5436,2.0213,4.0128,1.5501,2.0598,4.0395,1.6816,2.309,3.8859,1.4461,1.9992,3.8987,1.4532,2.1002,3.7246,0.063055,2.0897,3.496,0.17795,2.2459,4.3284,0.11204,2.1875,4.0623,0.059163
2.1508,4.1087,1.7151,2.1386,3.9962,1.7354,2.2803,4.0047,1.5444,2.0227,4.0212,1.5506,2.0609,4.0483,1.6821,2.3106,3.8948,1.4467,2.0005,3.907,1.4536,2.1002,3.7257,0.062763,2.0893,3.5061,0.18675,2.2467,4.3302,0.10739,2.1877,4.063,0.059803
2.1518,4.1172,1.7157,2.1398,4.0047,1.7361,2.2815,4.013,1.5453,2.0239,4.0297,1.5512,2.062,4.0566,1.6827,2.3119,3.9035,1.4474,2.0019,3.915,1.4544,2.1,3.7273,0.06233,2.0887,3.5172,0.19623,2.2475,4.3322,0.10286,2.188,4.0638,0.060372
2.1527,4.1257,1.7164,2.1408,4.0132,1.7369,2.2828,4.0215,1.5463,2.0252,4.0377,1.5518,2.063,4.065,1.6833,2.3132,3.9122,1.4484,2.0031,3.9234,1.4554,2.0998,3.7291,0.061849,2.0879,3.5292,0.20619,2.2476,4.334,0.098477,2.1884,4.0642,0.061114
2.1538,4.134,1.7171,2.1419,4.0214,1.7375,2.2841,4.03,1.547,2.0264,4.0458,1.5524,2.0641,4.0732,1.684,2.3143,3.9207,1.4493,2.0045,3.9315,1.4564,2.0995,3.732,0.06091,2.0863,3.5422,0.21661,2.2469,4.3354,0.094489,2.1888,4.0649,0.061775
2.1549,4.1423,1.7178,2.143,4.0298,1.7383,2.2854,4.0382,1.5479,2.0276,4.0539,1.5531,2.0653,4.0814,1.6846,2.3153,3.9292,1.4503,2.0057,3.9398,1.4576,2.0994,3.7358,0.060216,2.0847,3.556,0.22743,2.2463,4.3366,0.091216,2.1891,4.0648,0.062626
2.1561,4.1505,1.7186,2.1443,4.0379,1.7391,2.2867,4.0469,1.5488,2.0287,4.062,1.5538,2.0664,4.0896,1.6855,2.3165,3.9379,1.4513,2.007,3.948,1.4586,2.0995,3.7407,0.059547,2.0832,3.5704,0.23872,2.2459,4.3376,0.088715,2.1895,4.065,0.062928
2.1573,4.1586,1.7195,2.1455,4.0461,1.74,2.2876,4.0546,1.5493,2.0298,4.0703,1.5549,2.0677,4.0977,1.6864,2.3175,3.9464,1.4523,2.008,3.9562,1.4598,2.0985,3.7445,0.057299,2.0823,3.5859,0.25025,2.2458,4.3381,0.087679,2.1894,4.0653,0.062875
2.1589,4.1658,1.7205,2.1467,4.0541,1.7409,2.2885,4.0628,1.5501,2.0307,4.0786,1.556,2.0688,4.1057,1.6874,2.3186,3.9548,1.4531,2.0091,3.9644,1.4608,2.0978,3.7502,0.055465,2.0812,3.602,0.26197,2.2452,4.3384,0.086709,2.1893,4.0655,0.063095
2.1598,4.1746,1.7214,2.1479,4.0623,1.7419,2.2896,4.0711,1.5511,2.0318,4.0866,1.5572,2.07,4.1139,1.6887,2.3195,3.9631,1.454,2.01,3.9725,1.4618,2.0967,3.7563,0.052957,2.08,3.6192,0.27373,2.2445,4.3387,0.085707,2.1898,4.065,0.063401
2.1613,4.1821,1.7227,2.1492,4.0703,1.743,2.2904,4.079,1.5517,2.0326,4.095,1.5584,2.0711,4.1219,1.6898,2.3205,3.9716,1.4549,2.0109,3.9804,1.4628,2.0962,3.7639,0.050274,2.0801,3.6354,0.2838,2.2441,4.3389,0.084958,2.1893,4.0664,0.062754
2.1624,4.1899,1.7236,2.1503,4.0784,1.7441,2.2913,4.087,1.5527,2.0335,4.103,1.5597,2.0722,4.1301,1.6911,2.3215,3.9797,1.4558,2.0118,3.9883,1.4637,2.0945,3.7761,0.052373,2.0809,3.6491,0.29066,2.244,4.339,0.084441,2.1892,4.0666,0.062756
2.1634,4.1981,1.7248,2.1514,4.0863,1.7451,2.2922,4.0956,1.5537,2.0344,4.1112,1.561,2.0733,4.1382,1.6923,2.3222,3.988,1.4569,2.0127,3.996,1.4649,2.0926,3.7925,0.059661,2.0823,3.6627,0.29591,2.2437,4.3391,0.083899,2.1894,4.0662,0.06218
2.1645,4.2061,1.7259,2.1525,4.0944,1.7463,2.2931,4.1034,1.5546,2.0352,4.1189,1.5622,2.0743,4.1462,1.6935,2.3232,3.9963,1.458,2.0134,4.0034,1.4658,2.0901,3.811,0.065566,2.0842,3.6761,0.29969,2.2432,4.3392,0.083302,2.1897,4.0651,0.063562
2.1654,4.2142,1.727,2.1535,4.1023,1.7475,2.294,4.1121,1.5556,2.036,4.1271,1.5635,2.0751,4.154,1.6947,2.3239,4.0046,1.4593,2.0142,4.0108,1.4671,2.0871,3.8313,0.069955,2.0862,3.6902,0.3022,2.243,4.3393,0.082762,2.1895,4.0659,0.063405
2.1661,4.2221,1.7282,2.1543,4.1103,1.7486,2.2945,4.1195,1.5566,2.0367,4.135,1.5648,2.0759,4.1619,1.6959,2.3247,4.0127,1.4606,2.0149,4.0183,1.4682,2.0841,3.8512,0.073352,2.088,3.7056,0.30368,2.2426,4.3396,0.082069,2.1894,4.0657,0.063596
2.1669,4.2301,1.7292,2.1552,4.1185,1.7498,2.2953,4.1283,1.5576,2.0373,4.1427,1.5661,2.0767,4.17,1.6973,2.3254,4.0209,1.4619,2.0157,4.0256,1.4695,2.0809,3.8723,0.076812,2.09,3.7221,0.30417,2.2427,4.3396,0.081725,2.1894,4.0657,0.063634
2.1676,4.2383,1.7303,2.1561,4.1266,1.751,2.2959,4.1361,1.5587,2.0379,4.1506,1.5673,2.0774,4.1779,1.6983,2.3261,4.0292,1.4634,2.0164,4.033,1.4708,2.0783,3.8933,0.078763,2.0918,3.739,0.30334,2.2424,4.3398,0.081083,2.1893,4.0659,0.063718
2.1683,4.2463,1.7312,2.1567,4.1346,1.7521,2.2963,4.1434,1.5597,2.0383,4.1583,1.5688,2.0781,4.1858,1.6996,2.3267,4.0372,1.465,2.017,4.0401,1.4721,2.0769,3.9141,0.079189,2.0932,3.7561,0.30151,2.2421,4.3402,0.080441,2.1893,4.0657,0.063813
2.1688,4.2545,1.7322,2.1574,4.1427,1.7532,2.2969,4.1519,1.5607,2.0388,4.1661,1.5699,2.0786,4.1938,1.7006,2.3273,4.0454,1.4666,2.0177,4.0473,1.4734,2.071,3.9415,0.085615,2.0943,3.7736,0.29838,2.2417,4.3405,0.079597,2.1892,4.0658,0.063882
2.1692,4.2624,1.7331,2.1578,4.1506,1.7542,2.2973,4.1593,1.5616,2.0392,4.1735,1.5709,2.079,4.2017,1.7016,2.328,4.0535,1.468,2.0185,4.0545,1.4746,2.0688,3.9659,0.08648,2.0951,3.7912,0.29386,2.2414,4.3409,0.078716,2.1892,4.0658,0.064056
2.1694,4.2703,1.7337,2.1584,4.1588,1.7552,2.2978,4.1677,1.5625,2.0395,4.1812,1.572,2.0794,4.2095,1.7025,2.3283,4.061,1.4693,2.0191,4.0618,1.4758,2.0681,3.9895,0.085613,2.0956,3.8087,0.28816,2.2411,4.3412,0.077654,2.189,4.066,0.064109
2.1696,4.2783,1.7344,2.1586,4.1666,1.7561,2.2982,4.1754,1.5634,2.0399,4.1884,1.5727,2.0797,4.2172,1.7032,2.3287,4.0688,1.4706,2.0197,4.069,1.4767,2.0663,4.0156,0.086302,2.0959,3.8266,0.28114,2.2409,4.3417,0.076747,2.1889,4.0661,0.064161
2.1697,4.286,1.735,2.1588,4.1744,1.7568,2.2985,4.1834,1.5641,2.0401,4.1959,1.5733,2.0798,4.2247,1.7039,2.3294,4.0769,1.4717,2.0204,4.076,1.4775,2.0643,4.0423,0.086794,2.0958,3.8452,0.27328,2.2407,4.342,0.075725,2.1889,4.0661,0.064228
2.1696,4.2938,1.7355,2.159,4.1822,1.7574,2.2984,4.1898,1.5649,2.0405,4.2029,1.5738,2.0799,4.2322,1.7043,2.3304,4.0854,1.4728,2.0209,4.0833,1.4783,2.0626,4.0693,0.086898,2.0958,3.8641,0.26479,2.2407,4.3424,0.074736,2.1889,4.0657,0.06368
2.1696,4.3015,1.7358,2.159,4.1898,1.7579,2.2989,4.1986,1.5656,2.0406,4.2103,1.5741,2.08,4.2397,1.7047,2.3303,4.0919,1.4735,2.0216,4.0903,1.4787,2.0612,4.0957,0.085996,2.0956,3.8837,0.2554,2.2407,4.3427,0.073757,2.1886,4.0663,0.064055
2.1693,4.3089,1.7362,2.1591,4.1973,1.7584,2.2987,4.2052,1.5659,2.041,4.2173,1.5743,2.0799,4.247,1.705,2.3314,4.1007,1.4743,2.022,4.0975,1.4791,2.0601,4.1226,0.084771,2.0951,3.9038,0.24584,2.2405,4.3432,0.073033,2.1886,4.0661,0.064049
2.1691,4.3166,1.7365,2.1591,4.2051,1.7587,2.2991,4.2129,1.5668,2.0411,4.2246,1.5746,2.0799,4.2544,1.7051,2.3318,4.108,1.4748,2.0226,4.1044,1.4793,2.0582,4.1499,0.084262,2.0947,3.9246,0.23588,2.2404,4.3435,0.072283,2.1885,4.0665,0.064207
2.1688,4.3241,1.7367,2.1589,4.2125,1.7589,2.2995,4.2212,1.5673,2.0413,4.2317,1.5745,2.0798,4.2616,1.7051,2.3324,4.1156,1.4754,2.0232,4.1116,1.4794,2.0569,4.1772,0.083493,2.0943,3.9455,0.22561,2.2403,4.3437,0.071583,2.1884,4.0667,0.064113
2.1685,4.3316,1.7368,2.1588,4.22,1.7591,2.2999,4.2289,1.5677,2.0415,4.2388,1.5744,2.0796,4.269,1.7052,2.3329,4.1231,1.4758,2.0237,4.1184,1.4794,2.0553,4.2042,0.082528,2.0932,3.9666,0.21586,2.2402,4.344,0.070877,2.1884,4.0667,0.064195
2.168,4.339,1.7367,2.1586,4.2273,1.7591,2.3,4.236,1.5677,2.0415,4.2459,1.5742,2.0794,4.2762,1.705,2.3334,4.1304,1.476,2.0241,4.1254,1.4792,2.0537,4.2311,0.081705,2.0924,3.9883,0.20556,2.2401,4.3443,0.070198,2.1886,4.0671,0.064157
2.1678,4.3464,1.7368,2.1584,4.2347,1.759,2.3002,4.2439,1.5682,2.0418,4.2529,1.5739,2.0793,4.2834,1.7048,2.3338,4.138,1.4762,2.0246,4.1323,1.479,2.0521,4.2585,0.081234,2.0913,4.0102,0.19543,2.2401,4.3445,0.069593,2.1883,4.0666,0.064307
2.1675,4.3537,1.7366,2.1584,4.2421,1.759,2.3,4.2508,1.5679,2.0419,4.2601,1.5737,2.0791,4.2907,1.7046,2.3342,4.1452,1.4763,2.0248,4.1394,1.4788,2.0504,4.2856,0.081123,2.0905,4.0327,0.18527,2.2401,4.3446,0.06899,2.1888,4.0671,0.064142
2.1671,4.3612,1.7364,2.1581,4.2495,1.7589,2.3004,4.2589,1.5682,2.042,4.2669,1.5735,2.079,4.2978,1.7042,2.3345,4.1527,1.4763,2.0252,4.1464,1.4787,2.0486,4.3127,0.081508,2.0902,4.0585,0.17402,2.24,4.3448,0.068464,2.1887,4.0671,0.064229
2.1668,4.3685,1.7362,2.1579,4.2569,1.7586,2.3003,4.266,1.568,2.042,4.2742,1.5729,2.0789,4.3051,1.7039,2.3348,4.1599,1.4762,2.0254,4.1535,1.4784,2.0473,4.34,0.082169,2.0894,4.0813,0.16414,2.2401,4.345,0.068035,2.1887,4.0672,0.064294
2.1666,4.376,1.7358,2.1578,4.2642,1.7584,2.3005,4.2736,1.5681,2.0421,4.2811,1.5726,2.0787,4.3123,1.7035,2.335,4.1672,1.4761,2.0256,4.1602,1.4779,2.0458,4.3664,0.083075,2.0891,4.1053,0.15444,2.2401,4.3451,0.067538,2.1887,4.0672,0.064419
2.1663,4.3833,1.7355,2.1577,4.2717,1.7581,2.3005,4.2809,1.5679,2.0421,4.2884,1.5722,2.0785,4.3195,1.7032,2.3351,4.1746,1.4758,2.0258,4.1672,1.4776,2.0446,4.3933,0.084239,2.0888,4.1284,0.14533,2.2401,4.3452,0.067177,2.1887,4.0673,0.064502
2.1663,4.3908,1.735,2.1575,4.279,1.7577,2.3006,4.2882,1.5676,2.042,4.2955,1.5717,2.0784,4.3269,1.7026,2.3353,4.1819,1.4756,2.026,4.1742,1.4773,2.0437,4.4198,0.086073,2.0881,4.1537,0.13636,2.2401,4.3453,0.066988,2.1886,4.0675,0.064642
2.1659,4.3981,1.7345,2.1575,4.2864,1.7572,2.3004,4.2957,1.5673,2.0421,4.3026,1.5712,2.0783,4.334,1.7022,2.3353,4.1893,1.4754,2.026,4.1813,1.477,2.043,4.4459,0.087867,2.0878,4.1778,0.12743,2.2402,4.3454,0.066755,2.1881,4.0672,0.065117
2.1658,4.4055,1.734,2.1574,4.2938,1.7569,2.3004,4.3026,1.5668,2.0419,4.3098,1.5708,2.0782,4.3414,1.7018,2.3354,4.1966,1.4751,2.026,4.1882,1.4767,2.0424,4.4717,0.09023,2.0867,4.2027,0.11923,2.2401,4.3456,0.066524,2.1882,4.0673,0.065183
2.1656,4.4127,1.7329,2.1572,4.3012,1.7564,2.3,4.3096,1.566,2.0419,4.3169,1.5703,2.0781,4.3488,1.7013,2.3354,4.204,1.4747,2.026,4.1951,1.4763,2.0424,4.4973,0.09315,2.0862,4.2271,0.11184,2.2402,4.3457,0.066346,2.1881,4.0675,0.065403
2.1655,4.42,1.7323,2.1573,4.3087,1.756,2.3002,4.3172,1.566,2.0417,4.3242,1.5699,2.078,4.3559,1.7007,2.335,4.211,1.474,2.0258,4.2023,1.4759,2.0426,4.5226,0.096291,2.0855,4.2516,0.1046,2.2402,4.3459,0.066196,2.188,4.0676,0.065717
2.1655,4.4273,1.7317,2.1571,4.3159,1.7555,2.3,4.3247,1.5655,2.0416,4.3311,1.5694,2.0778,4.3631,1.7001,2.3351,4.2183,1.4737,2.0257,4.2092,1.4754,2.0432,4.5472,0.099819,2.0849,4.2761,0.09746,2.2402,4.3461,0.066016,2.1879,4.0679,0.066151
2.1652,4.4348,1.7311,2.1571,4.3233,1.7549,2.2998,4.3317,1.5647,2.0414,4.3383,1.5689,2.0778,4.3704,1.6996,2.3347,4.2256,1.4732,2.0255,4.2164,1.4749,2.0443,4.5718,0.10384,2.0853,4.3011,0.091142,2.2402,4.3463,0.065764,2.1878,4.0681,0.066543
2.1652,4.442,1.7303,2.1569,4.3306,1.7543,2.2995,4.3389,1.5639,2.0411,4.3455,1.5683,2.0776,4.3777,1.6989,2.3345,4.2327,1.4726,2.0253,4.2235,1.4743,2.0459,4.5958,0.10808,2.0849,4.3253,0.085817,2.2399,4.3457,0.06506,2.1877,4.0683,0.067472
2.165,4.4492,1.7296,2.1568,4.3379,1.7536,2.2993,4.3462,1.5633,2.041,4.3525,1.5676,2.0775,4.3849,1.6983,2.3343,4.2399,1.4719,2.025,4.2305,1.4737,2.0476,4.6191,0.1128,2.0847,4.3493,0.081036,2.2395,4.3455,0.063668,2.1877,4.0685,0.067824
2.1648,4.4565,1.7288,2.1567,4.3451,1.7529,2.299,4.3534,1.5625,2.0406,4.3598,1.5671,2.0772,4.3921,1.6976,2.3339,4.2473,1.4712,2.0246,4.2377,1.4731,2.0495,4.6417,0.11781,2.0844,4.3725,0.077045,2.2395,4.3457,0.06352,2.1876,4.0687,0.06834
2.1647,4.4637,1.7281,2.1565,4.3524,1.7522,2.2987,4.3604,1.5616,2.0404,4.3668,1.5666,2.077,4.3995,1.697,2.3336,4.2545,1.4704,2.0244,4.2449,1.4724,2.0513,4.6633,0.12311,2.0844,4.3954,0.073701,2.2395,4.3458,0.063316,2.1875,4.0691,0.068842
2.1644,4.4708,1.7272,2.1562,4.3596,1.7514,2.2981,4.3673,1.5604,2.0401,4.374,1.5658,2.0767,4.4066,1.6964,2.3332,4.2615,1.4695,2.0238,4.2522,1.4717,2.0535,4.6838,0.12877,2.0843,4.4175,0.071167,2.2395,4.346,0.06329,2.1871,4.0688,0.069633
2.1642,4.4779,1.7264,2.156,4.3668,1.7507,2.2979,4.3744,1.5597,2.0396,4.3812,1.565,2.0765,4.4137,1.6955,2.3325,4.2685,1.4685,2.0234,4.2593,1.4709,2.0557,4.7032,0.13508,2.0835,4.4381,0.069001,2.2395,4.3461,0.063214,2.1867,4.0691,0.070508
2.1638,4.4851,1.7256,2.1556,4.3737,1.7497,2.2975,4.3817,1.5589,2.0392,4.3884,1.5643,2.0761,4.4208,1.6947,2.3322,4.2756,1.4676,2.0229,4.2665,1.47,2.0586,4.721,0.14159,2.082,4.4572,0.067236,2.2395,4.3463,0.063133,2.1863,4.0695,0.071222
2.1635,4.4922,1.7248,2.1553,4.3809,1.7489,2.297,4.3886,1.5578,2.0388,4.3957,1.5634,2.0758,4.428,1.6939,2.3317,4.2829,1.4666,2.0223,4.2739,1.469,2.0618,4.7376,0.14809,2.0775,4.4724,0.065111,2.2395,4.3464,0.063041,2.1859,4.0699,0.07201
2.1632,4.4991,1.7239,2.1549,4.3879,1.748,2.2966,4.3957,1.5569,2.0383,4.4028,1.5625,2.0753,4.4351,1.6931,2.3311,4.2901,1.4655,2.0217,4.2812,1.468,2.0651,4.7528,0.15468,2.075,4.4865,0.067833,2.2395,4.3464,0.062915,2.1854,4.0702,0.073157
2.1627,4.5066,1.7238,2.1544,4.3949,1.7471,2.2958,4.4026,1.5556,2.0378,4.4101,1.5616,2.075,4.4421,1.6922,2.3305,4.2971,1.4644,2.0211,4.2884,1.467,2.0691,4.7665,0.15998,2.0742,4.5013,0.068232,2.2395,4.3466,0.062972,2.1852,4.0703,0.074515
2.1623,4.5134,1.7224,2.1539,4.402,1.7461,2.2955,4.4097,1.5549,2.0371,4.4174,1.5608,2.0744,4.4494,1.6914,2.3298,4.3042,1.4633,2.0203,4.2958,1.466,2.073,4.7788,0.1636,2.0752,4.5155,0.0668,2.2393,4.3461,0.063006,2.1852,4.0708,0.075814
2.1619,4.5205,1.7222,2.1533,4.409,1.7452,2.2947,4.4169,1.5538,2.0366,4.4247,1.56,2.0738,4.4566,1.6905,2.3291,4.3114,1.462,2.0196,4.3032,1.4649,2.0758,4.7892,0.16603,2.0775,4.5273,0.065431,2.2398,4.3474,0.064054,2.1852,4.0714,0.077287
2.1612,4.5277,1.7214,2.1527,4.416,1.7443,2.2941,4.4241,1.553,2.0358,4.4321,1.5592,2.0733,4.4637,1.6897,2.3285,4.3186,1.461,2.019,4.3104,1.4639,2.0775,4.7981,0.16713,2.0811,4.5369,0.064545,2.2398,4.3475,0.064083,2.1854,4.0716,0.079038
2.1608,4.5345,1.7206,2.152,4.423,1.7434,2.2934,4.4311,1.5521,2.0351,4.4396,1.5584,2.0726,4.471,1.689,2.3277,4.3256,1.4599,2.018,4.3178,1.4629,2.0785,4.8058,0.16651,2.0853,4.5453,0.062973,2.2399,4.3476,0.064094,2.1858,4.0722,0.08066
2.1601,4.5417,1.7198,2.1513,4.4302,1.7426,2.2925,4.4382,1.551,2.0345,4.4469,1.5575,2.0719,4.4783,1.6882,2.3268,4.3328,1.4588,2.0173,4.3251,1.4619,2.0801,4.8122,0.16456,2.0891,4.5522,0.061228,2.24,4.3473,0.063675,2.1863,4.0722,0.082873
2.1593,4.5488,1.7191,2.1505,4.4372,1.7417,2.2918,4.4455,1.5503,2.0337,4.4543,1.5567,2.0712,4.4854,1.6874,2.3259,4.3402,1.4576,2.0165,4.3323,1.461,2.0828,4.8173,0.16146,2.0917,4.5569,0.059366,2.2401,4.3472,0.06362,2.1869,4.0731,0.084771
2.1588,4.556,1.7184,2.1497,4.4444,1.7409,2.291,4.4527,1.5496,2.0327,4.4618,1.5559,2.0704,4.4926,1.6865,2.3251,4.3475,1.4566,2.0154,4.3395,1.4601,2.0863,4.8211,0.15756,2.0929,4.5593,0.057447,2.2402,4.3476,0.063792,2.1875,4.0734,0.087261
2.1578,4.5631,1.7175,2.1488,4.4516,1.7401,2.2901,4.4599,1.5489,2.0318,4.469,1.555,2.0695,4.4999,1.6857,2.3241,4.3545,1.4556,2.0144,4.3468,1.4591,2.0904,4.8237,0.15299,2.0937,4.5608,0.056962,2.2402,4.3483,0.063665,2.1881,4.0742,0.089593
2.157,4.5703,1.7167,2.1478,4.4587,1.7392,2.2893,4.467,1.548,2.031,4.4763,1.5542,2.0687,4.507,1.6849,2.323,4.3619,1.4545,2.0135,4.354,1.4583,2.0947,4.8259,0.14691,2.0945,4.5613,0.056985,2.2406,4.3487,0.063895,2.1885,4.0746,0.092779
2.1563,4.5773,1.7159,2.147,4.4659,1.7385,2.2883,4.4741,1.5472,2.03,4.4835,1.5534,2.0677,4.5143,1.6842,2.3221,4.3693,1.4535,2.0125,4.3614,1.4575,2.0984,4.828,0.14032,2.0951,4.561,0.057867,2.241,4.3489,0.06394,2.189,4.0758,0.095753
2.1553,4.5844,1.7153,2.146,4.473,1.7377,2.2873,4.4812,1.5464,2.029,4.4909,1.5528,2.0668,4.5214,1.6834,2.3211,4.3766,1.4526,2.0113,4.3687,1.4566,2.1018,4.8298,0.13344,2.0957,4.5613,0.059019,2.2408,4.3496,0.064586,2.1895,4.0768,0.099558
2.1544,4.5916,1.7148,2.1451,4.48,1.7371,2.2864,4.4883,1.5459,2.0281,4.4979,1.5522,2.066,4.5285,1.6827,2.32,4.3839,1.4515,2.0101,4.376,1.4558,2.1054,4.8329,0.12726,2.0953,4.5626,0.060626,2.241,4.3498,0.06446,2.1902,4.0785,0.10346
2.1537,4.5986,1.7143,2.1443,4.4872,1.7367,2.2854,4.4956,1.5453,2.0272,4.5052,1.5517,2.0651,4.5358,1.6824,2.3187,4.3911,1.4504,2.009,4.3835,1.4552,2.1084,4.8372,0.12135,2.0949,4.5645,0.062027,2.2411,4.35,0.064289,2.1907,4.0802,0.10797
2.1528,4.6059,1.7142,2.1433,4.4945,1.7365,2.2842,4.5027,1.5447,2.0261,4.5128,1.5515,2.0641,4.5432,1.6823,2.3177,4.3984,1.4497,2.0077,4.3908,1.4546,2.1102,4.8408,0.11572,2.0989,4.5727,0.058612,2.2412,4.3502,0.064161,2.1914,4.082,0.11318
2.152,4.6133,1.7143,2.1425,4.5019,1.7366,2.2833,4.5099,1.5448,2.0251,4.5204,1.5517,2.0633,4.5507,1.6824,2.3165,4.4056,1.449,2.0063,4.3982,1.4542,2.1116,4.8428,0.11129,2.0988,4.5737,0.059146,2.241,4.3498,0.064053,2.1922,4.0849,0.11897
2.1514,4.6206,1.7146,2.1416,4.5093,1.7368,2.2821,4.5175,1.5448,2.024,4.528,1.5523,2.0625,4.5581,1.6828,2.3155,4.4128,1.4486,2.005,4.4057,1.4542,2.1121,4.8441,0.10801,2.0988,4.5742,0.059551,2.241,4.3496,0.064073,2.1932,4.088,0.12616
2.1507,4.6282,1.7151,2.1408,4.5167,1.7372,2.281,4.5249,1.545,2.0229,4.5358,1.5528,2.0617,4.5658,1.6834,2.3143,4.4203,1.4487,2.0036,4.4132,1.4546,2.1119,4.8455,0.10485,2.0987,4.5746,0.06008,2.2412,4.3502,0.064096,2.1945,4.0925,0.13384
2.1498,4.6358,1.7155,2.14,4.5244,1.7378,2.28,4.5322,1.5454,2.0217,4.5438,1.5536,2.0607,4.5736,1.6841,2.3132,4.4277,1.4491,2.0024,4.4205,1.455,2.1116,4.8469,0.10145,2.0986,4.5751,0.060761,2.2415,4.3508,0.063787,2.1963,4.0976,0.14211
2.1493,4.6434,1.7162,2.1391,4.5319,1.7384,2.2786,4.5393,1.5457,2.0208,4.5515,1.5544,2.0599,4.5812,1.6849,2.3122,4.4351,1.4497,2.0014,4.4277,1.4557,2.1116,4.8481,0.09791,2.0985,4.5757,0.061445,2.2413,4.3519,0.063338,2.198,4.1041,0.15139
2.1485,4.6507,1.7167,2.1382,4.5395,1.739,2.2777,4.5469,1.5463,2.0198,4.5588,1.5551,2.059,4.5887,1.6855,2.3111,4.4425,1.4505,2.0003,4.4353,1.4568,2.1121,4.8493,0.094254,2.0984,4.5763,0.061875,2.2412,4.3533,0.063461,2.1997,4.1115,0.16124
2.1475,4.6581,1.7168,2.1373,4.5468,1.7395,2.2769,4.5541,1.5468,2.0188,4.5663,1.5558,2.0581,4.5962,1.6861,2.3098,4.4498,1.4514,1.9992,4.4425,1.4575,2.1128,4.8502,0.090639,2.0982,4.5768,0.062342,2.2418,4.3542,0.062718,2.2015,4.1204,0.17116
2.1467,4.6655,1.7177,2.1364,4.5542,1.7401,2.2758,4.5612,1.5474,2.0178,4.5736,1.5563,2.0573,4.6037,1.6867,2.3085,4.4572,1.452,1.9982,4.4499,1.4585,2.1139,4.8511,0.087029,2.0979,4.5772,0.06278,2.2421,4.3561,0.062085,2.2036,4.13,0.18085
2.1458,4.6728,1.7183,2.1355,4.5615,1.7405,2.2749,4.5683,1.5478,2.017,4.5807,1.5567,2.0563,4.6108,1.6871,2.3075,4.4647,1.4528,1.9974,4.4574,1.4592,2.1144,4.8522,0.083825,2.0978,4.5775,0.062996,2.243,4.3589,0.06134,2.2057,4.1402,0.19088
2.1449,4.6799,1.7185,2.1346,4.5685,1.7409,2.2741,4.5754,1.5482,2.0161,4.588,1.5572,2.0554,4.618,1.6874,2.3063,4.4715,1.4533,1.9963,4.465,1.4599,2.1139,4.8533,0.082003,2.0978,4.5778,0.063133,2.2445,4.3625,0.060415,2.2072,4.1506,0.2011
2.1441,4.6867,1.7189,2.1338,4.5755,1.7413,2.2732,4.5825,1.5485,2.0152,4.5951,1.5576,2.0546,4.625,1.6879,2.3053,4.4786,1.4536,1.9953,4.4726,1.4606,2.1147,4.854,0.079642,2.0977,4.5779,0.063274,2.2467,4.3678,0.059558,2.2077,4.1607,0.21062
2.1435,4.6937,1.7195,2.133,4.5823,1.7417,2.2725,4.5895,1.549,2.0145,4.602,1.5579,2.0539,4.6319,1.6883,2.3043,4.4857,1.454,1.9944,4.48,1.4609,2.1144,4.8553,0.076929,2.0976,4.5781,0.063365,2.2494,4.3746,0.05869,2.2074,4.1711,0.21948
2.1428,4.7006,1.72,2.1323,4.5892,1.7421,2.2718,4.5965,1.5494,2.0138,4.6092,1.5584,2.0532,4.6388,1.6887,2.3036,4.4923,1.4543,1.9935,4.4877,1.4613,2.1143,4.8563,0.074778,2.0976,4.5782,0.063538,2.2528,4.3827,0.057676,2.2055,4.1818,0.22764
2.1421,4.7074,1.7204,2.1314,4.5968,1.7427,2.2709,4.6033,1.5497,2.013,4.6163,1.5588,2.0525,4.6458,1.6892,2.3026,4.4986,1.4543,1.9926,4.4952,1.4618,2.1142,4.8571,0.072684,2.0976,4.5783,0.063656,2.2566,4.3919,0.057041,2.2034,4.1929,0.23397
2.1415,4.7144,1.721,2.1306,4.6036,1.7432,2.2704,4.6102,1.5503,2.0125,4.6232,1.5592,2.0519,4.6527,1.6898,2.302,4.505,1.4546,1.9919,4.5026,1.4621,2.1142,4.858,0.070782,2.0976,4.5785,0.063778,2.2609,4.4016,0.057719,2.201,4.2048,0.23949
2.1408,4.7213,1.7216,2.13,4.6106,1.7437,2.2697,4.6172,1.5508,2.0118,4.6304,1.5597,2.0512,4.6598,1.6902,2.3014,4.5111,1.4551,1.9912,4.51,1.4625,2.1146,4.8586,0.069452,2.0976,4.5786,0.063895,2.2652,4.4116,0.059754,2.1983,4.2176,0.24328
2.1403,4.7281,1.722,2.1294,4.6175,1.7443,2.2693,4.6238,1.5516,2.0112,4.6372,1.5602,2.0507,4.6666,1.6905,2.3007,4.5169,1.4555,1.9903,4.5171,1.463,2.1145,4.8588,0.068386,2.0968,4.5787,0.063094,2.2694,4.4222,0.061481,2.1953,4.2307,0.2462
2.1397,4.7353,1.7225,2.1287,4.6245,1.7448,2.2687,4.6303,1.552,2.0108,4.644,1.5607,2.0501,4.6737,1.6911,2.3002,4.5225,1.4561,1.9898,4.5242,1.4637,2.1147,4.8594,0.067472,2.0973,4.5793,0.063486,2.2744,4.4339,0.063606,2.1927,4.2441,0.24741
2.1392,4.742,1.7226,2.1282,4.6315,1.7455,2.2684,4.6372,1.5531,2.0104,4.6508,1.5611,2.0496,4.6807,1.6917,2.2994,4.5282,1.457,1.989,4.5312,1.4645,2.1147,4.8596,0.066469,2.0973,4.5794,0.063548,2.279,4.447,0.065288,2.1904,4.2582,0.24753
2.1389,4.749,1.7234,2.1277,4.6385,1.7463,2.2682,4.6435,1.5538,2.0103,4.6572,1.5617,2.0492,4.6874,1.6921,2.2988,4.5335,1.4579,1.9884,4.5381,1.4654,2.1147,4.8597,0.066123,2.0973,4.5795,0.063626,2.283,4.4611,0.067068,2.1881,4.2727,0.24698
2.1385,4.7561,1.7239,2.1272,4.6455,1.747,2.2678,4.6498,1.5547,2.0098,4.6638,1.5623,2.0487,4.6944,1.6927,2.2982,4.5391,1.4589,1.9879,4.5447,1.4664,2.1147,4.8598,0.065907,2.0971,4.5794,0.063571,2.2863,4.4767,0.068738,2.1861,4.2871,0.24547
2.1383,4.7627,1.724,2.1267,4.6525,1.7479,2.2677,4.6558,1.5557,2.0097,4.6702,1.563,2.0486,4.7012,1.6933,2.2977,4.5449,1.4603,1.9873,4.5514,1.4674,2.1146,4.8599,0.065709,2.097,4.5792,0.063383,2.289,4.4936,0.0705,2.1848,4.3019,0.24299
2.1381,4.7694,1.7243,2.1265,4.6594,1.7488,2.2674,4.6618,1.5567,2.0094,4.6766,1.5638,2.0483,4.7081,1.694,2.297,4.5501,1.4612,1.9869,4.558,1.4686,2.1145,4.86,0.065581,2.0971,4.5794,0.063385,2.2912,4.511,0.070988,2.1841,4.3165,0.23915
2.1381,4.7754,1.725,2.1262,4.6661,1.7496,2.2671,4.6677,1.5575,2.0094,4.6829,1.5646,2.0482,4.7147,1.6947,2.2965,4.5556,1.4625,1.9863,4.5645,1.4697,2.1144,4.8601,0.065496,2.0973,4.5796,0.06342,2.2925,4.5301,0.072003,2.1838,4.3314,0.23447
2.138,4.7813,1.7259,2.1261,4.6729,1.7507,2.2669,4.6732,1.5585,2.0091,4.6893,1.5655,2.048,4.7214,1.6955,2.2958,4.5612,1.4637,1.986,4.5708,1.4709,2.1144,4.8602,0.065409,2.0972,4.5795,0.063419,2.2934,4.5502,0.072952,2.1839,4.3463,0.22891
2.1381,4.7876,1.7264,2.1259,4.6793,1.7516,2.2666,4.6787,1.5593,2.009,4.6955,1.5665,2.0481,4.7278,1.6963,2.2953,4.5665,1.4648,1.9855,4.5771,1.4722,2.1143,4.8602,0.065347,2.0971,4.5794,0.063931,2.2939,4.5706,0.073552,2.1846,4.3615,0.22278
2.1381,4.7939,1.7271,2.1257,4.6856,1.7525,2.2665,4.6843,1.5602,2.0087,4.7017,1.5674,2.0479,4.7344,1.6972,2.295,4.5721,1.4661,1.9852,4.5833,1.4733,2.1143,4.8603,0.065324,2.0969,4.5791,0.064184,2.2943,4.5926,0.07522,2.1857,4.3775,0.21591
2.1383,4.8,1.728,2.1256,4.6918,1.7534,2.2664,4.6901,1.5612,2.0087,4.7079,1.5683,2.048,4.7405,1.698,2.2946,4.5774,1.467,1.9849,4.5894,1.4745,2.1142,4.8603,0.065294,2.097,4.5791,0.064438,2.2942,4.6153,0.076313,2.187,4.3937,0.2083
2.1385,4.8058,1.7287,2.1254,4.6977,1.7543,2.2661,4.6953,1.5619,2.0085,4.714,1.569,2.0479,4.7466,1.6987,2.294,4.5826,1.4679,1.9846,4.5955,1.4755,2.1141,4.8604,0.065254,2.0972,4.5795,0.064855,2.2942,4.6381,0.07655,2.1886,4.4098,0.20026
2.1384,4.8116,1.7294,2.1253,4.7035,1.755,2.2662,4.7007,1.5629,2.0085,4.72,1.57,2.0479,4.7526,1.6997,2.294,4.5881,1.469,1.9845,4.6015,1.4765,2.1141,4.8605,0.065194,2.0972,4.5796,0.065096,2.2938,4.661,0.076671,2.1904,4.4277,0.19091
2.1387,4.8173,1.7303,2.1252,4.7093,1.7558,2.2659,4.7064,1.5637,2.0084,4.7259,1.5708,2.0479,4.7585,1.7003,2.2934,4.5934,1.4698,1.9843,4.6074,1.4775,2.1141,4.8606,0.065121,2.0973,4.5797,0.065412,2.2935,4.6842,0.076805,2.1917,4.4454,0.18232
2.1386,4.8229,1.731,2.1251,4.7149,1.7566,2.266,4.7117,1.5644,2.0083,4.7316,1.5713,2.0478,4.7642,1.701,2.2933,4.5985,1.4706,1.9842,4.6132,1.4781,2.1141,4.8607,0.065047,2.0974,4.5798,0.065706,2.293,4.7066,0.076212,2.1927,4.4635,0.17355
2.1387,4.8284,1.7317,2.1251,4.7204,1.7573,2.266,4.717,1.5652,2.0084,4.7373,1.5722,2.048,4.7699,1.7018,2.2931,4.6041,1.4715,1.984,4.6191,1.4789,2.114,4.8608,0.064949,2.0971,4.5797,0.0663,2.2932,4.7297,0.076179,2.1943,4.4831,0.16339
2.1389,4.8338,1.7325,2.125,4.7259,1.758,2.2659,4.7224,1.5658,2.0083,4.7431,1.5727,2.0479,4.7754,1.7024,2.293,4.6092,1.4722,1.9839,4.6249,1.4796,2.114,4.8609,0.064871,2.0975,4.5803,0.066124,2.2937,4.7522,0.075901,2.1951,4.5035,0.15366
2.1389,4.8393,1.7332,2.125,4.7312,1.7585,2.266,4.7279,1.5666,2.0084,4.7487,1.5732,2.0481,4.7809,1.703,2.2929,4.6145,1.4729,1.9839,4.6306,1.4802,2.114,4.861,0.064795,2.0973,4.58,0.066876,2.2946,4.7747,0.075782,2.1966,4.5221,0.14483
2.1391,4.8446,1.7337,2.1249,4.7364,1.759,2.266,4.7331,1.5671,2.0085,4.7542,1.5738,2.048,4.7864,1.7035,2.2929,4.62,1.4735,1.9839,4.6363,1.4807,2.114,4.861,0.064729,2.0973,4.58,0.067233,2.2956,4.7968,0.075561,2.1976,4.542,0.13587
2.1392,4.8498,1.7342,2.1249,4.7418,1.7596,2.266,4.7382,1.5674,2.0085,4.7598,1.5742,2.0481,4.7918,1.7041,2.293,4.6253,1.4742,1.984,4.6419,1.481,2.114,4.8611,0.06465,2.0974,4.5803,0.06754,2.2968,4.8188,0.075584,2.1988,4.5621,0.12746
2.1393,4.8551,1.7347,2.125,4.747,1.76,2.2663,4.7435,1.5681,2.0086,4.7652,1.5746,2.0483,4.797,1.7045,2.2929,4.6304,1.4747,1.984,4.6474,1.4813,2.114,4.8612,0.064597,2.0975,4.5804,0.067905,2.2982,4.8403,0.075699,2.2004,4.581,0.11983
2.1395,4.8603,1.7352,2.125,4.7522,1.7602,2.2661,4.7487,1.5683,2.0087,4.7707,1.5749,2.0482,4.8024,1.7047,2.2931,4.6358,1.4753,1.9841,4.6528,1.4816,2.114,4.8613,0.06453,2.0977,4.5806,0.068203,2.3,4.8615,0.076232,2.2015,4.6015,0.11196
2.1396,4.8655,1.7354,2.1251,4.7575,1.7604,2.2663,4.7538,1.5687,2.0089,4.7761,1.575,2.0484,4.8077,1.7049,2.2932,4.6411,1.4758,1.9845,4.6581,1.4818,2.114,4.8614,0.064483,2.0979,4.5809,0.06845,2.3014,4.8823,0.077179,2.203,4.6201,0.10559
2.1397,4.8706,1.7354,2.1249,4.7625,1.7604,2.2664,4.7589,1.5689,2.009,4.7813,1.5751,2.0486,4.8129,1.7051,2.2933,4.6462,1.4762,1.9848,4.6634,1.4819,2.1135,4.8611,0.064539,2.098,4.5809,0.068747,2.3026,4.9023,0.07831,2.2044,4.6395,0.099259
2.1398,4.8756,1.7355,2.125,4.7677,1.7605,2.2666,4.764,1.569,2.0091,4.7866,1.5751,2.0485,4.8181,1.705,2.2938,4.6515,1.4766,1.985,4.6684,1.4819,2.1135,4.861,0.064896,2.0985,4.5805,0.069171,2.3035,4.9216,0.079859,2.2057,4.6586,0.093466
2.1398,4.8807,1.7354,2.1251,4.7728,1.7604,2.2669,4.7688,1.5689,2.0093,4.7916,1.5748,2.0487,4.8231,1.7048,2.2941,4.6566,1.4769,1.9855,4.6733,1.4817,2.1136,4.8612,0.064785,2.0986,4.5815,0.069046,2.3046,4.9402,0.081719,2.2073,4.6767,0.088186
2.14,4.8865,1.7351,2.125,4.7772,1.7606,2.2669,4.7741,1.5689,2.0096,4.7966,1.5745,2.0488,4.828,1.7044,2.2945,4.6616,1.477,1.986,4.6781,1.4815,2.1135,4.8612,0.064769,2.0987,4.5816,0.069355,2.3055,4.9577,0.084091,2.2082,4.6946,0.08349
2.1402,4.8916,1.7349,2.1251,4.7823,1.7604,2.2671,4.7788,1.5689,2.0098,4.8014,1.574,2.0487,4.8331,1.704,2.2951,4.6665,1.4772,1.9864,4.6828,1.4813,2.1135,4.8613,0.064717,2.0988,4.5817,0.069597,2.3061,4.974,0.086825,2.2091,4.711,0.079129
2.14,4.8965,1.7345,2.1251,4.7874,1.7601,2.2677,4.7836,1.569,2.0101,4.8061,1.5734,2.049,4.8379,1.7036,2.2956,4.6715,1.4772,1.987,4.6872,1.4811,2.1135,4.8613,0.064705,2.0989,4.5817,0.069949,2.3065,4.9893,0.08977,2.2095,4.7266,0.0754
2.14,4.9014,1.734,2.125,4.7921,1.7597,2.2679,4.7886,1.5687,2.0105,4.8106,1.5729,2.0489,4.8427,1.703,2.2963,4.6763,1.4773,1.9877,4.6914,1.4807,2.1135,4.8614,0.064655,2.099,4.5819,0.070247,2.3065,5.0034,0.092418,2.2101,4.7402,0.072718
2.1402,4.9062,1.7334,2.1252,4.7971,1.7594,2.2684,4.7931,1.5687,2.0109,4.815,1.5722,2.0489,4.8473,1.7024,2.297,4.6811,1.4771,1.9885,4.6955,1.4803,2.1135,4.8615,0.064634,2.0991,4.582,0.070551,2.306,5.0165,0.094848,2.2106,4.7533,0.069827
2.1399,4.9111,1.7328,2.1253,4.802,1.759,2.2689,4.7979,1.5686,2.0112,4.8194,1.5716,2.0492,4.8521,1.7019,2.298,4.6857,1.477,1.9894,4.6995,1.4797,2.1135,4.8615,0.064617,2.0992,4.5821,0.070842,2.3047,5.0285,0.096811,2.2099,4.7687,0.068112
2.1399,4.9157,1.7322,2.1253,4.8066,1.7586,2.2692,4.8025,1.5685,2.0117,4.8233,1.5711,2.0494,4.8564,1.7011,2.2988,4.6903,1.4767,1.9903,4.7034,1.4792,2.1131,4.8614,0.065002,2.0993,4.5823,0.071179,2.3033,5.0394,0.098349,2.2099,4.7798,0.065941
2.1401,4.9203,1.7316,2.1255,4.8113,1.7581,2.27,4.8071,1.5684,2.0123,4.8274,1.5704,2.0495,4.8608,1.7005,2.2998,4.6949,1.4763,1.9911,4.7072,1.4787,2.1131,4.8617,0.06488,2.0994,4.5824,0.071607,2.3011,5.0492,0.099786,2.2104,4.7882,0.06489
2.14,4.9248,1.7309,2.1259,4.8158,1.7577,2.2705,4.8115,1.5682,2.013,4.8313,1.5698,2.0498,4.865,1.6999,2.3008,4.6994,1.4761,1.9921,4.7108,1.4782,2.1131,4.8611,0.064986,2.0994,4.5826,0.072015,2.2987,5.0579,0.1004,2.2126,4.7933,0.063468
2.1401,4.9291,1.7303,2.1261,4.8201,1.7573,2.2713,4.8159,1.5679,2.0136,4.8349,1.5691,2.0501,4.8691,1.6991,2.3019,4.7038,1.4757,1.9931,4.7144,1.4777,2.1131,4.8611,0.065,2.0993,4.5826,0.072504,2.296,5.0658,0.1005,2.2138,4.8002,0.062292
2.1403,4.9338,1.7298,2.1266,4.8243,1.7569,2.272,4.8202,1.5678,2.0141,4.8386,1.5684,2.0506,4.8729,1.6985,2.3031,4.7083,1.4753,1.9942,4.7178,1.4771,2.113,4.8611,0.065019,2.0993,4.5828,0.072922,2.2933,5.0727,0.099948,2.215,4.8057,0.062039
2.1405,4.9378,1.7293,2.127,4.8282,1.7564,2.2727,4.8245,1.5674,2.0148,4.8422,1.5678,2.0511,4.8766,1.698,2.3042,4.7126,1.4749,1.9954,4.7212,1.4765,2.113,4.861,0.065072,2.0992,4.5829,0.073398,2.2904,5.0782,0.097985,2.2161,4.8101,0.061694
2.1408,4.9414,1.7288,2.1277,4.832,1.756,2.2736,4.8286,1.5672,2.0154,4.8457,1.5673,2.0514,4.8801,1.6975,2.3055,4.717,1.4745,1.9965,4.7247,1.4759,2.1129,4.861,0.065138,2.0991,4.583,0.0739,2.2879,5.0826,0.095174,2.2169,4.8133,0.062289
2.1411,4.945,1.7283,2.1285,4.8356,1.7554,2.2743,4.8328,1.5667,2.0162,4.8489,1.5667,2.0519,4.8835,1.6969,2.3067,4.7213,1.474,1.9978,4.7281,1.4752,2.1128,4.8609,0.065212,2.0988,4.5825,0.074639,2.286,5.0858,0.091934,2.217,4.8153,0.062418
2.1416,4.9484,1.7279,2.1292,4.8389,1.7549,2.2753,4.8367,1.5662,2.0171,4.8521,1.5661,2.0526,4.8862,1.6967,2.3081,4.7257,1.4734,1.9991,4.7314,1.4744,2.1128,4.8609,0.065305,2.0987,4.5826,0.07516,2.2846,5.0871,0.087553,2.2165,4.8164,0.062641
2.1422,4.9517,1.7274,2.1301,4.8421,1.7542,2.2761,4.8408,1.5656,2.018,4.8552,1.5655,2.0534,4.8892,1.6962,2.3094,4.7298,1.4729,2.0004,4.7347,1.4736,2.1126,4.8609,0.065422,2.0985,4.5827,0.075757,2.2841,5.0876,0.082959,2.2158,4.817,0.062521
2.1428,4.9547,1.727,2.131,4.845,1.7535,2.277,4.8445,1.565,2.019,4.8584,1.5648,2.0542,4.892,1.6956,2.3107,4.7339,1.4721,2.0019,4.738,1.4726,2.1125,4.8607,0.065598,2.0983,4.5828,0.076469,2.2833,5.0894,0.079601,2.2155,4.8174,0.062548
2.1434,4.9577,1.7266,2.1318,4.8479,1.7529,2.2781,4.8485,1.5644,2.02,4.8614,1.5641,2.055,4.8948,1.695,2.3121,4.738,1.4714,2.0033,4.7412,1.4716,2.1123,4.8606,0.065777,2.0981,4.5831,0.077324,2.2827,5.09,0.078019,2.2152,4.8178,0.062904
2.144,4.9606,1.7263,2.1329,4.851,1.7524,2.279,4.8523,1.5637,2.0209,4.8644,1.5636,2.0559,4.8977,1.6945,2.3136,4.7421,1.4706,2.0047,4.7444,1.4705,2.1122,4.8605,0.065958,2.0979,4.5833,0.078688,2.2815,5.0909,0.075706,2.2151,4.8182,0.063191
2.1447,4.9637,1.7261,2.1339,4.8539,1.752,2.28,4.8561,1.5634,2.0218,4.8673,1.5633,2.0567,4.9007,1.6943,2.3152,4.7461,1.47,2.0061,4.7475,1.4694,2.1121,4.8607,0.066049,2.0977,4.5838,0.080357,2.2803,5.0917,0.073705,2.215,4.8186,0.063416
2.1453,4.9668,1.7261,2.1348,4.8569,1.7517,2.2811,4.8599,1.5632,2.0229,4.8703,1.563,2.0577,4.9036,1.6941,2.3167,4.7501,1.4694,2.0075,4.7507,1.4685,2.112,4.8608,0.066165,2.0976,4.5845,0.082303,2.2801,5.0923,0.072329,2.2149,4.8188,0.063578
2.146,4.9699,1.726,2.1359,4.8601,1.7515,2.2822,4.8637,1.563,2.024,4.8735,1.5627,2.0585,4.9065,1.6939,2.3182,4.7541,1.4689,2.0088,4.7539,1.4677,2.1121,4.8608,0.066331,2.0975,4.5855,0.084923,2.2803,5.0928,0.070793,2.215,4.8191,0.063803
2.1467,4.9731,1.7261,2.1368,4.863,1.7513,2.2832,4.8674,1.563,2.0251,4.8767,1.5624,2.0593,4.9094,1.6938,2.3197,4.758,1.4687,2.0101,4.7571,1.467,2.1126,4.8605,0.066325,2.0977,4.5865,0.087771,2.2804,5.0934,0.06935,2.215,4.8194,0.063902
2.1474,4.9761,1.7261,2.1378,4.866,1.7511,2.2844,4.8713,1.5629,2.0261,4.8796,1.5623,2.0603,4.9123,1.6937,2.3211,4.7618,1.4686,2.0115,4.7602,1.4665,2.1125,4.8608,0.066326,2.0975,4.5876,0.09126,2.2803,5.0939,0.068115,2.215,4.8196,0.064
2.1483,4.979,1.7261,2.1388,4.869,1.751,2.2857,4.875,1.5629,2.0271,4.8826,1.5621,2.0611,4.9152,1.6935,2.3225,4.7656,1.4687,2.0127,4.7631,1.4662,2.1124,4.8611,0.066391,2.0971,4.5892,0.094803,2.2803,5.0944,0.067055,2.215,4.8197,0.06413
2.149,4.9821,1.7261,2.1397,4.872,1.7509,2.2865,4.8784,1.5627,2.0281,4.8857,1.562,2.062,4.9182,1.6934,2.3238,4.7694,1.4688,2.0141,4.7661,1.4659,2.1122,4.8615,0.066462,2.0966,4.5907,0.098759,2.2803,5.0947,0.066129,2.2144,4.8207,0.064166
2.1498,4.9851,1.7262,2.1406,4.8751,1.7509,2.2876,4.882,1.5629,2.0291,4.8887,1.5619,2.0629,4.9211,1.6934,2.325,4.7729,1.469,2.0153,4.7691,1.4658,2.1119,4.862,0.066566,2.0959,4.5926,0.10282,2.2802,5.0948,0.065743,2.2148,4.8216,0.064019
2.1505,4.9881,1.7262,2.1416,4.8782,1.751,2.2884,4.8852,1.5629,2.0301,4.8916,1.5619,2.0637,4.924,1.6935,2.3261,4.7765,1.4691,2.0165,4.7719,1.4657,2.1115,4.8628,0.066691,2.095,4.5945,0.10697,2.2801,5.0949,0.065369,2.2145,4.823,0.06382
2.1513,4.9913,1.7264,2.1425,4.8809,1.7511,2.2893,4.8885,1.5631,2.0311,4.8947,1.562,2.0646,4.9269,1.6936,2.3274,4.7804,1.4695,2.0178,4.7749,1.4656,2.1108,4.864,0.06699,2.0939,4.5963,0.11126,2.28,5.0951,0.065063,2.2144,4.8232,0.063791
2.1519,4.9944,1.7268,2.1434,4.8841,1.7513,2.2904,4.8915,1.5634,2.0319,4.8976,1.5622,2.0654,4.9299,1.6937,2.3286,4.7839,1.4697,2.019,4.7776,1.4656,2.1098,4.8652,0.067392,2.0928,4.5984,0.11536,2.2799,5.0952,0.064811,2.2146,4.8205,0.063888
2.1527,4.9972,1.7267,2.1442,4.887,1.7515,2.2912,4.8949,1.5636,2.0327,4.9005,1.5623,2.0661,4.9328,1.6938,2.3298,4.7874,1.4699,2.0202,4.7802,1.4656,2.1096,4.8654,0.067592,2.0918,4.6004,0.11912,2.2798,5.0954,0.06462,2.2142,4.8212,0.063828
2.1532,5.0002,1.7269,2.1449,4.8899,1.7517,2.2921,4.8979,1.5638,2.0335,4.9032,1.5624,2.0669,4.9356,1.6939,2.3309,4.7908,1.4702,2.0213,4.7828,1.4656,2.108,4.8667,0.068344,2.0912,4.6026,0.12282,2.2797,5.0952,0.06449,2.2141,4.8213,0.063828
2.1539,5.0029,1.727,2.1457,4.8927,1.7519,2.2931,4.901,1.5642,2.0344,4.9059,1.5624,2.0678,4.9383,1.694,2.3318,4.7941,1.4704,2.0223,4.7853,1.4656,2.1061,4.8685,0.069092,2.091,4.6051,0.12586,2.2796,5.0953,0.064365,2.2144,4.8204,0.064212
2.1543,5.0058,1.7276,2.1462,4.8954,1.7521,2.2938,4.9039,1.5645,2.0352,4.9083,1.5626,2.0684,4.9408,1.6941,2.3329,4.7973,1.4707,2.0235,4.7877,1.4656,2.1039,4.8709,0.06991,2.0908,4.6076,0.12817,2.2796,5.0954,0.064277,2.2141,4.821,0.064157
2.155,5.0083,1.7276,2.1468,4.898,1.7523,2.2945,4.9068,1.5648,2.0359,4.9108,1.5627,2.0689,4.9435,1.6943,2.334,4.8005,1.471,2.0244,4.7902,1.4655,2.1019,4.8742,0.071134,2.0905,4.6105,0.12956,2.2795,5.0954,0.064256,2.2141,4.8213,0.064331
2.1555,5.0108,1.728,2.1474,4.9006,1.7526,2.2955,4.9097,1.5654,2.0367,4.9134,1.563,2.0695,4.946,1.6946,2.3351,4.8036,1.4712,2.0254,4.7926,1.4655,2.0996,4.8786,0.072744,2.0903,4.6141,0.13023,2.2794,5.0954,0.064199,2.214,4.8212,0.064157
2.156,5.0134,1.7286,2.148,4.9031,1.753,2.296,4.9125,1.5658,2.0374,4.9159,1.5633,2.0701,4.9484,1.695,2.3362,4.8066,1.4715,2.0264,4.7951,1.4655,2.098,4.8826,0.074355,2.0901,4.6178,0.13036,2.2794,5.0955,0.064169,2.214,4.8212,0.064189
2.1561,5.0161,1.7295,2.1486,4.9055,1.7535,2.2966,4.9154,1.5665,2.0382,4.9185,1.5636,2.0707,4.9507,1.6955,2.3372,4.8096,1.472,2.0272,4.7976,1.4656,2.0957,4.8872,0.075981,2.0903,4.6221,0.13011,2.2794,5.0955,0.064087,2.214,4.8212,0.064254
2.1567,5.0183,1.7299,2.149,4.9078,1.754,2.2975,4.9182,1.5673,2.039,4.9207,1.564,2.071,4.9531,1.696,2.3379,4.8124,1.4724,2.028,4.8001,1.4658,2.0933,4.8926,0.077281,2.0905,4.6271,0.12944,2.2793,5.0955,0.064111,2.214,4.8212,0.064229
2.157,5.0205,1.7304,2.1495,4.9101,1.7546,2.298,4.9209,1.5679,2.0396,4.9231,1.5645,2.0715,4.9553,1.6965,2.3386,4.8151,1.4728,2.0288,4.8027,1.466,2.0908,4.8984,0.07831,2.0907,4.6324,0.1282,2.2793,5.0955,0.064095,2.214,4.8212,0.064264
2.157,5.023,1.7314,2.1501,4.9124,1.7551,2.2985,4.9236,1.5685,2.0402,4.9254,1.5649,2.0719,4.9574,1.697,2.3393,4.8179,1.4734,2.0295,4.8053,1.4663,2.0878,4.9055,0.079352,2.091,4.638,0.12646,2.2793,5.0955,0.064115,2.2139,4.8212,0.064483
2.1573,5.0252,1.7323,2.1505,4.9144,1.7557,2.2994,4.9265,1.5693,2.0408,4.9277,1.5654,2.0723,4.9595,1.6976,2.3401,4.8207,1.4742,2.0303,4.8077,1.4665,2.0856,4.9124,0.080374,2.0911,4.6438,0.12435,2.2793,5.0955,0.064127,2.2139,4.8212,0.064322
2.1577,5.0273,1.7332,2.1509,4.9165,1.7562,2.3,4.9291,1.5701,2.0413,4.9301,1.566,2.0727,4.9615,1.6982,2.3408,4.8234,1.4748,2.031,4.8102,1.4668,2.0838,4.919,0.081024,2.0913,4.6503,0.12207,2.2793,5.0955,0.064112,2.2139,4.8211,0.064366
2.1581,5.0294,1.734,2.1513,4.9186,1.7568,2.3004,4.9315,1.5708,2.0419,4.9325,1.5666,2.0731,4.9638,1.6989,2.3414,4.8261,1.4754,2.0317,4.8129,1.4671,2.082,4.9268,0.080679,2.0914,4.6566,0.11963,2.2792,5.0955,0.064101,2.2139,4.8212,0.064308
2.1584,5.0314,1.7348,2.1517,4.9206,1.7574,2.3009,4.934,1.5716,2.0424,4.9349,1.5671,2.0736,4.9659,1.6996,2.3419,4.8286,1.476,2.0322,4.8154,1.4675,2.0795,4.9341,0.080998,2.0918,4.6638,0.11694,2.2792,5.0955,0.064087,2.2139,4.8213,0.064671
2.1591,5.0332,1.7353,2.152,4.9225,1.7579,2.3014,4.9365,1.5722,2.0428,4.9372,1.5675,2.074,4.9679,1.7002,2.3425,4.8314,1.4767,2.0326,4.818,1.4678,2.0774,4.9417,0.080754,2.0919,4.6708,0.11418,2.2792,5.0955,0.064119,2.2138,4.8212,0.064494
2.1595,5.0351,1.7361,2.1522,4.9243,1.7585,2.3018,4.9389,1.5729,2.0432,4.9394,1.5681,2.0743,4.9699,1.7008,2.3431,4.834,1.4774,2.0332,4.8205,1.4681,2.0746,4.9492,0.080099,2.0921,4.6781,0.11139,2.2792,5.0955,0.06408,2.2138,4.8211,0.064354
2.1598,5.0371,1.7369,2.1525,4.9263,1.759,2.3021,4.9411,1.5734,2.0436,4.9418,1.5686,2.0747,4.972,1.7013,2.3435,4.8365,1.4779,2.0335,4.823,1.4685,2.0722,4.9571,0.080102,2.092,4.6853,0.10844,2.2792,5.0955,0.064132,2.2138,4.8211,0.064343
2.16,5.039,1.7375,2.1528,4.9282,1.7595,2.3024,4.9434,1.574,2.0439,4.9443,1.569,2.075,4.9739,1.7017,2.3437,4.839,1.4783,2.0339,4.8254,1.4687,2.0699,4.9649,0.080297,2.0922,4.6926,0.10551,2.2791,5.0955,0.064123,2.2138,4.8212,0.064493
2.1602,5.0408,1.7381,2.1531,4.9301,1.7599,2.303,4.9459,1.5745,2.0444,4.9467,1.5694,2.0754,4.976,1.7022,2.3441,4.8415,1.4787,2.0342,4.8279,1.469,2.0679,4.9728,0.080648,2.0921,4.7001,0.10247,2.2791,5.0955,0.064096,2.2137,4.8212,0.064319
2.1605,5.0428,1.7387,2.1534,4.9319,1.7602,2.3032,4.9481,1.575,2.0448,4.949,1.5697,2.0756,4.978,1.7027,2.3445,4.844,1.4791,2.0346,4.8303,1.4692,2.0661,4.9805,0.081222,2.092,4.7077,0.0994,2.2792,5.0956,0.064103,2.2134,4.8221,0.064228
2.1607,5.0447,1.7392,2.1535,4.9338,1.7605,2.3036,4.9503,1.5754,2.0451,4.9511,1.5699,2.0757,4.98,1.703,2.3447,4.8463,1.4795,2.0349,4.8327,1.4694,2.0645,4.9881,0.081528,2.0916,4.7149,0.096394,2.2792,5.0955,0.064098,2.2136,4.8213,0.064106
2.1609,5.0467,1.7397,2.1537,4.9357,1.7607,2.3038,4.9525,1.5757,2.0453,4.9535,1.57,2.0758,4.9821,1.7032,2.345,4.8488,1.4798,2.0352,4.8349,1.4696,2.0631,4.9957,0.081931,2.0915,4.7224,0.093493,2.2792,5.0955,0.06408,2.2135,4.8226,0.063371
2.1613,5.0487,1.74,2.1539,4.9375,1.7608,2.3039,4.9545,1.5759,2.0455,4.9558,1.5702,2.076,4.9842,1.7035,2.3453,4.8511,1.48,2.0354,4.8371,1.4697,2.0621,5.0033,0.082609,2.0913,4.7302,0.090302,2.2792,5.0955,0.064086,2.2135,4.821,0.063997
2.1615,5.0507,1.7403,2.1539,4.9395,1.7609,2.3041,4.9567,1.5761,2.0456,4.958,1.5703,2.0763,4.9862,1.7036,2.3454,4.8534,1.48,2.0356,4.8393,1.4697,2.0614,5.0105,0.083235,2.0907,4.7375,0.087532,2.2792,5.0955,0.064093,2.2135,4.821,0.063991
2.1617,5.0526,1.7404,2.1541,4.9414,1.7609,2.3044,4.9586,1.5762,2.0458,4.9601,1.5704,2.0765,4.9883,1.7037,2.3455,4.8555,1.4801,2.0357,4.8415,1.4698,2.0609,5.0175,0.083877,2.0902,4.7434,0.08507,2.2792,5.0955,0.0641,2.2135,4.8211,0.063964
2.1618,5.0546,1.7405,2.1542,4.9435,1.761,2.3045,4.9606,1.5762,2.0458,4.9623,1.5705,2.0767,4.9903,1.7037,2.3455,4.8575,1.4802,2.0357,4.8436,1.4698,2.0606,5.0244,0.084523,2.0889,4.7501,0.083151,2.2792,5.0955,0.064116,2.2135,4.821,0.063948
2.1619,5.0566,1.7405,2.1543,4.9455,1.761,2.3045,4.9627,1.5762,2.046,4.9645,1.5705,2.0767,4.9924,1.7038,2.3455,4.8595,1.4802,2.0357,4.8455,1.4698,2.0606,5.0312,0.085144,2.0882,4.757,0.080631,2.2792,5.0955,0.0641,2.2135,4.8211,0.063919
2.1621,5.0589,1.741,2.1544,4.9474,1.761,2.3045,4.9646,1.5761,2.046,4.9658,1.5709,2.0768,4.9943,1.7038,2.3456,4.8616,1.4802,2.0358,4.8474,1.4698,2.0608,5.0378,0.085643,2.0873,4.7628,0.078644,2.2792,5.0955,0.064107,2.2135,4.8211,0.063935
2.1622,5.0609,1.741,2.1544,4.9493,1.761,2.3045,4.9665,1.576,2.0461,4.9677,1.5709,2.0768,4.9964,1.7038,2.3454,4.8634,1.4801,2.0357,4.8493,1.4699,2.0613,5.044,0.086271,2.0865,4.769,0.076508,2.2792,5.0955,0.064099,2.2135,4.8211,0.06392
2.1618,5.0627,1.7408,2.1545,4.9513,1.7609,2.3045,4.9683,1.5759,2.0461,4.9696,1.5709,2.0768,4.9984,1.7038,2.3453,4.8651,1.48,2.0356,4.851,1.4699,2.0618,5.05,0.086825,2.0858,4.7754,0.074562,2.2792,5.0955,0.064118,2.2135,4.8211,0.063872
2.1623,5.0644,1.7402,2.1545,4.9533,1.7609,2.3045,4.9701,1.5758,2.046,4.9718,1.5709,2.077,5.0003,1.7038,2.3453,4.8671,1.48,2.0354,4.8529,1.4699,2.0626,5.0557,0.087348,2.0853,4.7805,0.072878,2.2793,5.0955,0.06411,2.2135,4.8211,0.063834
2.1624,5.0664,1.7401,2.1546,4.9553,1.7609,2.3045,4.9719,1.5757,2.0459,4.9735,1.5709,2.0771,5.0023,1.7037,2.3452,4.8688,1.4799,2.0352,4.8546,1.4699,2.0634,5.0612,0.088011,2.0845,4.786,0.071235,2.2793,5.0954,0.064108,2.2135,4.8211,0.063765
2.162,5.0684,1.7404,2.1545,4.9572,1.7608,2.3045,4.9734,1.5756,2.0456,4.9752,1.5709,2.0771,5.0042,1.7037,2.3448,4.8704,1.4798,2.035,4.8563,1.4699,2.0639,5.0663,0.088532,2.0839,4.791,0.069549,2.2793,5.0954,0.064141,2.2135,4.8211,0.063812
2.1625,5.07,1.7398,2.1545,4.9591,1.7607,2.3044,4.9751,1.5754,2.0455,4.977,1.5709,2.0769,5.0061,1.7036,2.3446,4.8719,1.4796,2.0347,4.8579,1.4699,2.0645,5.0713,0.089181,2.0835,4.7963,0.067926,2.2793,5.0954,0.064125,2.2136,4.821,0.063858
2.1624,5.0717,1.7396,2.1544,4.9608,1.7606,2.3041,4.9767,1.5751,2.0454,4.9788,1.5707,2.0768,5.0079,1.7035,2.3443,4.8735,1.4795,2.0345,4.8595,1.4698,2.0649,5.0759,0.089776,2.083,4.8013,0.066392,2.2794,5.0954,0.064119,2.2136,4.8211,0.063744
2.1623,5.0735,1.7395,2.1543,4.9626,1.7606,2.3039,4.9783,1.575,2.0453,4.9805,1.5707,2.0766,5.0095,1.7034,2.3439,4.875,1.4794,2.0343,4.861,1.4698,2.0651,5.0802,0.09011,2.0825,4.8053,0.06518,2.2794,5.0954,0.06414,2.2136,4.8211,0.063695
2.162,5.0751,1.7393,2.1541,4.9641,1.7605,2.3036,4.9798,1.5748,2.045,4.982,1.5706,2.0764,5.0111,1.7033,2.3437,4.8764,1.4793,2.034,4.8625,1.4698,2.065,5.0843,0.090457,2.0823,4.8096,0.063866,2.2794,5.0954,0.064184,2.2136,4.8211,0.063645
2.1615,5.077,1.7396,2.1539,4.9658,1.7604,2.3033,4.9812,1.5746,2.0446,4.9835,1.5706,2.0762,5.0127,1.7032,2.3432,4.8778,1.4791,2.0335,4.864,1.4698,2.0648,5.0882,0.090646,2.0821,4.8142,0.062918,2.2794,5.0953,0.064158,2.2136,4.8211,0.063688
2.1617,5.0782,1.739,2.1536,4.9674,1.7603,2.3029,4.9825,1.5744,2.0443,4.9849,1.5706,2.076,5.0142,1.7031,2.3428,4.8791,1.4789,2.033,4.8654,1.4697,2.0644,5.0918,0.090254,2.0819,4.8178,0.063223,2.2794,5.0953,0.064156,2.2136,4.8212,0.063601
2.1615,5.0797,1.7389,2.1532,4.9688,1.7602,2.3025,4.9839,1.5742,2.0438,4.9864,1.5705,2.0758,5.0157,1.703,2.3424,4.8807,1.4786,2.0325,4.8667,1.4697,2.064,5.0952,0.089246,2.0813,4.8203,0.06328,2.2795,5.0953,0.064157,2.2137,4.8211,0.064124
2.1609,5.0812,1.7392,2.153,4.9702,1.7601,2.302,4.985,1.574,2.0435,4.9878,1.5704,2.0755,5.017,1.703,2.342,4.8819,1.4785,2.0321,4.8679,1.4697,2.0601,5.0918,0.090515,2.0809,4.8228,0.063485,2.2795,5.0953,0.064165,2.2136,4.821,0.063732
2.1606,5.0825,1.7391,2.1527,4.9714,1.76,2.3017,4.9864,1.5738,2.0432,4.9892,1.5703,2.0751,5.0184,1.7029,2.3415,4.8832,1.4783,2.0317,4.8693,1.4696,2.0596,5.0941,0.088559,2.0804,4.8251,0.063872,2.2795,5.0953,0.064154,2.2136,4.8211,0.063709
2.1607,5.0835,1.7386,2.1523,4.9726,1.7599,2.3011,4.9874,1.5737,2.0427,4.9905,1.5702,2.0747,5.0197,1.7028,2.3411,4.8845,1.478,2.0312,4.8705,1.4695,2.0591,5.0959,0.085906,2.08,4.827,0.064581,2.2795,5.0953,0.064172,2.2136,4.821,0.063743
2.1598,5.0848,1.7389,2.1519,4.9737,1.7598,2.3008,4.9888,1.5735,2.0422,4.9917,1.5702,2.0743,5.0208,1.7028,2.3404,4.8856,1.4777,2.0306,4.8717,1.4695,2.0586,5.0975,0.081925,2.0798,4.8283,0.065579,2.2795,5.0953,0.064153,2.2136,4.821,0.063718
2.1598,5.0857,1.7385,2.1516,4.9748,1.7597,2.3003,4.9899,1.5733,2.0416,4.9928,1.5702,2.0738,5.0219,1.7028,2.3399,4.8867,1.4774,2.03,4.873,1.4694,2.0582,5.0993,0.077189,2.0797,4.8286,0.066601,2.2795,5.0953,0.064174,2.2136,4.8209,0.063809
2.1591,5.0869,1.7389,2.1512,4.9758,1.7596,2.2998,4.991,1.5731,2.041,4.9939,1.5703,2.0735,5.0229,1.7027,2.3393,4.8878,1.4771,2.0294,4.8741,1.4694,2.0577,5.1003,0.074978,2.0796,4.8288,0.066929,2.2795,5.0953,0.064196,2.2136,4.821,0.063744
2.1591,5.0876,1.7384,2.1507,4.9767,1.7595,2.2994,4.9919,1.5729,2.0406,4.995,1.5702,2.0728,5.0241,1.7025,2.3388,4.8889,1.4769,2.0289,4.8752,1.4693,2.0571,5.1006,0.073982,2.0796,4.8287,0.067174,2.2795,5.0953,0.064192,2.2136,4.821,0.063786
2.1587,5.0884,1.7384,2.1502,4.9776,1.7594,2.2988,4.993,1.5728,2.0402,4.9961,1.5701,2.0724,5.025,1.7024,2.3382,4.8899,1.4767,2.0284,4.8761,1.4692,2.0569,5.1011,0.072741,2.0794,4.8289,0.067091,2.2795,5.0952,0.064146,2.2137,4.821,0.063834
2.1583,5.0894,1.7384,2.1498,4.9784,1.7593,2.2982,4.9939,1.5726,2.0397,4.9971,1.5701,2.0719,5.0259,1.7025,2.3376,4.8909,1.4764,2.0277,4.8772,1.4692,2.0567,5.1019,0.071596,2.0793,4.8289,0.067051,2.2795,5.0953,0.064221,2.2136,4.821,0.063851
2.1578,5.0902,1.7385,2.1494,4.9792,1.7593,2.2976,4.9946,1.5726,2.039,4.998,1.5702,2.0712,5.0267,1.7025,2.3371,4.8919,1.4761,2.027,4.8781,1.4692,2.0566,5.102,0.070921,2.0793,4.8289,0.067017,2.2795,5.0952,0.064174,2.2136,4.8211,0.063799
2.1568,5.0912,1.739,2.1489,4.98,1.7593,2.297,4.9954,1.5725,2.0383,4.9989,1.5704,2.0706,5.0275,1.7027,2.3364,4.8927,1.476,2.0263,4.879,1.4693,2.0565,5.1023,0.070302,2.0793,4.829,0.06692,2.2795,5.0952,0.064218,2.2137,4.8211,0.063918
2.1566,5.0918,1.7387,2.1484,4.9807,1.7594,2.2963,4.9962,1.5725,2.0376,4.9996,1.5706,2.07,5.0283,1.7029,2.3357,4.8935,1.4758,2.0256,4.8798,1.4694,2.0564,5.1024,0.069843,2.0793,4.8291,0.066786,2.2794,5.0952,0.064218,2.2136,4.8209,0.063994
2.1562,5.0925,1.7387,2.1479,4.9815,1.7595,2.2957,4.997,1.5726,2.0369,5.0003,1.5708,2.0695,5.0291,1.703,2.3351,4.8942,1.4756,2.025,4.8806,1.4694,2.0564,5.1026,0.069545,2.0793,4.8291,0.06672,2.2794,5.0952,0.064261,2.2136,4.821,0.064004
2.1557,5.0931,1.7389,2.1473,4.9821,1.7595,2.2951,4.9978,1.5726,2.0364,5.0011,1.5709,2.0691,5.0298,1.7032,2.3343,4.8949,1.4756,2.0244,4.8812,1.4695,2.0564,5.1027,0.06936,2.0793,4.8294,0.066493,2.2794,5.0952,0.064248,2.2136,4.821,0.064008
2.1547,5.0939,1.7395,2.1467,4.9826,1.7597,2.2944,4.9985,1.5727,2.0358,5.0017,1.5711,2.0685,5.0304,1.7034,2.3337,4.8956,1.4756,2.0237,4.882,1.4697,2.0564,5.1027,0.069195,2.0794,4.8293,0.06634,2.2794,5.0952,0.06429,2.2136,4.821,0.06405
2.1546,5.0942,1.7393,2.1461,4.9831,1.7598,2.2938,4.9992,1.5728,2.0352,5.0024,1.5713,2.068,5.0309,1.7037,2.3331,4.8963,1.4756,2.0231,4.8825,1.4699,2.0565,5.1027,0.069075,2.0794,4.8295,0.066113,2.2794,5.0952,0.06432,2.2136,4.821,0.064044
2.1539,5.0947,1.7396,2.1456,4.9836,1.76,2.293,4.9997,1.573,2.0344,5.0029,1.5716,2.0673,5.0313,1.7039,2.3325,4.897,1.4756,2.0224,4.8832,1.4701,2.0565,5.1028,0.068982,2.0795,4.8294,0.065998,2.2794,5.0952,0.064358,2.2137,4.8212,0.064387
2.1533,5.095,1.7398,2.145,4.9839,1.7602,2.2923,5.0001,1.5731,2.0337,5.0033,1.5719,2.0666,5.0317,1.7042,2.3318,4.8977,1.4756,2.0217,4.8838,1.4703,2.0565,5.1028,0.0689,2.0795,4.8295,0.065863,2.2793,5.0952,0.064349,2.2136,4.8211,0.064049
2.1521,5.0955,1.7405,2.1444,4.9842,1.7604,2.2916,5.0006,1.5732,2.0329,5.0036,1.5721,2.0659,5.032,1.7044,2.3311,4.8983,1.4756,2.021,4.8844,1.4704,2.0565,5.1028,0.068856,2.0796,4.8295,0.065639,2.2793,5.0951,0.064362,2.2136,4.8211,0.06406
2.1516,5.0961,1.7412,2.1439,4.9844,1.7605,2.291,5.0011,1.5734,2.0323,5.0041,1.5723,2.0653,5.0323,1.7047,2.3305,4.899,1.4756,2.0204,4.8849,1.4706,2.0566,5.1028,0.068801,2.0796,4.8294,0.065548,2.2793,5.0951,0.064381,2.2137,4.8211,0.064401
2.1512,5.096,1.7411,2.1433,4.9846,1.7607,2.2903,5.0017,1.5734,2.0317,5.0045,1.5725,2.0647,5.0324,1.7049,2.3298,4.8996,1.4755,2.0198,4.8853,1.4709,2.0566,5.1028,0.068774,2.0796,4.8293,0.065425,2.2793,5.0951,0.064403,2.2137,4.8211,0.064445
2.1502,5.0963,1.7418,2.1426,4.9847,1.7609,2.2896,5.0022,1.5736,2.031,5.0048,1.5728,2.0642,5.0326,1.7052,2.3292,4.9002,1.4755,2.0191,4.8858,1.471,2.0566,5.1027,0.068762,2.0796,4.8293,0.065317,2.2794,5.0953,0.064426,2.2136,4.821,0.064027
2.15,5.0961,1.7417,2.1419,4.9847,1.761,2.289,5.0026,1.5737,2.0304,5.0053,1.573,2.0636,5.0327,1.7055,2.3286,4.9008,1.4754,2.0185,4.8864,1.4711,2.0566,5.1027,0.068733,2.0795,4.8293,0.065194,2.2794,5.0953,0.064446,2.2136,4.821,0.063969
2.1493,5.0961,1.7421,2.1413,4.9848,1.7612,2.2883,5.0031,1.5738,2.0297,5.0055,1.5733,2.063,5.0329,1.7058,2.328,4.9015,1.4753,2.0179,4.8869,1.4712,2.0565,5.1027,0.068732,2.0794,4.8292,0.065115,2.2793,5.0953,0.064468,2.2136,4.821,0.06404
2.1484,5.0964,1.7428,2.1407,4.9847,1.7613,2.2877,5.0035,1.5739,2.0289,5.0057,1.5736,2.0622,5.0329,1.7061,2.3274,4.9021,1.4752,2.0173,4.8872,1.4714,2.0565,5.1027,0.06876,2.0794,4.8292,0.06504,2.2793,5.095,0.064523,2.2136,4.821,0.063966
2.1481,5.0962,1.7427,2.1402,4.9848,1.7615,2.287,5.0036,1.574,2.0282,5.0061,1.5738,2.0615,5.033,1.7064,2.3267,4.9027,1.475,2.0166,4.8877,1.4715,2.0565,5.1027,0.068713,2.0793,4.8292,0.064967,2.2794,5.0952,0.064534,2.2136,4.821,0.063927
2.1474,5.0963,1.743,2.1397,4.9848,1.7616,2.2863,5.0041,1.574,2.0275,5.0063,1.5741,2.0608,5.0331,1.7066,2.3261,4.9032,1.4749,2.0159,4.8882,1.4716,2.0565,5.1027,0.068748,2.0792,4.8291,0.064917,2.2793,5.0952,0.064557,2.2136,4.821,0.064364
2.1467,5.0963,1.7433,2.1392,4.9848,1.7618,2.2855,5.0047,1.574,2.0268,5.0067,1.5743,2.0601,5.0331,1.7069,2.3254,4.9037,1.4748,2.0153,4.8886,1.4718,2.0565,5.1026,0.068718,2.0792,4.829,0.064862,2.2793,5.0952,0.064595,2.2136,4.8212,0.064239
2.1461,5.0964,1.7436,2.1387,4.9849,1.7619,2.2848,5.0052,1.574,2.0262,5.007,1.5745,2.0596,5.0332,1.7071,2.3248,4.9043,1.4746,2.0146,4.889,1.4719,2.0564,5.1026,0.068722,2.0791,4.829,0.064809,2.2793,5.0952,0.064609,2.2136,4.8211,0.064266
2.1452,5.0967,1.7443,2.1383,4.9849,1.762,2.2841,5.0055,1.574,2.0256,5.0072,1.5747,2.0591,5.0333,1.7074,2.3241,4.9046,1.4745,2.0139,4.8893,1.4721,2.0565,5.1026,0.068732,2.0791,4.829,0.064711,2.2793,5.0952,0.064683,2.2136,4.821,0.0643
2.1446,5.0968,1.7446,2.1377,4.985,1.7621,2.2835,5.0059,1.5741,2.025,5.0075,1.575,2.0586,5.0334,1.7076,2.3234,4.905,1.4744,2.0132,4.8898,1.4722,2.0565,5.1026,0.068765,2.079,4.829,0.064684,2.2794,5.0951,0.064698,2.2136,4.8209,0.064324
2.1442,5.0969,1.7448,2.1373,4.9851,1.7622,2.2829,5.0063,1.5741,2.0243,5.0076,1.5752,2.0582,5.0334,1.7079,2.3227,4.9055,1.4743,2.0125,4.8901,1.4723,2.0565,5.1026,0.068707,2.079,4.8289,0.064614,2.2794,5.0951,0.064743,2.2136,4.8209,0.063879
2.1437,5.0971,1.7451,2.1367,4.9852,1.7623,2.2822,5.0066,1.5741,2.0236,5.0078,1.5754,2.0577,5.0335,1.708,2.322,4.9059,1.4742,2.0118,4.8905,1.4725,2.0565,5.1025,0.068732,2.079,4.8289,0.06456,2.2794,5.0951,0.064766,2.2135,4.8209,0.063843
2.1436,5.0969,1.7449,2.1363,4.9853,1.7625,2.2816,5.0069,1.5741,2.0229,5.008,1.5757,2.0572,5.0336,1.7082,2.3214,4.9062,1.4741,2.0112,4.8909,1.4727,2.0565,5.1025,0.068777,2.0789,4.8288,0.064532,2.2794,5.0951,0.06479,2.2136,4.8209,0.063833
2.1432,5.097,1.745,2.1359,4.9854,1.7625,2.281,5.0073,1.5741,2.0224,5.0081,1.576,2.0566,5.0337,1.7085,2.3208,4.9066,1.474,2.0107,4.8912,1.4728,2.0565,5.1024,0.068785,2.0789,4.8288,0.06445,2.2794,5.0951,0.064851,2.2135,4.8209,0.063821
2.1423,5.0973,1.7456,2.1355,4.9854,1.7626,2.2805,5.0076,1.5741,2.0218,5.0085,1.5761,2.0561,5.0337,1.7087,2.3201,4.9069,1.4739,2.01,4.8916,1.473,2.0565,5.1024,0.068798,2.0788,4.8287,0.064396,2.2794,5.095,0.064842,2.2135,4.8208,0.063859
2.1417,5.0974,1.7457,2.1351,4.9855,1.7627,2.28,5.0079,1.5741,2.0213,5.0087,1.5763,2.0556,5.0338,1.7088,2.3193,4.9071,1.4737,2.0092,4.892,1.4731,2.0565,5.1024,0.068836,2.0788,4.8287,0.064317,2.2794,5.095,0.06487,2.2136,4.8208,0.06384
2.1412,5.0975,1.7459,2.1347,4.9856,1.7628,2.2794,5.0082,1.5741,2.0208,5.0088,1.5765,2.055,5.0339,1.709,2.3187,4.9072,1.4736,2.0086,4.8925,1.4732,2.0565,5.1023,0.068913,2.0787,4.8286,0.064302,2.2794,5.095,0.064906,2.2136,4.8208,0.063822
2.1411,5.0974,1.7456,2.1343,4.9856,1.7628,2.2789,5.0085,1.574,2.0202,5.0091,1.5767,2.0546,5.034,1.7092,2.318,4.9074,1.4735,2.0079,4.893,1.4734,2.0565,5.1022,0.068951,2.0787,4.8277,0.06475,2.2795,5.0949,0.064969,2.2136,4.8208,0.063754
2.1403,5.0976,1.7461,2.1339,4.9857,1.7628,2.2784,5.0087,1.574,2.0197,5.0094,1.5768,2.0541,5.0342,1.7093,2.3173,4.9077,1.4733,2.0073,4.8932,1.4735,2.0565,5.1021,0.069001,2.0786,4.8276,0.064695,2.2795,5.0949,0.065004,2.2136,4.8209,0.063681
2.1403,5.0975,1.7458,2.1335,4.9858,1.7629,2.2778,5.0088,1.5739,2.019,5.0098,1.577,2.0537,5.0344,1.7094,2.3166,4.9078,1.4732,2.0067,4.8936,1.4736,2.0567,5.1018,0.069267,2.0785,4.8275,0.064612,2.2795,5.0949,0.065022,2.2136,4.8209,0.063705
2.14,5.0976,1.746,2.1331,4.9858,1.7629,2.2771,5.0089,1.5739,2.0185,5.01,1.5772,2.0534,5.0346,1.7096,2.3159,4.908,1.4731,2.006,4.894,1.4736,2.0565,5.102,0.069182,2.0783,4.8274,0.064596,2.2795,5.0949,0.065081,2.2137,4.8208,0.063793
2.1393,5.0979,1.7465,2.1327,4.9859,1.763,2.2766,5.009,1.5739,2.018,5.0101,1.5773,2.053,5.0347,1.7097,2.3154,4.9081,1.473,2.0054,4.8944,1.4737,2.0565,5.1019,0.069251,2.0782,4.8273,0.064555,2.2796,5.0948,0.0651,2.2137,4.8209,0.063662
2.139,5.098,1.7466,2.1322,4.986,1.763,2.276,5.0091,1.5738,2.0175,5.0103,1.5774,2.0526,5.0349,1.7099,2.3147,4.9082,1.4728,2.0047,4.8948,1.4737,2.0567,5.1016,0.069499,2.0781,4.8273,0.064539,2.2796,5.0948,0.065163,2.2137,4.8209,0.063603
2.139,5.0978,1.7463,2.1318,4.9861,1.7631,2.2755,5.0091,1.5738,2.017,5.0106,1.5775,2.0522,5.0351,1.71,2.314,4.9082,1.4727,2.004,4.8951,1.4738,2.0567,5.1015,0.069583,2.0781,4.8273,0.064434,2.2796,5.0948,0.065205,2.2136,4.8209,0.063544
2.1387,5.0979,1.7464,2.1314,4.9861,1.7631,2.275,5.0092,1.5738,2.0166,5.0111,1.5775,2.0518,5.0353,1.7101,2.3134,4.9083,1.4726,2.0033,4.8956,1.4739,2.0567,5.1015,0.069645,2.078,4.8273,0.064394,2.2796,5.0947,0.065263,2.2136,4.8209,0.063525
2.1384,5.098,1.7465,2.131,4.9862,1.7631,2.2747,5.0093,1.5738,2.0161,5.0113,1.5776,2.0514,5.0354,1.7102,2.3128,4.9084,1.4726,2.0026,4.896,1.4739,2.0567,5.1014,0.069682,2.078,4.8272,0.064443,2.2796,5.0947,0.065248,2.2136,4.8209,0.063524
2.1381,5.098,1.7466,2.1306,4.9862,1.7631,2.2742,5.0094,1.5737,2.0156,5.0116,1.5777,2.051,5.0356,1.7103,2.3122,4.9085,1.4725,2.002,4.8965,1.4739,2.0567,5.1014,0.069698,2.078,4.8272,0.064366,2.2796,5.0947,0.065294,2.2137,4.8208,0.063532
2.1378,5.098,1.7467,2.1301,4.9863,1.7631,2.2738,5.0094,1.5737,2.0151,5.0119,1.5778,2.0505,5.0358,1.7104,2.3116,4.9086,1.4724,2.0015,4.897,1.4738,2.0568,5.1014,0.069731,2.078,4.8272,0.064551,2.2796,5.0947,0.06531,2.2137,4.8208,0.063441
2.1375,5.098,1.7468,2.1297,4.9862,1.7631,2.2733,5.0094,1.5737,2.0146,5.0123,1.5779,2.0501,5.0359,1.7105,2.3111,4.9087,1.4723,2.0009,4.8973,1.4738,2.0568,5.1014,0.06975,2.0779,4.8272,0.064358,2.2796,5.0946,0.065316,2.2137,4.8208,0.063466
2.1372,5.0981,1.7469,2.1292,4.9862,1.7631,2.2729,5.0095,1.5737,2.0142,5.0127,1.5779,2.0497,5.0361,1.7106,2.3104,4.9087,1.4722,2.0003,4.8977,1.4738,2.0568,5.1013,0.06976,2.0779,4.8272,0.064349,2.2796,5.0946,0.065371,2.2137,4.8208,0.063481
2.1366,5.0981,1.7469,2.1288,4.9862,1.7631,2.2725,5.0095,1.5737,2.0138,5.0131,1.578,2.0493,5.0363,1.7107,2.3097,4.9088,1.4721,1.9997,4.8983,1.4738,2.0568,5.1013,0.069783,2.0779,4.8272,0.0645,2.2796,5.0946,0.065409,2.2137,4.8208,0.063386
2.1363,5.0981,1.747,2.1284,4.9862,1.7631,2.272,5.0096,1.5737,2.0132,5.0134,1.5781,2.0491,5.0365,1.7108,2.3091,4.9088,1.472,1.999,4.8988,1.4738,2.0568,5.1013,0.06981,2.0779,4.8271,0.064316,2.2797,5.0946,0.065449,2.2137,4.8209,0.063317
2.136,5.0982,1.7471,2.128,4.9863,1.7631,2.2716,5.0096,1.5737,2.0128,5.0138,1.5782,2.0487,5.0367,1.7109,2.3084,4.9089,1.4719,1.9983,4.8994,1.4738,2.0568,5.1013,0.069815,2.0779,4.8272,0.064274,2.2797,5.0945,0.065461,2.2138,4.8209,0.063328
2.1357,5.0983,1.7472,2.1276,4.9863,1.7632,2.2711,5.0097,1.5737,2.0125,5.0142,1.5783,2.0484,5.0369,1.711,2.3079,4.909,1.4719,1.9977,4.8998,1.4738,2.0568,5.1013,0.069841,2.0779,4.8272,0.064257,2.2797,5.0945,0.065542,2.2138,4.8209,0.063292
2.1354,5.0984,1.7473,2.1272,4.9863,1.7632,2.2706,5.0098,1.5737,2.0121,5.0147,1.5784,2.0481,5.0372,1.7111,2.3073,4.909,1.4719,1.9972,4.9002,1.4739,2.0568,5.1013,0.069889,2.0778,4.8272,0.064306,2.2797,5.0945,0.065537,2.2138,4.8209,0.063251
2.1352,5.0985,1.7475,2.1268,4.9865,1.7633,2.2701,5.0098,1.5737,2.0117,5.0151,1.5785,2.0477,5.0374,1.7112,2.3067,4.9091,1.4719,1.9966,4.9007,1.4739,2.0568,5.1012,0.069899,2.0778,4.8272,0.064497,2.2797,5.0945,0.065558,2.2138,4.8209,0.063277
2.1349,5.0987,1.7476,2.1264,4.9866,1.7633,2.2696,5.0099,1.5738,2.0113,5.0157,1.5786,2.0474,5.0378,1.7113,2.3062,4.9092,1.4719,1.996,4.9012,1.474,2.0568,5.1013,0.06989,2.0778,4.8272,0.064465,2.2797,5.0945,0.065579,2.2138,4.8209,0.06326
2.1346,5.0989,1.7477,2.126,4.9868,1.7634,2.2693,5.01,1.5738,2.0109,5.0161,1.5787,2.0471,5.0381,1.7115,2.3056,4.9094,1.4719,1.9953,4.9018,1.474,2.0569,5.1012,0.069907,2.0778,4.8272,0.064458,2.2797,5.0945,0.065597,2.2138,4.8208,0.063293
2.1344,5.0991,1.7479,2.1256,4.987,1.7634,2.2689,5.0101,1.5738,2.0104,5.0166,1.5788,2.0468,5.0385,1.7116,2.3049,4.9095,1.4719,1.9946,4.9022,1.4741,2.0569,5.1012,0.069918,2.0778,4.8272,0.064439,2.2797,5.0945,0.065619,2.2138,4.8209,0.06331
2.1342,5.0993,1.748,2.1252,4.9873,1.7635,2.2685,5.0102,1.5738,2.0097,5.0174,1.5788,2.0464,5.0388,1.7117,2.3043,4.9097,1.4719,1.994,4.9027,1.4742,2.0569,5.1012,0.069946,2.0778,4.8272,0.064444,2.2797,5.0945,0.065618,2.2138,4.8207,0.063352
2.134,5.0995,1.7481,2.1248,4.9875,1.7635,2.2682,5.0103,1.5738,2.0092,5.0177,1.5789,2.046,5.039,1.7118,2.3036,4.9097,1.4719,1.9934,4.9032,1.4742,2.0569,5.1012,0.069945,2.0778,4.8271,0.064243,2.2797,5.0945,0.065617,2.2138,4.8208,0.063351
2.1337,5.0997,1.7481,2.1245,4.9877,1.7635,2.2677,5.0104,1.5738,2.0086,5.018,1.5791,2.0456,5.0393,1.7118,2.303,4.9098,1.4719,1.9929,4.9037,1.4743,2.0569,5.1012,0.069936,2.0778,4.8271,0.064436,2.2797,5.0945,0.065671,2.2138,4.8209,0.063279
2.1335,5.0999,1.7483,2.1241,4.9879,1.7636,2.2673,5.0105,1.5737,2.0083,5.0184,1.5792,2.0453,5.0396,1.7119,2.3023,4.9099,1.4718,1.9922,4.9042,1.4744,2.0569,5.1012,0.069955,2.0777,4.8272,0.064395,2.2797,5.0945,0.065596,2.2138,4.8209,0.063249
2.1332,5.1,1.7484,2.1237,4.9881,1.7636,2.2669,5.0107,1.5737,2.0079,5.0188,1.5792,2.0449,5.0399,1.7119,2.3018,4.9101,1.4719,1.9918,4.9048,1.4743,2.0569,5.1012,0.06996,2.0777,4.8272,0.064404,2.2797,5.0945,0.065625,2.2138,4.8209,0.063267
2.133,5.1002,1.7484,2.1234,4.9883,1.7636,2.2665,5.0109,1.5737,2.0076,5.0194,1.5793,2.0446,5.0403,1.712,2.3013,4.9103,1.4719,1.9912,4.9054,1.4743,2.0569,5.1011,0.069945,2.0777,4.8272,0.064422,2.2797,5.0945,0.065631,2.2138,4.8208,0.063278
2.1328,5.1004,1.7485,2.123,4.9884,1.7636,2.266,5.0109,1.5736,2.0073,5.02,1.5792,2.0443,5.0406,1.712,2.3008,4.9104,1.4719,1.9906,4.9059,1.4743,2.0569,5.1011,0.069959,2.0776,4.8272,0.06445,2.2797,5.0945,0.065579,2.2139,4.821,0.063597
2.1325,5.1006,1.7485,2.1226,4.9886,1.7636,2.2656,5.0111,1.5736,2.007,5.0205,1.5791,2.044,5.041,1.712,2.3003,4.9106,1.4718,1.99,4.9064,1.4743,2.0569,5.1011,0.069937,2.0776,4.8272,0.064453,2.2797,5.0945,0.065615,2.2138,4.8208,0.0633
2.1322,5.1008,1.7485,2.1221,4.9889,1.7635,2.2652,5.0111,1.5736,2.0067,5.021,1.5791,2.0436,5.0414,1.712,2.2997,4.9106,1.4717,1.9894,4.9069,1.4743,2.0569,5.1011,0.069961,2.0776,4.8272,0.064423,2.2797,5.0945,0.065611,2.2138,4.8208,0.063352
2.1319,5.1011,1.7485,2.1217,4.9891,1.7635,2.2647,5.0113,1.5735,2.0063,5.0214,1.5791,2.0433,5.0417,1.712,2.2992,4.9108,1.4717,1.9889,4.9074,1.4742,2.0569,5.1011,0.069956,2.0776,4.8271,0.064453,2.2797,5.0945,0.065578,2.2139,4.8208,0.063286
2.1315,5.1014,1.7485,2.1212,4.9894,1.7634,2.2643,5.0114,1.5735,2.0058,5.0218,1.5791,2.0429,5.042,1.7119,2.2986,4.911,1.4716,1.9883,4.9079,1.4742,2.057,5.1011,0.069952,2.0776,4.8272,0.064432,2.2797,5.0945,0.065563,2.2138,4.8209,0.063255
2.1312,5.1017,1.7485,2.1208,4.9897,1.7634,2.2639,5.0117,1.5734,2.0053,5.0222,1.5791,2.0426,5.0424,1.7119,2.2981,4.9111,1.4716,1.9878,4.9084,1.4741,2.057,5.1011,0.069961,2.0776,4.8272,0.064238,2.2797,5.0945,0.065538,2.2139,4.8208,0.063456
2.1309,5.102,1.7484,2.1203,4.99,1.7633,2.2635,5.0118,1.5734,2.0047,5.0227,1.5791,2.0421,5.0429,1.7118,2.2975,4.9112,1.4715,1.9873,4.9088,1.474,2.057,5.1011,0.069969,2.0776,4.8271,0.064419,2.2797,5.0945,0.065517,2.2139,4.8209,0.063319
2.1306,5.1024,1.7484,2.1198,4.9903,1.7633,2.2631,5.012,1.5733,2.0043,5.0232,1.579,2.0417,5.0433,1.7118,2.297,4.9113,1.4715,1.9868,4.9091,1.4739,2.057,5.1011,0.06997,2.0776,4.8272,0.064385,2.2797,5.0945,0.065523,2.2138,4.8209,0.063333
2.1303,5.1027,1.7483,2.1194,4.9906,1.7633,2.2627,5.0121,1.5733,2.0039,5.0237,1.579,2.0413,5.0437,1.7118,2.2965,4.9114,1.4715,1.9863,4.9096,1.4739,2.057,5.1011,0.069985,2.0776,4.8272,0.064377,2.2797,5.0945,0.065518,2.2138,4.8209,0.063351
2.13,5.103,1.7483,2.119,4.991,1.7632,2.2623,5.0123,1.5732,2.0036,5.0242,1.579,2.0409,5.0441,1.7118,2.296,4.9116,1.4715,1.9857,4.91,1.4738,2.057,5.1011,0.069971,2.0776,4.8271,0.064416,2.2797,5.0946,0.065546,2.2138,4.8209,0.063387
2.1297,5.1034,1.7483,2.1186,4.9913,1.7632,2.2619,5.0124,1.5732,2.0033,5.0247,1.5789,2.0406,5.0445,1.7117,2.2956,4.9118,1.4715,1.9852,4.9104,1.4737,2.057,5.1011,0.069976,2.0776,4.8272,0.064178,2.2797,5.0946,0.065475,2.2138,4.8208,0.063422
2.1294,5.1037,1.7483,2.1182,4.9916,1.7632,2.2616,5.0126,1.5732,2.003,5.0251,1.5789,2.0403,5.0449,1.7117,2.2951,4.912,1.4714,1.9847,4.9108,1.4737,2.057,5.1011,0.069957,2.0776,4.8272,0.06436,2.2797,5.0946,0.065487,2.2138,4.8209,0.063413
2.1291,5.104,1.7483,2.1178,4.9919,1.7632,2.2612,5.0128,1.5732,2.0027,5.0255,1.5789,2.0399,5.0454,1.7117,2.2946,4.9122,1.4713,1.9842,4.9111,1.4736,2.057,5.1011,0.069976,2.0776,4.8271,0.064416,2.2797,5.0946,0.065456,2.2138,4.8209,0.063381
2.1288,5.1043,1.7482,2.1174,4.9922,1.7632,2.2607,5.0129,1.5732,2.0024,5.0258,1.5789,2.0396,5.0458,1.7117,2.2942,4.9124,1.4713,1.9837,4.9115,1.4736,2.057,5.1011,0.069973,2.0776,4.8271,0.064418,2.2797,5.0946,0.065479,2.2138,4.8209,0.063466
2.1286,5.1046,1.7482,2.117,4.9925,1.7632,2.2603,5.0131,1.5732,2.002,5.0262,1.5789,2.0393,5.0462,1.7117,2.2938,4.9126,1.4713,1.9833,4.9119,1.4735,2.057,5.1011,0.069975,2.0776,4.8271,0.064425,2.2797,5.0946,0.065428,2.2138,4.8209,0.063412
2.1283,5.1048,1.7482,2.1167,4.9928,1.7632,2.26,5.0133,1.5732,2.0015,5.0266,1.5789,2.039,5.0465,1.7117,2.2934,4.9129,1.4713,1.9828,4.9123,1.4735,2.057,5.1011,0.069953,2.0776,4.8272,0.064364,2.2797,5.0946,0.065444,2.2138,4.8208,0.0635
2.128,5.1051,1.7483,2.1163,4.9931,1.7632,2.2596,5.0134,1.5732,2.001,5.0269,1.579,2.0387,5.0468,1.7117,2.2929,4.9131,1.4713,1.9824,4.9126,1.4734,2.057,5.1011,0.069965,2.0776,4.8272,0.064377,2.2797,5.0946,0.065427,2.2138,4.8208,0.063543
2.1277,5.1054,1.7483,2.1158,4.9935,1.7632,2.2592,5.0136,1.5732,2.0006,5.0272,1.579,2.0383,5.0472,1.7117,2.2924,4.9134,1.4713,1.982,4.9129,1.4734,2.057,5.1011,0.069966,2.0776,4.8271,0.064408,2.2797,5.0946,0.065416,2.2138,4.8209,0.063535
2.1274,5.1057,1.7483,2.1154,4.9938,1.7632,2.2588,5.0138,1.5733,2.0002,5.0276,1.579,2.0379,5.0475,1.7116,2.292,4.9137,1.4713,1.9816,4.9133,1.4733,2.0569,5.1011,0.069965,2.0776,4.8271,0.06442,2.2797,5.0946,0.065407,2.2138,4.8209,0.063554
2.127,5.106,1.7484,2.115,4.994,1.7632,2.2586,5.0141,1.5733,1.9998,5.0279,1.579,2.0375,5.0478,1.7117,2.2916,4.914,1.4713,1.9812,4.9136,1.4733,2.0569,5.1011,0.069965,2.0777,4.8271,0.064246,2.2797,5.0947,0.065402,2.2138,4.8209,0.063623
2.1266,5.1062,1.7484,2.1146,4.9943,1.7632,2.2582,5.0144,1.5733,1.9995,5.0284,1.5789,2.037,5.048,1.7117,2.2913,4.9143,1.4713,1.9808,4.914,1.4732,2.0569,5.1011,0.06994,2.0777,4.8272,0.064393,2.2796,5.0947,0.06538,2.2137,4.8208,0.063578
2.1263,5.1064,1.7484,2.1143,4.9945,1.7632,2.2579,5.0146,1.5732,1.9992,5.0289,1.5789,2.0366,5.0483,1.7117,2.2909,4.9145,1.4713,1.9804,4.9144,1.4731,2.0569,5.1011,0.069903,2.0777,4.8272,0.064386,2.2796,5.0947,0.065393,2.2138,4.8211,0.063901
2.1259,5.1067,1.7484,2.1139,4.9947,1.7632,2.2574,5.015,1.5732,1.9989,5.0292,1.5788,2.0363,5.0485,1.7117,2.2905,4.9148,1.4713,1.98,4.9148,1.4731,2.0569,5.1011,0.06988,2.0777,4.8271,0.064463,2.2796,5.0947,0.065391,2.2137,4.8208,0.063691
2.1255,5.1069,1.7485,2.1136,4.9949,1.7632,2.2571,5.0154,1.5732,1.9986,5.0295,1.5788,2.036,5.0488,1.7117,2.2902,4.9152,1.4713,1.9797,4.9152,1.473,2.0569,5.1012,0.069874,2.0777,4.8271,0.064416,2.2796,5.0947,0.065369,2.2137,4.8208,0.06368
2.1251,5.1071,1.7485,2.1133,4.9951,1.7632,2.2568,5.0157,1.5732,1.9984,5.0298,1.5788,2.0356,5.0491,1.7117,2.2899,4.9156,1.4712,1.9793,4.9156,1.473,2.0569,5.1011,0.069866,2.0777,4.8271,0.064429,2.2796,5.0947,0.065364,2.2137,4.8208,0.063696
2.1249,5.1074,1.7485,2.113,4.9953,1.7631,2.2565,5.0161,1.5732,1.9981,5.0301,1.5788,2.0354,5.0494,1.7117,2.2896,4.9159,1.4712,1.9791,4.9159,1.473,2.0569,5.1011,0.069904,2.0777,4.8271,0.064257,2.2796,5.0948,0.065372,2.2137,4.8207,0.063778
2.1245,5.1076,1.7486,2.1126,4.9955,1.7631,2.2561,5.0163,1.5732,1.9978,5.0305,1.5788,2.0351,5.0497,1.7117,2.2892,4.9162,1.4711,1.9788,4.9163,1.4729,2.0569,5.1011,0.069891,2.0776,4.8271,0.064409,2.2796,5.0947,0.065313,2.2137,4.8207,0.063762
2.1242,5.1078,1.7486,2.1123,4.9958,1.7631,2.2558,5.0166,1.5732,1.9975,5.0309,1.5787,2.0348,5.0499,1.7118,2.289,4.9167,1.4712,1.9785,4.9166,1.4729,2.0569,5.1011,0.069885,2.0776,4.8271,0.064412,2.2796,5.0947,0.065337,2.2137,4.8208,0.063742
2.124,5.108,1.7486,2.1119,4.9961,1.7632,2.2555,5.017,1.5732,1.9971,5.0313,1.5788,2.0345,5.0502,1.7117,2.2887,4.917,1.4712,1.9782,4.917,1.4728,2.0569,5.1011,0.069894,2.0776,4.8271,0.064378,2.2796,5.0947,0.065327,2.2137,4.8208,0.063776
2.1237,5.1084,1.7487,2.1116,4.9964,1.7632,2.2552,5.0173,1.5732,1.9967,5.0315,1.5789,2.0342,5.0505,1.7117,2.2884,4.9173,1.4712,1.9778,4.9174,1.4728,2.0569,5.1011,0.069887,2.0776,4.827,0.064429,2.2796,5.0948,0.065348,2.2137,4.8209,0.063679
2.1234,5.1086,1.7487,2.1113,4.9967,1.7632,2.2548,5.0176,1.5732,1.9964,5.0318,1.579,2.0339,5.0508,1.7118,2.2881,4.9176,1.4712,1.9775,4.9178,1.4728,2.0569,5.1011,0.069886,2.0776,4.8271,0.064436,2.2796,5.0948,0.065337,2.2137,4.8209,0.063757
2.1232,5.1089,1.7488,2.111,4.997,1.7632,2.2545,5.0179,1.5732,1.9961,5.032,1.579,2.0335,5.0512,1.7118,2.2878,4.9179,1.4713,1.9772,4.9182,1.4727,2.0569,5.1011,0.069905,2.0776,4.8271,0.064397,2.2796,5.0948,0.065344,2.2138,4.8208,0.06376
2.1229,5.1092,1.7488,2.1107,4.9974,1.7631,2.2542,5.0182,1.5732,1.9958,5.0324,1.5789,2.0332,5.0515,1.7117,2.2875,4.9183,1.4713,1.9769,4.9186,1.4727,2.0569,5.1011,0.069924,2.0776,4.8271,0.06436,2.2796,5.0948,0.06534,2.2138,4.8209,0.063746
2.1226,5.1096,1.7488,2.1104,4.9977,1.7631,2.254,5.0185,1.5732,1.9956,5.0328,1.579,2.0329,5.0518,1.7118,2.2872,4.9186,1.4713,1.9767,4.919,1.4727,2.0569,5.1011,0.069921,2.0776,4.8271,0.064404,2.2797,5.0948,0.065321,2.2138,4.8208,0.063734
2.1223,5.1099,1.7488,2.1102,4.998,1.7632,2.2537,5.0189,1.5733,1.9954,5.0332,1.5789,2.0326,5.0522,1.7118,2.2869,4.9189,1.4713,1.9764,4.9194,1.4727,2.0568,5.1011,0.069951,2.0776,4.8271,0.064398,2.2797,5.0948,0.065363,2.2138,4.8209,0.063742
2.122,5.1102,1.7489,2.1099,4.9983,1.7631,2.2534,5.0192,1.5733,1.9951,5.0337,1.5789,2.0323,5.0525,1.7118,2.2868,4.9193,1.4714,1.9762,4.9198,1.4727,2.0569,5.1011,0.069949,2.0776,4.8271,0.064389,2.2797,5.0948,0.06533,2.2138,4.821,0.063684
2.1218,5.1106,1.7489,2.1096,4.9986,1.7631,2.2532,5.0195,1.5734,1.995,5.0341,1.5788,2.032,5.0529,1.7118,2.2866,4.9196,1.4715,1.976,4.9201,1.4727,2.0568,5.101,0.069954,2.0776,4.8271,0.064377,2.2796,5.0948,0.065358,2.2138,4.8208,0.063754
2.1215,5.111,1.7489,2.1094,4.999,1.7631,2.253,5.0199,1.5734,1.9949,5.0346,1.5787,2.0318,5.0533,1.7117,2.2864,4.9199,1.4715,1.9758,4.9205,1.4727,2.0569,5.1011,0.069937,2.0776,4.8271,0.06441,2.2796,5.0948,0.065349,2.2137,4.8208,0.063751
2.1212,5.1113,1.7489,2.1091,4.9993,1.7631,2.2528,5.0202,1.5734,1.9948,5.0351,1.5787,2.0316,5.0537,1.7117,2.2862,4.9202,1.4716,1.9756,4.921,1.4727,2.0568,5.101,0.069968,2.0776,4.8271,0.064425,2.2797,5.0947,0.065338,2.2137,4.8208,0.063734
2.121,5.1117,1.7489,2.1089,4.9997,1.7631,2.2527,5.0206,1.5735,1.9946,5.0355,1.5787,2.0314,5.0541,1.7117,2.286,4.9206,1.4717,1.9754,4.9214,1.4727,2.0569,5.101,0.069948,2.0776,4.8271,0.064392,2.2796,5.0947,0.065326,2.2137,4.8209,0.063691
2.1208,5.1121,1.7489,2.1087,5.0001,1.763,2.2525,5.021,1.5735,1.9944,5.0359,1.5786,2.0313,5.0545,1.7117,2.2858,4.921,1.4717,1.9753,4.9218,1.4727,2.0569,5.1011,0.069967,2.0776,4.8271,0.064149,2.2796,5.0948,0.06535,2.2137,4.8209,0.063743
2.1206,5.1124,1.7489,2.1085,5.0005,1.763,2.2523,5.0214,1.5735,1.9942,5.0363,1.5786,2.0311,5.0549,1.7116,2.2856,4.9214,1.4718,1.9751,4.9222,1.4726,2.0569,5.101,0.06996,2.0776,4.8271,0.064395,2.2797,5.0947,0.065353,2.2137,4.8209,0.063741
2.1205,5.1128,1.7489,2.1082,5.0008,1.763,2.2522,5.0218,1.5736,1.994,5.0368,1.5785,2.0309,5.0554,1.7116,2.2855,4.9218,1.4719,1.975,4.9226,1.4726,2.0569,5.101,0.069978,2.0776,4.8271,0.064363,2.2796,5.0948,0.065373,2.2137,4.8208,0.063767
2.1203,5.1132,1.7488,2.108,5.0013,1.763,2.2521,5.0222,1.5736,1.9938,5.0372,1.5785,2.0308,5.0558,1.7115,2.2854,4.9221,1.4719,1.9749,4.923,1.4726,2.0569,5.101,0.069973,2.0776,4.8271,0.064206,2.2796,5.0947,0.065341,2.2137,4.8208,0.063698
2.1202,5.1137,1.7488,2.1079,5.0017,1.763,2.252,5.0226,1.5736,1.9936,5.0377,1.5784,2.0306,5.0562,1.7115,2.2853,4.9225,1.472,1.9748,4.9234,1.4726,2.0569,5.101,0.069943,2.0776,4.8271,0.064361,2.2796,5.0947,0.065348,2.2137,4.8208,0.063786
2.12,5.1141,1.7488,2.1077,5.0022,1.7629,2.2519,5.0231,1.5737,1.9935,5.0381,1.5784,2.0304,5.0567,1.7114,2.2852,4.9229,1.472,1.9747,4.9238,1.4725,2.0569,5.1011,0.06994,2.0776,4.8271,0.064352,2.2796,5.0947,0.06534,2.2137,4.8207,0.063777
2.1199,5.1146,1.7487,2.1074,5.0027,1.7629,2.2517,5.0234,1.5737,1.9933,5.0386,1.5783,2.0302,5.0571,1.7113,2.285,4.9233,1.4721,1.9745,4.9242,1.4725,2.0569,5.101,0.069946,2.0776,4.8271,0.064391,2.2796,5.0948,0.065369,2.2137,4.8207,0.063846
2.1197,5.115,1.7487,2.1072,5.0032,1.7629,2.2516,5.0238,1.5737,1.9931,5.039,1.5783,2.03,5.0576,1.7113,2.2849,4.9236,1.4721,1.9744,4.9246,1.4725,2.0569,5.1011,0.069939,2.0777,4.827,0.06427,2.2796,5.0947,0.065318,2.2137,4.8208,0.063789
2.1196,5.1155,1.7486,2.107,5.0037,1.7628,2.2515,5.0242,1.5737,1.993,5.0394,1.5782,2.0299,5.058,1.7112,2.2848,4.924,1.4722,1.9744,4.9249,1.4725,2.0569,5.1011,0.069924,2.0777,4.827,0.064246,2.2796,5.0947,0.065333,2.2137,4.8209,0.063691
2.1194,5.116,1.7485,2.1069,5.0042,1.7628,2.2514,5.0246,1.5737,1.9928,5.0398,1.5781,2.0297,5.0585,1.7112,2.2848,4.9244,1.4723,1.9743,4.9252,1.4724,2.0569,5.1011,0.069919,2.0777,4.827,0.064247,2.2796,5.0947,0.06533,2.2137,4.8208,0.063803
2.1193,5.1165,1.7484,2.1067,5.0047,1.7628,2.2513,5.025,1.5737,1.9927,5.0401,1.5781,2.0295,5.0589,1.7111,2.2847,4.9246,1.4723,1.9742,4.9256,1.4724,2.0569,5.1011,0.06989,2.0777,4.8271,0.064216,2.2796,5.0947,0.06534,2.2137,4.8208,0.063702
2.1192,5.117,1.7483,2.1066,5.0051,1.7628,2.2513,5.0254,1.5738,1.9926,5.0405,1.578,2.0294,5.0594,1.711,2.2847,4.925,1.4724,1.9742,4.926,1.4724,2.0569,5.101,0.069899,2.0777,4.8271,0.064279,2.2796,5.0947,0.065352,2.2137,4.8207,0.063817
2.119,5.1175,1.7482,2.1066,5.0056,1.7627,2.2512,5.0258,1.5738,1.9925,5.0408,1.5779,2.0292,5.0599,1.7109,2.2847,4.9253,1.4725,1.9742,4.9263,1.4724,2.0569,5.1011,0.069893,2.0777,4.8271,0.064241,2.2797,5.0947,0.065353,2.2137,4.8208,0.063792
2.1188,5.118,1.7481,2.1065,5.0061,1.7627,2.2512,5.0266,1.5742,1.9925,5.0412,1.5778,2.0291,5.0603,1.7108,2.2847,4.9256,1.4725,1.9741,4.9267,1.4723,2.0569,5.1011,0.06988,2.0777,4.8271,0.064261,2.2797,5.0947,0.065312,2.2137,4.8208,0.063764
2.1187,5.1185,1.748,2.1063,5.0065,1.7626,2.2512,5.0269,1.5742,1.9925,5.0415,1.5777,2.029,5.0608,1.7107,2.2846,4.9259,1.4725,1.9741,4.927,1.4723,2.0569,5.1011,0.069869,2.0777,4.8271,0.064233,2.2797,5.0947,0.065321,2.2137,4.8209,0.063641
2.1186,5.1189,1.7479,2.1062,5.007,1.7626,2.2511,5.0273,1.5742,1.9924,5.0419,1.5776,2.029,5.0612,1.7106,2.2846,4.9262,1.4726,1.9741,4.9274,1.4723,2.0569,5.1011,0.069906,2.0777,4.8271,0.06424,2.2797,5.0947,0.065326,2.2137,4.8208,0.063666
2.1185,5.1194,1.7479,2.1061,5.0074,1.7626,2.2511,5.0276,1.5742,1.9925,5.0424,1.5774,2.0289,5.0616,1.7105,2.2846,4.9265,1.4726,1.9741,4.9277,1.4723,2.0569,5.101,0.069891,2.0777,4.827,0.06426,2.2797,5.0947,0.065368,2.2137,4.8208,0.063727
2.1184,5.1199,1.7478,2.106,5.0079,1.7625,2.251,5.028,1.5743,1.9924,5.0427,1.5773,2.0288,5.062,1.7104,2.2846,4.9268,1.4726,1.9741,4.9281,1.4722,2.0569,5.1011,0.069887,2.0777,4.8271,0.064463,2.2797,5.0947,0.065311,2.2137,4.8208,0.063724
2.1183,5.1203,1.7477,2.1059,5.0083,1.7625,2.2511,5.0283,1.5743,1.9925,5.0431,1.5773,2.0288,5.0625,1.7103,2.2846,4.9271,1.4727,1.9741,4.9284,1.4722,2.0569,5.1011,0.069885,2.0777,4.8271,0.064419,2.2797,5.0947,0.065305,2.2137,4.8209,0.063649
2.1183,5.1207,1.7477,2.1059,5.0087,1.7625,2.251,5.0287,1.5743,1.9925,5.0434,1.5772,2.0288,5.0629,1.7103,2.2846,4.9274,1.4727,1.9741,4.9287,1.4721,2.0569,5.1011,0.069877,2.0777,4.8271,0.064458,2.2797,5.0947,0.065281,2.2137,4.8209,0.063664
2.1183,5.1211,1.7476,2.1058,5.0091,1.7625,2.2511,5.029,1.5743,1.9926,5.0437,1.5771,2.0288,5.0632,1.7103,2.2847,4.9277,1.4728,1.9741,4.929,1.4721,2.0569,5.1011,0.069863,2.0777,4.8271,0.064288,2.2797,5.0947,0.065318,2.2137,4.8208,0.063715
2.1182,5.1215,1.7476,2.1058,5.0095,1.7625,2.2509,5.0336,1.5738,1.9926,5.0441,1.5771,2.0288,5.0637,1.7102,2.2847,4.928,1.4728,1.9742,4.9294,1.4721,2.0569,5.1011,0.069844,2.0777,4.8271,0.064483,2.2797,5.0947,0.065291,2.2137,4.8209,0.063618
2.1183,5.1219,1.7476,2.1058,5.0099,1.7625,2.2509,5.0343,1.5737,1.9927,5.0444,1.577,2.0288,5.064,1.7102,2.2847,4.9283,1.4728,1.9743,4.9297,1.4721,2.0569,5.1011,0.069826,2.0777,4.8271,0.064259,2.2797,5.0947,0.065296,2.2137,4.8209,0.063603
2.1183,5.1222,1.7476,2.1058,5.0103,1.7625,2.251,5.0346,1.5737,1.9927,5.0448,1.577,2.0288,5.0644,1.7102,2.2848,4.9287,1.4729,1.9743,4.9301,1.4721,2.0569,5.1011,0.069823,2.0777,4.8271,0.0643,2.2797,5.0947,0.065252,2.2137,4.8209,0.063615
2.1183,5.1226,1.7476,2.1058,5.0106,1.7625,2.2512,5.0304,1.5743,1.9927,5.0451,1.577,2.0289,5.0648,1.7101,2.2848,4.929,1.4729,1.9743,4.9305,1.4721,2.0569,5.1011,0.069781,2.0777,4.8271,0.064311,2.2797,5.0947,0.065301,2.2137,4.8209,0.063609
2.1184,5.1229,1.7475,2.1058,5.011,1.7625,2.2512,5.0307,1.5744,1.9927,5.0455,1.577,2.0289,5.0651,1.7101,2.2849,4.9293,1.473,1.9743,4.9308,1.472,2.057,5.1012,0.069732,2.0778,4.8271,0.06434,2.2797,5.0947,0.065263,2.2137,4.8209,0.063607
2.1185,5.1233,1.7476,2.1058,5.0113,1.7625,2.2513,5.031,1.5743,1.9928,5.0458,1.577,2.029,5.0654,1.7101,2.285,4.9296,1.4731,1.9744,4.9312,1.472,2.0569,5.1012,0.069741,2.0778,4.8271,0.064349,2.2797,5.0947,0.065281,2.2138,4.8208,0.063786
2.1185,5.1236,1.7476,2.1058,5.0117,1.7625,2.2513,5.0313,1.5743,1.9928,5.0462,1.577,2.029,5.0658,1.7101,2.2851,4.93,1.4731,1.9744,4.9316,1.472,2.0569,5.1012,0.069725,2.0778,4.8271,0.064373,2.2797,5.0947,0.065264,2.2137,4.8209,0.06366
2.1186,5.1239,1.7476,2.1058,5.012,1.7625,2.2514,5.0316,1.5743,1.9929,5.0465,1.577,2.0291,5.0662,1.7101,2.2851,4.9304,1.4732,1.9745,4.9319,1.472,2.057,5.1012,0.069711,2.0778,4.8271,0.064378,2.2797,5.0947,0.065258,2.2137,4.8209,0.06372
2.1186,5.1243,1.7476,2.1058,5.0123,1.7625,2.2514,5.032,1.5744,1.9929,5.0469,1.577,2.0292,5.0665,1.7101,2.2852,4.9307,1.4733,1.9745,4.9323,1.4721,2.057,5.1011,0.069736,2.0778,4.8271,0.064377,2.2797,5.0947,0.065236,2.2137,4.8209,0.063668
2.1187,5.1246,1.7476,2.1059,5.0126,1.7625,2.2514,5.0323,1.5744,1.993,5.0472,1.577,2.0292,5.0668,1.7101,2.2852,4.931,1.4733,1.9746,4.9326,1.4721,2.057,5.1011,0.069696,2.0778,4.8272,0.064367,2.2797,5.0947,0.065238,2.2137,4.8209,0.063752
2.1187,5.1249,1.7476,2.1059,5.0129,1.7625,2.2515,5.0326,1.5744,1.9931,5.0476,1.577,2.0293,5.0671,1.7101,2.2853,4.9313,1.4734,1.9746,4.933,1.4721,2.057,5.1012,0.069696,2.0778,4.8271,0.064383,2.2796,5.0947,0.065233,2.2137,4.8209,0.063729
2.1188,5.1252,1.7476,2.1059,5.0133,1.7625,2.2515,5.0329,1.5744,1.9931,5.0479,1.577,2.0293,5.0675,1.7101,2.2854,4.9316,1.4734,1.9747,4.9333,1.4721,2.057,5.1012,0.06968,2.0778,4.8272,0.064374,2.2797,5.0947,0.065228,2.2137,4.8209,0.06376
2.1188,5.1255,1.7476,2.106,5.0136,1.7625,2.2516,5.0331,1.5745,1.9932,5.0482,1.577,2.0293,5.0678,1.7101,2.2855,4.9319,1.4735,1.9748,4.9337,1.4721,2.057,5.1012,0.069671,2.0778,4.8271,0.064428,2.2797,5.0947,0.065224,2.2137,4.8208,0.063781
2.1189,5.1258,1.7476,2.106,5.014,1.7625,2.2517,5.0334,1.5745,1.9933,5.0485,1.577,2.0294,5.0682,1.7101,2.2855,4.9322,1.4736,1.9748,4.934,1.4721,2.057,5.1012,0.06963,2.0778,4.8271,0.064443,2.2796,5.0947,0.065175,2.2138,4.8209,0.064197
2.1189,5.1261,1.7476,2.106,5.0143,1.7625,2.2517,5.0338,1.5745,1.9933,5.0489,1.577,2.0294,5.0685,1.7101,2.2856,4.9325,1.4737,1.9749,4.9343,1.4721,2.057,5.1012,0.069662,2.0778,4.8271,0.064431,2.2796,5.0947,0.065152,2.2137,4.8209,0.063778
2.119,5.1264,1.7476,2.106,5.0146,1.7625,2.2518,5.0341,1.5746,1.9934,5.0492,1.5769,2.0294,5.0688,1.7101,2.2856,4.9327,1.4737,1.975,4.9347,1.4721,2.057,5.1012,0.069625,2.0778,4.8271,0.064473,2.2796,5.0948,0.065176,2.2137,4.8209,0.063793
2.119,5.1267,1.7476,2.1061,5.0149,1.7624,2.2519,5.0344,1.5746,1.9935,5.0495,1.5769,2.0294,5.0692,1.71,2.2857,4.9329,1.4737,1.9751,4.935,1.4721,2.057,5.1012,0.069607,2.0779,4.8271,0.064499,2.2796,5.0947,0.065164,2.2137,4.8209,0.063774
2.119,5.1271,1.7476,2.1061,5.0152,1.7624,2.2519,5.0346,1.5746,1.9935,5.0499,1.5769,2.0294,5.0695,1.71,2.2857,4.9332,1.4738,1.9752,4.9354,1.4721,2.057,5.1012,0.069603,2.0778,4.8272,0.064431,2.2797,5.0947,0.065152,2.2138,4.8208,0.063896
2.1191,5.1274,1.7475,2.1061,5.0155,1.7624,2.252,5.0349,1.5745,1.9936,5.0501,1.5768,2.0295,5.0698,1.71,2.2857,4.9334,1.4738,1.9753,4.9357,1.4721,2.057,5.1012,0.0696,2.0778,4.8272,0.064485,2.2796,5.0947,0.065113,2.2138,4.8208,0.063861
2.1192,5.1277,1.7475,2.1061,5.0159,1.7624,2.2521,5.0351,1.5745,1.9937,5.0504,1.5768,2.0296,5.0701,1.7099,2.2858,4.9336,1.4738,1.9753,4.936,1.472,2.057,5.1012,0.06961,2.0778,4.8271,0.064467,2.2797,5.0948,0.065126,2.2137,4.8209,0.063802
2.1192,5.128,1.7475,2.1062,5.0162,1.7624,2.2521,5.0353,1.5745,1.9937,5.0507,1.5767,2.0296,5.0705,1.7099,2.2858,4.9338,1.4738,1.9754,4.9362,1.472,2.057,5.1013,0.069578,2.0778,4.8272,0.064448,2.2797,5.0948,0.06511,2.2138,4.8208,0.063891
2.1192,5.1283,1.7474,2.1062,5.0165,1.7624,2.2522,5.0356,1.5745,1.9938,5.051,1.5767,2.0296,5.0708,1.7099,2.2859,4.934,1.4738,1.9754,4.9365,1.472,2.057,5.1012,0.069589,2.0779,4.8271,0.064525,2.2796,5.0947,0.065102,2.2138,4.8209,0.063841
2.1193,5.1286,1.7474,2.1062,5.0168,1.7624,2.2522,5.0358,1.5745,1.9938,5.0513,1.5766,2.0297,5.0711,1.7098,2.2859,4.9341,1.4739,1.9755,4.9368,1.472,2.057,5.1012,0.069592,2.0779,4.8272,0.064488,2.2797,5.0947,0.065081,2.2138,4.8208,0.063942
2.1194,5.1289,1.7473,2.1062,5.0172,1.7623,2.2523,5.0359,1.5745,1.9939,5.0516,1.5766,2.0298,5.0714,1.7098,2.2859,4.9343,1.4739,1.9755,4.9371,1.472,2.057,5.1012,0.069586,2.0778,4.8272,0.064491,2.2796,5.0947,0.06509,2.2138,4.8209,0.063825
2.1195,5.1292,1.7473,2.1063,5.0175,1.7623,2.2523,5.0361,1.5745,1.994,5.0519,1.5766,2.0298,5.0717,1.7098,2.2859,4.9344,1.4739,1.9756,4.9373,1.472,2.057,5.1013,0.069564,2.0778,4.8272,0.064536,2.2797,5.0947,0.065083,2.2138,4.8209,0.06388
2.1195,5.1295,1.7472,2.1063,5.0177,1.7623,2.2524,5.0363,1.5745,1.994,5.0521,1.5765,2.0299,5.072,1.7097,2.286,4.9345,1.4739,1.9756,4.9375,1.472,2.057,5.1012,0.069573,2.0778,4.8272,0.064507,2.2797,5.0948,0.065089,2.2138,4.821,0.063827
2.1196,5.1298,1.7472,2.1064,5.018,1.7623,2.2524,5.0365,1.5744,1.9941,5.0524,1.5765,2.0299,5.0723,1.7097,2.286,4.9347,1.4739,1.9756,4.9378,1.472,2.057,5.1012,0.069583,2.0779,4.8272,0.06449,2.2797,5.0947,0.065096,2.2138,4.821,0.063778
2.1197,5.1301,1.7471,2.1064,5.0182,1.7623,2.2525,5.0366,1.5744,1.9941,5.0526,1.5765,2.03,5.0726,1.7096,2.286,4.9348,1.4739,1.9756,4.938,1.4719,2.057,5.1012,0.069568,2.0779,4.8271,0.064522,2.2797,5.0947,0.06507,2.2138,4.821,0.063778
2.1198,5.1303,1.7471,2.1064,5.0185,1.7622,2.2525,5.0368,1.5744,1.9942,5.0529,1.5765,2.0301,5.0729,1.7096,2.286,4.9349,1.4739,1.9757,4.9382,1.4719,2.057,5.1012,0.069553,2.0779,4.8272,0.064549,2.2797,5.0947,0.06505,2.2138,4.8211,0.063818
2.1199,5.1305,1.747,2.1065,5.0187,1.7622,2.2526,5.0369,1.5744,1.9943,5.0532,1.5764,2.0301,5.0732,1.7096,2.286,4.935,1.4738,1.9757,4.9384,1.4719,2.057,5.1013,0.069495,2.0779,4.8272,0.064538,2.2797,5.0948,0.06507,2.2138,4.821,0.063788
2.1199,5.1307,1.747,2.1065,5.0189,1.7622,2.2527,5.0371,1.5744,1.9943,5.0534,1.5764,2.0302,5.0734,1.7095,2.2861,4.9352,1.4738,1.9758,4.9386,1.4718,2.057,5.1013,0.069501,2.0779,4.8272,0.064544,2.2797,5.0948,0.065085,2.2138,4.821,0.063825
2.12,5.1309,1.747,2.1066,5.0192,1.7622,2.2527,5.0372,1.5744,1.9944,5.0537,1.5763,2.0302,5.0736,1.7095,2.2861,4.9353,1.4738,1.9758,4.9389,1.4718,2.057,5.1013,0.069491,2.0779,4.8272,0.064551,2.2797,5.0947,0.065058,2.2138,4.821,0.06385
2.1201,5.1311,1.7469,2.1066,5.0193,1.7622,2.2528,5.0374,1.5744,1.9945,5.0539,1.5763,2.0303,5.0738,1.7095,2.2861,4.9354,1.4738,1.9758,4.9391,1.4718,2.057,5.1013,0.069492,2.0779,4.8272,0.064552,2.2797,5.0948,0.065057,2.2138,4.8208,0.063988
2.1202,5.1312,1.747,2.1066,5.0195,1.7621,2.2528,5.0376,1.5744,1.9945,5.054,1.5763,2.0303,5.074,1.7095,2.2862,4.9356,1.4738,1.9758,4.9393,1.4717,2.057,5.1013,0.069464,2.0779,4.8272,0.064536,2.2796,5.0948,0.065076,2.2138,4.821,0.063875
2.1202,5.1314,1.747,2.1067,5.0197,1.7621,2.2529,5.0377,1.5744,1.9946,5.0543,1.5763,2.0304,5.0742,1.7095,2.2862,4.9357,1.4738,1.9759,4.9395,1.4717,2.057,5.1013,0.069463,2.0779,4.8272,0.064574,2.2796,5.0947,0.065044,2.2138,4.821,0.063879
2.1203,5.1315,1.747,2.1067,5.0198,1.7621,2.2529,5.0378,1.5744,1.9946,5.0544,1.5763,2.0305,5.0743,1.7095,2.2862,4.9359,1.4737,1.9759,4.9397,1.4717,2.057,5.1013,0.069445,2.0779,4.8272,0.064616,2.2796,5.0948,0.065065,2.2138,4.821,0.063928
2.1204,5.1317,1.747,2.1068,5.0199,1.7621,2.253,5.0379,1.5744,1.9947,5.0546,1.5763,2.0305,5.0745,1.7095,2.2862,4.936,1.4737,1.9759,4.9399,1.4717,2.057,5.1013,0.069443,2.0779,4.8273,0.06457,2.2797,5.0948,0.06503,2.2138,4.8211,0.063845
2.1206,5.1319,1.747,2.1068,5.0201,1.7621,2.253,5.0381,1.5744,1.9948,5.0548,1.5763,2.0306,5.0747,1.7095,2.2863,4.9361,1.4737,1.9759,4.9401,1.4717,2.057,5.1013,0.069413,2.0779,4.8272,0.064595,2.2797,5.0948,0.065006,2.2138,4.8209,0.064
2.1206,5.132,1.747,2.1069,5.0202,1.7621,2.253,5.0381,1.5743,1.9948,5.055,1.5763,2.0307,5.0748,1.7096,2.2862,4.9362,1.4737,1.9759,4.9404,1.4717,2.057,5.1013,0.069416,2.0779,4.8272,0.064595,2.2796,5.0948,0.064993,2.2138,4.8212,0.064242
2.1208,5.1321,1.7471,2.1069,5.0203,1.7621,2.2531,5.0382,1.5743,1.9949,5.0552,1.5764,2.0308,5.075,1.7096,2.2862,4.9363,1.4737,1.9759,4.9406,1.4717,2.057,5.1013,0.06941,2.0779,4.8272,0.064643,2.2797,5.0948,0.065012,2.2138,4.821,0.063978
2.1209,5.1322,1.7471,2.107,5.0204,1.7621,2.2531,5.0383,1.5743,1.9949,5.0554,1.5764,2.0309,5.0751,1.7096,2.2862,4.9364,1.4737,1.9759,4.9407,1.4717,2.057,5.1014,0.069392,2.0779,4.8273,0.064632,2.2797,5.0948,0.065001,2.2138,4.821,0.064377
2.121,5.1324,1.7471,2.1071,5.0205,1.7621,2.2531,5.0384,1.5743,1.995,5.0555,1.5764,2.031,5.0753,1.7097,2.2862,4.9365,1.4737,1.9759,4.941,1.4717,2.057,5.1013,0.069395,2.0779,4.8272,0.064658,2.2797,5.0948,0.065046,2.2137,4.821,0.064027
2.121,5.1324,1.7471,2.1071,5.0206,1.7621,2.2532,5.0385,1.5743,1.995,5.0557,1.5764,2.031,5.0754,1.7097,2.2862,4.9365,1.4737,1.9759,4.9412,1.4717,2.0568,5.1017,0.069176,2.0779,4.8272,0.064623,2.2797,5.0948,0.06499,2.2137,4.821,0.063982
2.1211,5.1325,1.7471,2.1071,5.0207,1.7621,2.2532,5.0385,1.5743,1.995,5.0558,1.5764,2.0311,5.0755,1.7097,2.2862,4.9366,1.4737,1.9759,4.9413,1.4717,2.057,5.1014,0.069356,2.0779,4.8273,0.064629,2.2797,5.0948,0.065005,2.2137,4.821,0.063985
2.1212,5.1326,1.7471,2.1071,5.0208,1.7621,2.2532,5.0386,1.5743,1.9951,5.056,1.5764,2.0311,5.0756,1.7097,2.2862,4.9367,1.4737,1.9759,4.9415,1.4717,2.057,5.1014,0.069375,2.078,4.8273,0.064628,2.2796,5.0948,0.064983,2.2137,4.8212,0.0643
2.1212,5.1327,1.7471,2.1072,5.0209,1.7621,2.2521,5.0391,1.5745,1.9951,5.0562,1.5764,2.0311,5.0758,1.7097,2.2862,4.9367,1.4737,1.9759,4.9417,1.4717,2.057,5.1014,0.069366,2.0779,4.8273,0.064639,2.2797,5.0948,0.064981,2.2137,4.8211,0.064379
2.1212,5.1328,1.7471,2.1071,5.021,1.7621,2.2532,5.0387,1.5744,1.9951,5.0563,1.5764,2.0312,5.0759,1.7097,2.2862,4.9368,1.4737,1.9759,4.9419,1.4717,2.057,5.1013,0.069381,2.0779,4.8272,0.064699,2.2796,5.0948,0.064988,2.2138,4.8211,0.064387
2.1212,5.1329,1.7471,2.1071,5.021,1.7621,2.2533,5.0387,1.5744,1.9951,5.0564,1.5764,2.0312,5.076,1.7097,2.2862,4.9368,1.4737,1.9759,4.9421,1.4716,2.057,5.1014,0.069383,2.0779,4.8273,0.064643,2.2797,5.0948,0.064999,2.2137,4.821,0.064004
2.1213,5.1329,1.7471,2.1071,5.0211,1.7621,2.2533,5.0387,1.5744,1.9951,5.0566,1.5763,2.0312,5.0761,1.7097,2.2862,4.9369,1.4737,1.9759,4.9423,1.4716,2.057,5.1014,0.069342,2.078,4.8272,0.064676,2.2797,5.0948,0.064998,2.2137,4.821,0.064455
2.1213,5.133,1.7471,2.1071,5.0212,1.7621,2.2533,5.0388,1.5744,1.9952,5.0567,1.5763,2.0312,5.0762,1.7096,2.2862,4.9369,1.4737,1.9759,4.9424,1.4716,2.057,5.1014,0.069348,2.078,4.8273,0.064688,2.2797,5.0948,0.064996,2.2137,4.821,0.064027
2.1213,5.1331,1.7471,2.1071,5.0213,1.762,2.2533,5.0388,1.5744,1.9952,5.0569,1.5763,2.0312,5.0764,1.7096,2.2862,4.9369,1.4737,1.9759,4.9426,1.4716,2.057,5.1014,0.069366,2.078,4.8273,0.064676,2.2796,5.0948,0.064965,2.2137,4.8209,0.064056
2.1214,5.1331,1.7471,2.1071,5.0214,1.762,2.2533,5.0388,1.5744,1.9952,5.057,1.5763,2.0312,5.0765,1.7096,2.2862,4.937,1.4737,1.9759,4.9427,1.4716,2.057,5.1014,0.069365,2.078,4.8273,0.064645,2.2797,5.0948,0.065017,2.2137,4.821,0.064486
2.1214,5.1332,1.7471,2.107,5.0214,1.762,2.2534,5.0389,1.5744,1.9952,5.0571,1.5762,2.0312,5.0766,1.7096,2.2862,4.937,1.4737,1.9759,4.9429,1.4715,2.057,5.1014,0.069343,2.078,4.8273,0.064684,2.2797,5.0948,0.064995,2.2137,4.821,0.064084
2.1214,5.1333,1.7471,2.107,5.0215,1.762,2.2534,5.0389,1.5744,1.9952,5.0572,1.5762,2.0312,5.0766,1.7096,2.2862,4.937,1.4737,1.9759,4.943,1.4715,2.057,5.1014,0.069348,2.078,4.8273,0.064688,2.2797,5.0948,0.064999,2.2137,4.8212,0.064323
2.1214,5.1334,1.7471,2.107,5.0216,1.762,2.2534,5.039,1.5744,1.9952,5.0574,1.5762,2.0312,5.0768,1.7095,2.2862,4.9371,1.4737,1.9759,4.9431,1.4715,2.057,5.1013,0.069354,2.078,4.8273,0.064661,2.2797,5.0948,0.064988,2.2137,4.8209,0.064143
2.1214,5.1334,1.7471,2.107,5.0217,1.762,2.2534,5.039,1.5744,1.9952,5.0574,1.5762,2.0312,5.0769,1.7095,2.2861,4.9371,1.4737,1.9758,4.9432,1.4715,2.057,5.1013,0.069344,2.078,4.8273,0.064636,2.2797,5.0948,0.064979,2.2137,4.821,0.064405
2.1214,5.1335,1.7471,2.107,5.0217,1.762,2.2534,5.0391,1.5744,1.9952,5.0575,1.5762,2.0312,5.0769,1.7095,2.2861,4.9372,1.4737,1.9758,4.9433,1.4715,2.057,5.1013,0.069339,2.078,4.8273,0.064655,2.2797,5.0948,0.065007,2.2137,4.8209,0.064422
2.1214,5.1336,1.7471,2.107,5.0218,1.762,2.2534,5.0391,1.5744,1.9952,5.0575,1.5762,2.0312,5.077,1.7095,2.2861,4.9372,1.4737,1.9758,4.9434,1.4715,2.057,5.1014,0.069358,2.078,4.8273,0.064628,2.2797,5.0948,0.065002,2.2137,4.8211,0.064366
2.1215,5.1336,1.7471,2.1071,5.0219,1.762,2.2534,5.0391,1.5744,1.9952,5.0576,1.5762,2.0312,5.0771,1.7095,2.2861,4.9372,1.4737,1.9758,4.9435,1.4715,2.057,5.1014,0.069325,2.078,4.8273,0.064677,2.2797,5.0948,0.065022,2.2137,4.821,0.064035
2.1215,5.1337,1.7471,2.107,5.0219,1.762,2.2534,5.0392,1.5744,1.9952,5.0577,1.5762,2.0312,5.0771,1.7095,2.2861,4.9373,1.4737,1.9758,4.9435,1.4715,2.057,5.1014,0.069348,2.078,4.8273,0.064661,2.2797,5.0948,0.064985,2.2137,4.8209,0.064494
2.1215,5.1338,1.7471,2.107,5.022,1.762,2.2534,5.0392,1.5744,1.9952,5.0578,1.5762,2.0312,5.0772,1.7095,2.2861,4.9373,1.4737,1.9758,4.9436,1.4715,2.057,5.1014,0.069336,2.0781,4.8273,0.06466,2.2797,5.0948,0.065025,2.2137,4.8209,0.064068
2.1215,5.1338,1.7471,2.107,5.022,1.762,2.2534,5.0393,1.5744,1.9952,5.0578,1.5762,2.0312,5.0773,1.7095,2.2861,4.9374,1.4737,1.9758,4.9437,1.4715,2.057,5.1014,0.06936,2.078,4.8273,0.064667,2.2797,5.0948,0.065036,2.2136,4.8209,0.064016
2.1215,5.1338,1.7471,2.107,5.022,1.762,2.2534,5.0393,1.5744,1.9952,5.0579,1.5762,2.0312,5.0773,1.7095,2.2861,4.9374,1.4738,1.9758,4.9437,1.4715,2.057,5.1013,0.069368,2.078,4.8273,0.064657,2.2797,5.0948,0.064993,2.2137,4.821,0.064401
2.1215,5.1339,1.7471,2.107,5.0221,1.762,2.2534,5.0393,1.5744,1.9952,5.0579,1.5762,2.0312,5.0773,1.7095,2.2861,4.9374,1.4737,1.9758,4.9437,1.4715,2.057,5.1014,0.06934,2.078,4.8272,0.064661,2.2797,5.0948,0.065003,2.2136,4.8209,0.064024
2.1214,5.1339,1.7471,2.107,5.0221,1.762,2.2533,5.0393,1.5744,1.9951,5.0579,1.5762,2.0311,5.0774,1.7095,2.2861,4.9375,1.4738,1.9758,4.9438,1.4715,2.057,5.1014,0.069353,2.078,4.8272,0.064683,2.2797,5.0948,0.065037,2.2136,4.8209,0.064024
2.1214,5.1339,1.7471,2.107,5.0221,1.762,2.2534,5.0394,1.5745,1.9952,5.058,1.5762,2.0311,5.0773,1.7095,2.2861,4.9375,1.4738,1.9758,4.9438,1.4715,2.057,5.1013,0.069351,2.078,4.8273,0.064642,2.2797,5.0948,0.065042,2.2136,4.8209,0.064035
2.1214,5.1339,1.7471,2.1069,5.0221,1.762,2.2534,5.0394,1.5745,1.9951,5.058,1.5761,2.0311,5.0774,1.7095,2.2861,4.9375,1.4737,1.9758,4.9439,1.4715,2.057,5.1014,0.069357,2.078,4.8273,0.064676,2.2797,5.0948,0.065023,2.2136,4.8209,0.063987
2.1214,5.1339,1.7471,2.1069,5.0221,1.762,2.2534,5.0394,1.5745,1.9951,5.058,1.5761,2.031,5.0773,1.7095,2.2861,4.9376,1.4737,1.9758,4.9439,1.4715,2.057,5.1014,0.069351,2.078,4.8273,0.064651,2.2797,5.0948,0.065027,2.2137,4.8209,0.064415
2.1213,5.1339,1.7471,2.1069,5.0221,1.762,2.2533,5.0395,1.5744,1.9951,5.058,1.5761,2.031,5.0774,1.7095,2.2861,4.9376,1.4737,1.9758,4.9439,1.4715,2.057,5.1014,0.06935,2.078,4.8273,0.064626,2.2797,5.0948,0.065034,2.2137,4.821,0.064277
2.1213,5.1339,1.7471,2.1069,5.0221,1.762,2.2534,5.0395,1.5745,1.9951,5.058,1.5761,2.031,5.0773,1.7095,2.2862,4.9376,1.4737,1.9759,4.9439,1.4715,2.057,5.1014,0.069344,2.078,4.8272,0.064652,2.2797,5.0948,0.065044,2.2136,4.8208,0.063999
2.1213,5.1339,1.7471,2.1068,5.0221,1.762,2.2533,5.0395,1.5744,1.9951,5.058,1.5761,2.031,5.0773,1.7095,2.2862,4.9376,1.4737,1.9758,4.9439,1.4715,2.057,5.1014,0.069361,2.078,4.8273,0.064629,2.2797,5.0948,0.065062,2.2136,4.8208,0.064005
2.1213,5.1338,1.7471,2.1069,5.022,1.7619,2.2533,5.0396,1.5744,1.9951,5.0581,1.5761,2.031,5.0773,1.7094,2.2862,4.9376,1.4737,1.9759,4.9439,1.4715,2.057,5.1014,0.069324,2.078,4.8273,0.064646,2.2797,5.0948,0.065068,2.2136,4.8208,0.063964
2.1212,5.1339,1.7471,2.1068,5.022,1.7619,2.2533,5.0396,1.5744,1.9951,5.058,1.5761,2.031,5.0773,1.7095,2.2862,4.9377,1.4736,1.9758,4.9439,1.4715,2.057,5.1014,0.069351,2.0781,4.8273,0.064606,2.2797,5.0948,0.065044,2.2136,4.8209,0.063962
2.1212,5.1338,1.7471,2.1069,5.022,1.7619,2.2534,5.0396,1.5744,1.9951,5.058,1.5761,2.031,5.0773,1.7095,2.2862,4.9377,1.4736,1.9759,4.9439,1.4715,2.057,5.1014,0.069365,2.0781,4.8272,0.06462,2.2797,5.0948,0.065078,2.2136,4.8208,0.063966
2.1212,5.1338,1.7471,2.1069,5.022,1.7619,2.2533,5.0396,1.5744,1.9951,5.058,1.5761,2.031,5.0773,1.7094,2.2862,4.9377,1.4736,1.9758,4.9439,1.4714,2.057,5.1014,0.069376,2.0781,4.8273,0.064608,2.2797,5.0948,0.065081,2.2136,4.8208,0.06399
2.1212,5.1339,1.7471,2.1069,5.022,1.7619,2.2533,5.0396,1.5744,1.9951,5.0579,1.5761,2.031,5.0773,1.7094,2.2862,4.9377,1.4736,1.9759,4.9438,1.4714,2.057,5.1014,0.069363,2.078,4.8273,0.064611,2.2797,5.0948,0.06509,2.2136,4.8208,0.063934
2.1212,5.1339,1.7471,2.1069,5.022,1.7619,2.2533,5.0396,1.5744,1.995,5.0579,1.5761,2.031,5.0773,1.7094,2.2862,4.9377,1.4736,1.9759,4.9438,1.4714,2.057,5.1014,0.069349,2.0781,4.8273,0.064583,2.2797,5.0948,0.065079,2.2136,4.8208,0.06394
2.1212,5.1339,1.7471,2.1069,5.022,1.7619,2.2533,5.0396,1.5744,1.9951,5.0578,1.5761,2.031,5.0772,1.7095,2.2862,4.9378,1.4736,1.9759,4.9437,1.4714,2.057,5.1013,0.069381,2.078,4.8272,0.064589,2.2797,5.0948,0.065092,2.2136,4.8208,0.063934
2.1212,5.1338,1.7471,2.1069,5.022,1.7619,2.2533,5.0396,1.5744,1.995,5.0578,1.5761,2.031,5.0772,1.7095,2.2862,4.9378,1.4736,1.9759,4.9437,1.4715,2.057,5.1014,0.069357,2.078,4.8272,0.064621,2.2797,5.0947,0.065098,2.2136,4.8207,0.064018
2.1212,5.1338,1.7471,2.1069,5.022,1.7619,2.2533,5.0396,1.5744,1.995,5.0578,1.5761,2.031,5.0772,1.7095,2.2862,4.9378,1.4736,1.9759,4.9437,1.4715,2.0569,5.1014,0.069375,2.078,4.8272,0.064632,2.2797,5.0948,0.065086,2.2136,4.8209,0.063853
2.1212,5.1338,1.7471,2.1069,5.022,1.7619,2.2533,5.0396,1.5744,1.995,5.0578,1.5761,2.031,5.0771,1.7095,2.2862,4.9378,1.4736,1.9759,4.9436,1.4714,2.0569,5.1014,0.069381,2.078,4.8272,0.064601,2.2797,5.0947,0.065094,2.2136,4.8207,0.06401
2.1212,5.1337,1.7471,2.107,5.0219,1.7619,2.2533,5.0396,1.5744,1.9951,5.0578,1.5761,2.031,5.0771,1.7095,2.2862,4.9378,1.4736,1.9759,4.9436,1.4715,2.0569,5.1013,0.069396,2.078,4.8272,0.064616,2.2797,5.0947,0.065098,2.2136,4.8208,0.063945
2.1212,5.1337,1.7471,2.1069,5.0219,1.7619,2.2533,5.0396,1.5744,1.995,5.0577,1.5762,2.031,5.0771,1.7095,2.2862,4.9378,1.4736,1.9759,4.9435,1.4714,2.0569,5.1014,0.069363,2.078,4.8272,0.064577,2.2797,5.0947,0.065097,2.2136,4.8208,0.063956
2.1212,5.1336,1.7471,2.1069,5.0218,1.7619,2.2533,5.0396,1.5743,1.995,5.0577,1.5762,2.031,5.077,1.7095,2.2862,4.9378,1.4736,1.9759,4.9435,1.4714,2.0569,5.1013,0.069391,2.078,4.8273,0.064543,2.2797,5.0947,0.065099,2.2136,4.8208,0.063938
2.1212,5.1336,1.7471,2.1069,5.0218,1.7619,2.2533,5.0396,1.5744,1.995,5.0576,1.5762,2.031,5.077,1.7095,2.2862,4.9378,1.4735,1.9759,4.9435,1.4714,2.0569,5.1013,0.069397,2.078,4.8272,0.06456,2.2797,5.0947,0.065125,2.2136,4.8209,0.0643
2.1212,5.1336,1.7471,2.107,5.0217,1.762,2.2533,5.0395,1.5744,1.995,5.0576,1.5762,2.031,5.0769,1.7095,2.2862,4.9378,1.4735,1.9759,4.9435,1.4714,2.0569,5.1014,0.069385,2.078,4.8272,0.064559,2.2797,5.0947,0.06513,2.2136,4.8207,0.063913
2.1212,5.1335,1.7472,2.1069,5.0217,1.7619,2.2533,5.0395,1.5744,1.995,5.0576,1.5762,2.031,5.0769,1.7096,2.2863,4.9378,1.4735,1.9759,4.9434,1.4714,2.0569,5.1013,0.069391,2.078,4.8272,0.064539,2.2797,5.0947,0.065108,2.2136,4.8208,0.063934
2.1212,5.1335,1.7472,2.1069,5.0216,1.7619,2.2533,5.0395,1.5744,1.9951,5.0576,1.5762,2.031,5.0768,1.7096,2.2862,4.9377,1.4735,1.976,4.9434,1.4714,2.0569,5.1013,0.069411,2.078,4.8272,0.064556,2.2797,5.0947,0.06512,2.2136,4.8208,0.06393
2.1212,5.1334,1.7472,2.1069,5.0216,1.7619,2.2533,5.0394,1.5744,1.9951,5.0575,1.5762,2.031,5.0767,1.7096,2.2863,4.9378,1.4735,1.976,4.9434,1.4714,2.0569,5.1014,0.069387,2.078,4.8272,0.064573,2.2797,5.0947,0.065144,2.2136,4.8207,0.063966
2.1212,5.1333,1.7472,2.107,5.0215,1.762,2.2533,5.0394,1.5744,1.995,5.0575,1.5762,2.031,5.0767,1.7096,2.2863,4.9378,1.4735,1.976,4.9433,1.4714,2.0569,5.1013,0.069419,2.078,4.8272,0.064544,2.2797,5.0947,0.065076,2.2136,4.8207,0.064031
2.1212,5.1333,1.7472,2.107,5.0215,1.762,2.2533,5.0394,1.5744,1.9951,5.0574,1.5762,2.0311,5.0766,1.7096,2.2863,4.9378,1.4735,1.976,4.9432,1.4714,2.0569,5.1014,0.069396,2.0781,4.8272,0.064544,2.2797,5.0947,0.065114,2.2136,4.8208,0.063954
2.1212,5.1332,1.7473,2.107,5.0214,1.762,2.2533,5.0393,1.5744,1.9951,5.0573,1.5762,2.0311,5.0766,1.7096,2.2863,4.9377,1.4735,1.976,4.9433,1.4714,2.0569,5.1013,0.069404,2.078,4.8272,0.064555,2.2797,5.0947,0.065122,2.2136,4.8208,0.063914
2.1213,5.1332,1.7473,2.107,5.0214,1.762,2.2533,5.0393,1.5744,1.9951,5.0573,1.5763,2.0311,5.0765,1.7096,2.2863,4.9377,1.4735,1.976,4.9432,1.4714,2.0569,5.1013,0.069429,2.078,4.8271,0.064612,2.2797,5.0947,0.065133,2.2136,4.8207,0.063914
2.1213,5.1331,1.7473,2.107,5.0213,1.762,2.2533,5.0393,1.5744,1.9951,5.0573,1.5763,2.0311,5.0765,1.7096,2.2863,4.9378,1.4735,1.9761,4.9431,1.4714,2.0569,5.1014,0.069414,2.078,4.8272,0.064554,2.2797,5.0947,0.065126,2.2136,4.8208,0.063935
2.1213,5.1331,1.7473,2.107,5.0213,1.762,2.2533,5.0392,1.5744,1.9951,5.0572,1.5763,2.0311,5.0764,1.7097,2.2864,4.9377,1.4735,1.9761,4.9431,1.4714,2.0569,5.1013,0.069403,2.078,4.8272,0.064576,2.2797,5.0947,0.065081,2.2136,4.8209,0.06387
2.1213,5.133,1.7473,2.107,5.0212,1.762,2.2533,5.0392,1.5744,1.9952,5.0572,1.5763,2.0311,5.0764,1.7097,2.2864,4.9377,1.4735,1.9761,4.9431,1.4714,2.0569,5.1014,0.069393,2.0781,4.8272,0.064583,2.2797,5.0947,0.065112,2.2136,4.8208,0.063953
2.1213,5.133,1.7473,2.1071,5.0211,1.762,2.2533,5.0392,1.5744,1.9952,5.0572,1.5763,2.0312,5.0763,1.7097,2.2864,4.9377,1.4735,1.9761,4.943,1.4714,2.0569,5.1014,0.069389,2.078,4.8272,0.064592,2.2797,5.0947,0.065111,2.2136,4.8208,0.063889
2.1213,5.1329,1.7474,2.1071,5.0211,1.762,2.2533,5.0391,1.5744,1.9952,5.0571,1.5763,2.0312,5.0763,1.7097,2.2864,4.9377,1.4735,1.9762,4.9429,1.4714,2.0567,5.1017,0.069201,2.078,4.8272,0.064588,2.2797,5.0947,0.065094,2.2136,4.8207,0.064042
2.1213,5.1329,1.7474,2.1071,5.021,1.762,2.2534,5.0391,1.5744,1.9952,5.057,1.5764,2.0312,5.0762,1.7098,2.2865,4.9377,1.4735,1.9762,4.9429,1.4714,2.0569,5.1014,0.069364,2.078,4.8272,0.064605,2.2797,5.0947,0.065082,2.2136,4.8208,0.063989
2.1213,5.1328,1.7474,2.1071,5.0209,1.762,2.2534,5.039,1.5745,1.9952,5.057,1.5764,2.0313,5.0762,1.7098,2.2865,4.9377,1.4735,1.9762,4.9428,1.4714,2.0569,5.1014,0.069354,2.078,4.8272,0.064571,2.2797,5.0948,0.065116,2.2136,4.8207,0.063995
2.1213,5.1328,1.7474,2.1071,5.0209,1.7621,2.2534,5.039,1.5745,1.9953,5.0569,1.5764,2.0312,5.0761,1.7098,2.2865,4.9377,1.4735,1.9762,4.9428,1.4715,2.0569,5.1014,0.069369,2.0781,4.8273,0.064572,2.2797,5.0948,0.065098,2.2136,4.8208,0.063988
2.1213,5.1327,1.7474,2.1072,5.0208,1.7621,2.2534,5.0389,1.5745,1.9953,5.0568,1.5764,2.0313,5.076,1.7098,2.2866,4.9377,1.4735,1.9763,4.9427,1.4715,2.0569,5.1014,0.06935,2.0781,4.8273,0.064585,2.2797,5.0948,0.065108,2.2136,4.8208,0.063979
2.1214,5.1326,1.7475,2.1072,5.0207,1.7621,2.2535,5.0389,1.5745,1.9954,5.0568,1.5764,2.0313,5.0759,1.7098,2.2866,4.9377,1.4735,1.9763,4.9426,1.4715,2.0569,5.1014,0.069341,2.0781,4.8272,0.06461,2.2797,5.0947,0.065069,2.2136,4.8207,0.064021
2.1214,5.1325,1.7475,2.1072,5.0207,1.7621,2.2535,5.0389,1.5745,1.9954,5.0567,1.5764,2.0314,5.0759,1.7098,2.2867,4.9376,1.4735,1.9764,4.9426,1.4715,2.0569,5.1014,0.06934,2.078,4.8272,0.064636,2.2797,5.0948,0.065087,2.2136,4.8209,0.064324
2.1214,5.1325,1.7475,2.1073,5.0206,1.7621,2.2535,5.0388,1.5745,1.9954,5.0566,1.5764,2.0314,5.0758,1.7098,2.2867,4.9376,1.4735,1.9764,4.9425,1.4715,2.0569,5.1014,0.069311,2.0781,4.8273,0.064597,2.2797,5.0948,0.065113,2.2136,4.8207,0.06404
2.1214,5.1324,1.7475,2.1073,5.0205,1.7621,2.2536,5.0388,1.5745,1.9955,5.0565,1.5764,2.0315,5.0757,1.7099,2.2868,4.9376,1.4735,1.9764,4.9424,1.4715,2.0569,5.1013,0.069356,2.0781,4.8273,0.064611,2.2797,5.0948,0.065104,2.2136,4.8208,0.063946
2.1214,5.1323,1.7475,2.1073,5.0204,1.7622,2.2536,5.0388,1.5745,1.9955,5.0565,1.5765,2.0315,5.0756,1.7099,2.2868,4.9376,1.4735,1.9765,4.9424,1.4715,2.0569,5.1014,0.069326,2.0781,4.8272,0.06461,2.2797,5.0948,0.065115,2.2136,4.8209,0.064387
2.1215,5.1322,1.7475,2.1074,5.0203,1.7621,2.2536,5.0387,1.5745,1.9955,5.0564,1.5765,2.0315,5.0755,1.7099,2.2869,4.9375,1.4735,1.9765,4.9423,1.4715,2.0569,5.1014,0.069339,2.0781,4.8273,0.064576,2.2797,5.0948,0.065098,2.2136,4.8208,0.06401
2.1215,5.1322,1.7476,2.1074,5.0202,1.7622,2.2536,5.0387,1.5745,1.9956,5.0563,1.5765,2.0316,5.0754,1.7099,2.2869,4.9375,1.4735,1.9765,4.9422,1.4715,2.0569,5.1014,0.069346,2.0781,4.8273,0.064604,2.2797,5.0948,0.065102,2.2136,4.8207,0.064068
2.1215,5.1321,1.7476,2.1075,5.0201,1.7622,2.2537,5.0386,1.5745,1.9956,5.0562,1.5765,2.0316,5.0753,1.7099,2.287,4.9374,1.4735,1.9766,4.9422,1.4715,2.0569,5.1014,0.069368,2.0781,4.8273,0.064599,2.2797,5.0948,0.065116,2.2136,4.8207,0.064032
2.1215,5.132,1.7476,2.1075,5.02,1.7622,2.2537,5.0386,1.5745,1.9957,5.0561,1.5765,2.0317,5.0752,1.71,2.2871,4.9374,1.4735,1.9767,4.9421,1.4715,2.0569,5.1014,0.069353,2.0781,4.8273,0.064614,2.2797,5.0948,0.065077,2.2136,4.8208,0.06404
2.1215,5.1319,1.7476,2.1076,5.0199,1.7622,2.2539,5.0385,1.5746,1.9958,5.056,1.5765,2.0317,5.075,1.71,2.2871,4.9373,1.4735,1.9767,4.942,1.4715,2.0569,5.1014,0.069352,2.0781,4.8272,0.064627,2.2797,5.0948,0.065098,2.2136,4.8209,0.064299
2.1216,5.1318,1.7476,2.1077,5.0198,1.7622,2.2539,5.0383,1.5746,1.9958,5.056,1.5765,2.0318,5.0749,1.71,2.2871,4.9373,1.4735,1.9768,4.942,1.4715,2.0569,5.1014,0.069347,2.0781,4.8272,0.064627,2.2797,5.0948,0.065112,2.2136,4.8208,0.064008
2.1216,5.1317,1.7476,2.1077,5.0197,1.7622,2.2539,5.0383,1.5746,1.9959,5.0559,1.5765,2.0318,5.0748,1.71,2.2872,4.9373,1.4734,1.9768,4.9419,1.4715,2.0569,5.1014,0.06934,2.0781,4.8272,0.064655,2.2797,5.0948,0.065123,2.2136,4.8208,0.064033
2.1217,5.1316,1.7476,2.1078,5.0196,1.7622,2.2539,5.0384,1.5746,1.9959,5.0558,1.5765,2.0319,5.0747,1.71,2.2873,4.9372,1.4734,1.9769,4.9418,1.4715,2.0569,5.1014,0.069329,2.0781,4.8272,0.064597,2.2797,5.0948,0.065088,2.2136,4.8207,0.064137
2.1217,5.1315,1.7476,2.1079,5.0195,1.7622,2.2541,5.0382,1.5746,1.996,5.0557,1.5766,2.0319,5.0747,1.71,2.2874,4.9372,1.4734,1.9769,4.9418,1.4715,2.0569,5.1014,0.069338,2.0781,4.8272,0.064651,2.2797,5.0948,0.065101,2.2136,4.8208,0.064044
2.1218,5.1314,1.7477,2.1079,5.0194,1.7622,2.2541,5.038,1.5746,1.9961,5.0556,1.5765,2.032,5.0746,1.71,2.2875,4.9372,1.4734,1.977,4.9417,1.4715,2.0567,5.1017,0.069165,2.0781,4.8273,0.064595,2.2797,5.0948,0.065106,2.2136,4.8208,0.064033
2.1218,5.1313,1.7477,2.108,5.0193,1.7622,2.2542,5.038,1.5747,1.9961,5.0555,1.5766,2.032,5.0744,1.7101,2.2875,4.9372,1.4734,1.9771,4.9416,1.4715,2.0569,5.1014,0.069352,2.0781,4.8272,0.064615,2.2797,5.0948,0.065093,2.2136,4.8207,0.064025
2.1218,5.1312,1.7477,2.108,5.0192,1.7622,2.2542,5.0379,1.5746,1.9961,5.0555,1.5766,2.0321,5.0743,1.7101,2.2876,4.9371,1.4734,1.9771,4.9415,1.4715,2.0569,5.1014,0.069357,2.0781,4.8272,0.064602,2.2797,5.0948,0.065108,2.2135,4.8208,0.063979
2.1219,5.1311,1.7477,2.1081,5.0191,1.7622,2.2542,5.0379,1.5747,1.9962,5.0554,1.5766,2.0321,5.0742,1.7101,2.2877,4.9371,1.4734,1.9772,4.9414,1.4715,2.0569,5.1014,0.069354,2.0781,4.8273,0.064574,2.2797,5.0948,0.065101,2.2135,4.8207,0.063995
2.1219,5.131,1.7477,2.1082,5.019,1.7622,2.2543,5.0377,1.5747,1.9962,5.0553,1.5766,2.0322,5.0741,1.7101,2.2878,4.9371,1.4734,1.9773,4.9413,1.4715,2.0569,5.1014,0.069322,2.0781,4.8273,0.064607,2.2797,5.0948,0.065077,2.2136,4.8208,0.063978
2.122,5.1309,1.7477,2.1083,5.0189,1.7622,2.2544,5.0377,1.5747,1.9963,5.0552,1.5766,2.0322,5.074,1.7101,2.2879,4.9371,1.4734,1.9774,4.9412,1.4715,2.0569,5.1014,0.069364,2.0781,4.8273,0.064566,2.2797,5.0948,0.065094,2.2135,4.8207,0.064001
2.122,5.1308,1.7477,2.1084,5.0188,1.7622,2.2545,5.0376,1.5747,1.9963,5.0551,1.5766,2.0323,5.0739,1.7101,2.288,4.9371,1.4734,1.9774,4.9412,1.4715,2.0569,5.1014,0.069349,2.0781,4.8272,0.064617,2.2797,5.0948,0.065129,2.2136,4.8208,0.063931
2.1221,5.1307,1.7478,2.1085,5.0188,1.7623,2.2545,5.0375,1.5747,1.9964,5.055,1.5767,2.0323,5.0739,1.7101,2.2881,4.9371,1.4734,1.9776,4.9411,1.4715,2.0569,5.1014,0.069338,2.0781,4.8273,0.064534,2.2797,5.0948,0.065091,2.2135,4.8208,0.063991
2.1221,5.1306,1.7478,2.1086,5.0187,1.7623,2.2546,5.0375,1.5747,1.9965,5.055,1.5767,2.0324,5.0737,1.7101,2.2882,4.9371,1.4734,1.9776,4.941,1.4715,2.0569,5.1014,0.069352,2.0781,4.8273,0.06455,2.2797,5.0947,0.065085,2.2135,4.8208,0.063993
2.1222,5.1305,1.7478,2.1086,5.0186,1.7623,2.2547,5.0374,1.5747,1.9965,5.0549,1.5767,2.0325,5.0736,1.7102,2.2883,4.9371,1.4734,1.9777,4.941,1.4715,2.0569,5.1014,0.069359,2.0781,4.8272,0.06458,2.2797,5.0948,0.065094,2.2136,4.8207,0.063994
2.1222,5.1304,1.7478,2.1087,5.0185,1.7623,2.2548,5.0375,1.5747,1.9966,5.0548,1.5767,2.0325,5.0735,1.7102,2.2883,4.937,1.4734,1.9778,4.9409,1.4715,2.0567,5.1016,0.069208,2.0781,4.8272,0.064577,2.2797,5.0948,0.065132,2.2136,4.8208,0.063984
2.1223,5.1304,1.7478,2.1088,5.0184,1.7623,2.2549,5.0374,1.5747,1.9967,5.0547,1.5767,2.0326,5.0735,1.7102,2.2884,4.937,1.4734,1.9779,4.9409,1.4715,2.0569,5.1014,0.06937,2.0781,4.8273,0.064526,2.2797,5.0948,0.065085,2.2136,4.8208,0.063942
